MSE test   MSE train
0.9306957757461738 1.0189784409544267
0.3141156331353014 0.32564919989541513
0.2520573726902757 0.2385228156371803
0.13304762185266084 0.11398159948319925
0.09628638283013109 0.07288013619240574
0.05211616011010093 0.05199279899506948
0.05091195495759635 0.03428327741946958
0.04647075766111945 0.0285376961226455
0.09066391439847295 0.023437185884865656
0.04534721231705299 0.020229632037359547
0.11273248584203659 0.018296826501742428
0.8204667301457558 0.01522162667027622
1.1479508579026159 0.015640608516828396
5.8326797820393645 0.011581523872092688
