MSE test   MSE train
0.9881275016388257 1.0086988715334713
0.2994604810367953 0.29455483165706764
0.21054331276052954 0.21649400165082575
0.1240596414988914 0.0879639112888979
0.06150034707020146 0.04709750063371988
0.027200486431547388 0.02765292136345819
0.019094773259481022 0.014120378305468043
0.009856890138663824 0.0076067613731033955
0.0066148986877830425 0.004569294158065944
0.004205012529675536 0.0029436681898734746
0.005614436778814227 0.001973390256688445
0.0023375987190668566 0.001570436684778304
0.007202439496439178 0.001219716457067433
0.022621584051920923 0.0010153854961883332
