MSE test   MSE train
1.0675427940929583 0.9159375822579108
0.310613321930625 0.3022725307717633
0.25415816775014943 0.1960581483776181
0.1062492032379719 0.09024743586681294
0.060608554719194095 0.04473380195834821
0.04874535710239966 0.02167709716002696
0.06622681850134517 0.009647324990018078
0.06276689306822542 0.0044092509626490195
0.0973708558170649 0.0026880727565313112
0.05298440197970491 0.0013020980120125958
0.44742295956271555 0.0009169780879616514
1.2488375363309576 0.0005443758754117653
60.72506805859698 0.00023437192127312095
456.10467170038976 0.00026944529993854453
