MSE test   MSE train
0.9055103510406932 1.023340656260817
0.36855475050901865 0.38054856621723476
0.3133065889473551 0.2963028667405604
0.20799832154179582 0.1779074349171111
0.18950881230736788 0.1388903437414439
0.13331546632230665 0.11729447535418222
0.13189101298501185 0.09572630704822843
0.1230134705313489 0.09085209923435122
0.2642930803912879 0.0778325753072687
0.15721075822854552 0.0700361246456363
0.39290581062891894 0.0663690509496926
2.6396165958110003 0.05551056275983039
3.7986799165540943 0.05729613999868291
22.66272459576974 0.04251405881718665
