MSE test   MSE train
0.5808791135973896 1.087300309396242
0.31685546570207673 0.31769789921134106
0.4432448568985148 0.16014175859753177
0.12167837172695714 0.08196343711117417
0.1149381365067301 0.03787666056629466
0.19830850265846406 0.01466309102110819
0.09250258029411988 0.005520884090885094
1.9093820029162167 0.0013130122398110889
155.34320626780124 0.0002847471677720607
36.210842359930524 2.4834270914387994e-06
312.8286471693875 1.8122466085960515e-17
111.54529203506668 8.219349021630289e-18
313.39697264891953 7.743395856839896e-18
718.0980630698342 1.922386384353973e-17
