MSE test   MSE train
0.9563994191037194 1.0140573422609054
0.29473334272194796 0.3039747018394424
0.23093551759213984 0.21649501271906996
0.10941484516420567 0.09033625075547055
0.056711058512390736 0.04812612761687855
0.0251140245321421 0.027942252911888052
0.02144217981965062 0.012373153862875973
0.016708107262237964 0.0058747860351870025
0.020561121992670718 0.003632492949926789
0.005524518341088868 0.002308179072373717
0.02328285425056879 0.0012921514158584226
0.1057167591127808 0.0008524731847078745
0.11768227765302108 0.0007611697269918763
0.21252255801650125 0.0005250902811944053
