MSE test   MSE train
0.8812455900428079 1.0062268750740393
0.3347437010744039 0.29930728868885426
0.25490431158583293 0.2167336574334508
0.11507511099511918 0.09212656326360989
0.06777867762476444 0.04725164729791759
0.039520899704087536 0.025215113270166786
0.02343237698911055 0.012559914646514417
0.01736368397252832 0.006578721043519672
0.005356363841950431 0.004073633190924516
0.023798865120259204 0.0021200268479527403
0.05692367819529713 0.0013469457120918354
0.007546235897202236 0.0010312724208736703
0.14732223488269622 0.000786597509807015
0.007587676065979496 0.0006100550895025171
