MSE test   MSE train
1.0035365345112583 0.999607051720971
0.30819970639848765 0.3038087796448219
0.22553574929797993 0.21921862109103424
0.09998236220709865 0.09525157158249511
0.054795337239743655 0.04964548447525979
0.03421332207617083 0.027519124056360318
0.018260543457094748 0.014022642477501072
0.01034313760816471 0.007318611752362926
0.007290182934709223 0.00459796575664148
0.007978986052683813 0.0026734941626399794
0.005963729267099387 0.0018023485533177046
0.0041584403526393485 0.0013351733758234742
0.0033761386688247255 0.0010369500861150728
0.006496565039619216 0.0008573575706438694
0.014316764145690043 0.0007693502801061809
0.019787135108743564 0.0006499055006758192
0.02055028028309766 0.0005616596865352393
0.14606139635845894 0.000530635536535788
0.5856915732310626 0.0005017049817206628
