MSE test   MSE train
1.0068420089999888 0.9995438660666671
0.3088679699515967 0.3039408589230822
0.22502721359872022 0.21950696117181284
0.10132337248124812 0.09535250659324096
0.056987063387506434 0.049704614232251004
0.0333491014890059 0.027809732938769382
0.018591968033577107 0.014149604044871195
0.010429611604333063 0.007411222420595963
0.007951845954219348 0.004639292724457405
0.005306942113380917 0.002765906685118624
0.004724602188932647 0.0018621705268717166
0.004574371511635112 0.0013696001111323016
0.0033663216432830833 0.0010736547197531569
0.0033698029762578817 0.0008914582136709806
0.008363086881894603 0.000810812125866369
0.004503887514139697 0.0006970951055382072
0.019830331741774516 0.0006111179519479956
0.14616797922771693 0.0005756042709573281
0.2820680722661962 0.0005363006742796693
