MSE test   MSE train
1.0035365222316668 0.9996070517209749
0.30819967967086465 0.30380877965163594
0.2255356804389586 0.2192186211006136
0.09998242935197478 0.09525157181666892
0.05479470916509764 0.04964548486690441
0.0342128825780055 0.02751912645064512
0.018258750033946926 0.014022652756676851
0.010336296012951728 0.007318631567022613
0.007288099632623404 0.004598111876219846
0.007855591415069443 0.0026739093919260705
0.005668330474745967 0.0018045221174325242
0.00411857164014579 0.0013417644422259645
0.0027106376530037085 0.0010684394444667841
0.004079309439646682 0.000934336735452226
0.009092006796765566 0.0008982817599556949
0.010218799897467778 0.0008094217066927252
0.012458241896874486 0.0007377313456637494
0.016998221216361045 0.0007140337105108693
0.042364994687384895 0.0006655760584812268
0.4255362370565205 0.0006158812288938048
2.508496304775915 0.0005670023016109634
