MSE test   MSE train
0.9306955892679516 1.01897844095736
0.31411226562579764 0.3256492005845027
0.2520567266789123 0.23852281666192465
0.1330209219718849 0.11398162505808555
0.09629535081177334 0.07288017350936696
0.05207376943705614 0.051993068499125245
0.0507619860182547 0.034284578644146795
0.045708551988133804 0.028540397150113986
0.08704893906398586 0.02345388049470795
0.04428786091295391 0.020299909580666776
0.08130644588921662 0.018697386898230358
0.2584286292229571 0.016146156972603676
0.2687761812740345 0.017028559135877776
0.6994599881884295 0.013925711440665964
