MSE test   MSE train
0.9055101555632978 1.023340656263804
0.3685529908865528 0.3805485668410647
0.3133060919168293 0.29630286773923215
0.20798044072850058 0.17790745803693764
0.1895231070293557 0.13889037621751943
0.13328484951216352 0.11729472125511407
0.13166533449854917 0.09572764192124068
0.1217449939819198 0.09085539475204168
0.2539682798334364 0.07785490001257968
0.15404694183026996 0.07017050382818792
0.2822717712717414 0.06735153139366754
0.8752012001735009 0.05804602972057315
0.9375156299844563 0.06144599242871071
2.338276897318884 0.05033958151464869
