MSE test   MSE train
0.580874171214161 1.0873003096303888
0.31683618324852614 0.31769791090506777
0.4432925047774841 0.16014177744774152
0.12134535566468843 0.08196405186282676
0.1148541552499123 0.03787771331504828
0.19473717957327893 0.01467148347713745
0.08759522284515184 0.005572166629439622
0.3099335497335843 0.0015747367002947315
0.6942905473760724 0.0008532734014871756
4.92471512793493 0.00048454326465777414
24.28947867715163 0.0004147040696029714
19.285692970199896 0.00034684844373577704
78.6307539376015 0.00032530657754435444
220.38272374810836 0.0001802315777486022
