MSE test   MSE train
1.0035242969453635 0.9996070555344849
0.30817993943923405 0.30381555120456283
0.22547748878352553 0.21922809834975757
0.100280623258946 0.09547309568855047
0.0546039599056866 0.05000657696368101
0.03568888861381276 0.029197935210982906
0.02278283517091313 0.01875267496777141
0.016264271062813203 0.013368500573093745
0.014756948889650835 0.011730246591025428
0.017375896523079908 0.010682355887472555
0.02048816170066104 0.009656764718812398
0.015003720793648364 0.008770177106181373
0.013804800356470429 0.007790014266960817
0.01850307964937638 0.007528465747680763
0.02845929317554054 0.007498372930227375
0.028651630833474134 0.0072309135023802765
0.04587056085637094 0.006827581970038815
0.05306352617131725 0.006621569611795533
0.07677443629599713 0.0062255871838841625
0.341505255434801 0.006216877467030682
0.33366227004774746 0.006143974669262798
