MSE test   MSE train
1.0035364117191423 0.9996070517213547
0.3081994397532387 0.30380878032618563
0.22553506167301518 0.21921862204887863
0.09998305567167524 0.09525159498799915
0.05478909916511623 0.049645523610097025
0.03420917380830943 0.027519362632663146
0.01824383242509966 0.014023660911639813
0.010278328706141513 0.007320559781777888
0.007287386324795903 0.004611299845298777
0.007023232700310991 0.002708852384066248
0.004136079520134749 0.0019199124477044434
0.004425556307301068 0.0015764713726542415
0.007043814694647478 0.0014284996932055305
0.012876429210053348 0.0013326733776557432
0.006177277520144976 0.0012313847624085804
0.004677634621505413 0.0011249005605415913
0.010359552470980126 0.0010810015025412188
0.029696659792497714 0.0010126259561098634
0.04204357080235563 0.0009524089345365058
0.15074722601010712 0.000914284953924021
0.5209465638918076 0.0008751388177424593
