MSE test   MSE train
1.0034178201092376 0.9996074125550196
0.30859157616160665 0.30444941035276585
0.22581493369230526 0.22008502933983282
0.11546189554453143 0.10952123320400001
0.0731748374871446 0.07005115147228935
0.06709328567682696 0.06039285443735596
0.06594635566713222 0.05982787919470326
0.05907943414185758 0.05059148960339851
0.05164338229396522 0.04457810349374326
0.04700993248332926 0.039933280291288877
0.04605607150641912 0.03801749651487275
0.051269112403008334 0.037949055389094356
0.07289444847621794 0.03733478166412756
0.07762199810958031 0.034932071564449094
0.053371069320473606 0.03332822202810885
0.06519911483485233 0.03201609708725456
0.07959421617727418 0.03125542888599122
0.14672490096140323 0.03155720273975991
0.2786337039875648 0.031083411036482024
0.3967585473740096 0.030793804571064877
0.5130618320812594 0.03016487019000802
