MSE test   MSE train
1.0026232193502507 0.9996293277005078
0.3462315847036256 0.34332027204047966
0.27097763226301413 0.26656879130364597
0.2735593531438576 0.26256936299232775
0.2563176345742222 0.2491839585771376
0.20238680574107043 0.19744052469954448
0.1898099474288783 0.18468034939144634
0.18643625414665693 0.17603073018356513
0.19091601423236884 0.17409884833246997
0.19231641483570278 0.1709118006245177
0.18989898628217272 0.16758691885250357
0.16776805735234082 0.15276369225758007
0.16267406074938556 0.1489132446460743
0.18305776159236364 0.14677602117013064
0.20979983662507035 0.14548334496472526
0.2119510756632624 0.14566988266446604
0.25498203329920716 0.14379342292427916
0.28988050890433836 0.13907329534170307
0.21250630644919516 0.13742345763816616
0.23823474084084734 0.13504725035701606
0.29607015537561737 0.13412636221287694
