MSE test   MSE train
1.003535306969855 0.9996070517593209
0.30819710300496467 0.30380884774277545
0.22552896946769208 0.21921871678236754
0.0999914860266344 0.09525390030402087
0.0547371880551669 0.04964936855885884
0.03419555303736379 0.02754215558519873
0.018204213190429332 0.014115768154650613
0.0099989667734733 0.0074849277732574795
0.008008600095258939 0.005263384009600192
0.006932178544550399 0.003927038549903345
0.006693494677950569 0.0033190509849981495
0.005551733349978295 0.0030178401089906
0.010947342655143796 0.0027821290614493386
0.021137273319170525 0.0025664304688649414
0.01428553062437895 0.002352115313510714
0.011790013034547237 0.002221254487757945
0.014766807482176441 0.002128078135027848
0.028504445185215766 0.0020375616928508928
0.13232701530524194 0.0019952805104893447
0.36783092526331457 0.0018974253357567192
0.5263653271003195 0.0017993658174104078
