MSE test   MSE train
0.9881274629415501 1.0086988715337508
0.2994608205942878 0.2945548317910269
0.2105444851880969 0.21649400181665343
0.1240615207514124 0.08796391571094932
0.061501187001120006 0.04709750818734186
0.02718585411128477 0.027652967792601072
0.01905476066582083 0.014120576244720106
0.009873299093160445 0.007607119725709614
0.006664397878708527 0.004571261029578175
0.004209265872191685 0.002950537827542636
0.004337828735359168 0.001998126352294401
0.0022566533613381044 0.0016449823419677249
0.004333327156713169 0.0014114771366267479
0.034126414373429476 0.00129269558185091
