MSE test   MSE train
0.9392058887380681 1.0127643443020846
0.37649075316699754 0.3815701876275496
0.2455082824616977 0.3113839874773132
0.17838681179854932 0.19071168021880877
0.1932949465295126 0.13992096596453527
0.15587221458441083 0.13576746689340202
0.15509939577645965 0.1442426137588036
0.133126711144331 0.1386704813810447
0.1713925779523592 0.1212988119644882
0.18566480323891654 0.12523604000447403
0.14702623211876203 0.12203255969112636
0.18344722669523678 0.11759354843219676
0.4178596656140587 0.11517951229499435
0.3246276403539782 0.11004996120305202
