MSE test   MSE train
0.949902323949698 1.0126168084133178
0.3289946899276499 0.2965070170937275
0.16801471542167123 0.23276525359765593
0.10519365769169324 0.09623573811457878
0.0624573488736353 0.055394957312715015
0.05474603219992118 0.04653827842496491
0.04819027862966898 0.05203925089278813
0.05038990986349325 0.047200417161021926
0.0386681050817778 0.042466351440624266
0.08943003689179384 0.04067313601177852
0.058115993374650524 0.03651923057211652
0.04184448060113169 0.036610616112391706
0.1354223785833856 0.03543727319609062
0.10488725978945934 0.033308793324643045
