MSE test   MSE train
0.9508402373174618 1.011506518136196
0.33723851432298535 0.32133634395152727
0.1908046507964519 0.2533832548708758
0.11733314222170241 0.12318097390488048
0.097340409969832 0.07817356659996008
0.08051203083658609 0.0703177708613928
0.07636578972742024 0.07766993332015754
0.0682152222151218 0.07336173302685149
0.07426382850110884 0.06288918329075699
0.1124051548940315 0.06371537836533891
0.08097179260992098 0.05885800788020066
0.07816706078941273 0.05775096518223991
0.21637209996606893 0.05731688629089885
0.15230454172558533 0.05379863626213617
