MSE test   MSE train
1.0047861177601523 0.9994490655755472
0.30960494485865786 0.3036458589801095
0.22671846326941075 0.21908668230568445
0.09888383470174895 0.0954191520070387
0.05427981237336177 0.049752466303956557
0.03692112369292484 0.027793028963518755
0.019342054412704535 0.01583496570032528
0.012171930992912033 0.010167403887013645
0.011104039944516891 0.009404480166131397
0.015869650308407403 0.009298837549391554
0.013644469308787266 0.008909749264335094
0.013033289108520696 0.008117990660709066
0.019804979463271432 0.007953771244025945
0.015068470958931837 0.007574723158345571
0.021114740278678802 0.007369243185635479
0.015403999397274987 0.007268197301734287
0.020258375913858796 0.007115061387702232
0.03213033412245924 0.007051583818897525
0.0451716990535998 0.007108476811424592
0.03991002134924022 0.006893674676007311
0.1424806181889831 0.00650676085044771
