MSE test   MSE train
0.9999999999999998 0.9999999999999997
0.9999999999999997 0.9999999999999997
0.9999999999999998 0.9999999999999997
0.9999999999999998 0.9999999999999998
0.9999999999999998 0.9999999999999997
0.9999999999999998 0.9999999999999997
0.9999999999999998 0.9999999999999997
0.9999999999999997 0.9999999999999998
0.9999999999999997 0.9999999999999997
0.9999999999999998 0.9999999999999997
0.9999999999999997 0.9999999999999997
0.9999999999999997 0.9999999999999997
0.9999999999999997 0.9999999999999997
0.9999999999999998 0.9999999999999998
0.9999999999999997 0.9999999999999998
0.9529346223572581 0.9423177253273067
0.945532433794235 0.9407357632465343
0.8797109529786823 0.8686945998931117
0.8610855849899227 0.8491124348347014
0.8462142471920189 0.8345948481926669
0.8405769653334435 0.8276138716719993
