MSE test   MSE train
0.9999999999999998 0.9999999999999997
0.9999999999999997 0.9999999999999997
0.9999999999999998 0.9999999999999997
0.9970172101712913 0.9956377410539599
0.9974375297227797 0.995720878741991
0.8333283395791812 0.8149638258791387
0.8244614611635 0.8154658557734799
0.7687512077249743 0.759116692546298
0.7366965427497656 0.7308058690550103
0.7650218645496132 0.7404271702741252
0.748090666260647 0.7357041878389987
0.7653125292612021 0.7431951552318414
0.7780011048185841 0.7425825764728357
0.7458444030698963 0.7270973434801775
0.7695683225794159 0.7268180936511486
0.701743942112229 0.6727103738427557
0.6817668141872846 0.6714463881779592
0.6848845000440092 0.6428242938275203
0.6784932824526229 0.6371358190843908
0.7529816757849733 0.6369677186772225
0.7663742975921448 0.6310608351889591
