MSE test   MSE train
0.9999999999999998 0.9999999999999997
0.9999999999999997 0.9999999999999997
0.9999999999999998 0.9999999999999997
0.9999999999999998 0.9999999999999998
0.9999999999999998 0.9999999999999997
0.9999999999999998 0.9999999999999997
0.9999999999999998 0.9999999999999997
0.9999999999999997 0.9999999999999998
0.9999999999999997 0.9999999999999997
0.9999999999999998 0.9999999999999997
0.9999999999999997 0.9999999999999997
0.8847186259563695 0.8798172329098023
0.87988709313904 0.8702830868677681
0.832315210462258 0.821579106419304
0.809079955110431 0.8027232030038641
0.825873746408637 0.804103552329915
0.818674803594373 0.8019308189836686
0.8254087273850192 0.7994307140537479
0.8307542258201701 0.7980019610559907
0.8101626853003168 0.7956967957533962
0.8320291732419565 0.7952013815055212
