MSE test   MSE train
1.0032705683899168 0.9995209975686805
0.3087109992850907 0.3039343371137236
0.2270304850379578 0.22004621902071375
0.10348421253335519 0.0995515637916986
0.0627407076025681 0.059170260085585416
0.05433709628637273 0.048992716670687185
0.056462646646212325 0.05214773944727168
0.05524062461669969 0.048437105672743494
0.04862479159265952 0.04352641994794404
0.053343959120791054 0.0424700220527139
0.0446332061626235 0.03875484394105723
0.04051029429518472 0.03579379272351317
0.053149409190011584 0.03546142528254998
0.04470178742207335 0.03511370075075514
0.06388534937223754 0.03570695365274454
0.05001725663026535 0.0357052101668957
0.056000239922577424 0.0350647475105002
0.05181939617125172 0.03419521233817847
0.08959310271202124 0.032065283893012345
0.04780226254302898 0.03172329160881985
0.05567809807089117 0.03130769108196855
