MSE test   MSE train
0.9999999999999998 0.9999999999999997
0.32788202153040924 0.3238435488542585
0.2732320566005918 0.2691152758560013
0.2664469324605026 0.25868715296869293
0.2654102578755861 0.2555581237145246
0.21975133018602183 0.21333166416254165
0.2234479002077502 0.21452241609722625
0.21869532436101533 0.2084628407922406
0.21533516143418252 0.20790319410625013
0.21563049538934762 0.20773074045739803
0.21574958647958598 0.20368105561649177
0.2226185865387372 0.20709875994940913
0.22770570541020047 0.20555462128767016
0.22730407783504347 0.206773882519183
0.23688809221502466 0.2055780156540962
0.24045223726307471 0.20234695716152262
0.25512033061880224 0.2019556280081413
0.24249796329241344 0.2003662243522819
0.24467898447559616 0.19752011174859188
0.2420058866841059 0.19746665284313555
0.2222804350925124 0.19473900413194367
