MSE test   MSE train
0.8634284263503513 1.0142616508863018
0.33114712341114827 0.3123742071687367
0.18383193435179893 0.22593791311762718
0.08523649508041461 0.08776307013302775
0.058434824492357186 0.05091717726828129
0.08003562887000232 0.045449860176313
0.14359121688495163 0.043407187078564204
0.16023622799784124 0.04281207320263522
0.14525095306141064 0.03584706323882364
2.3202487547109234 0.03143659875327556
0.17757790819336006 0.03612412965403583
2.494142553620938 0.028729644853657078
0.4688039282439874 0.03042349128283445
0.7959528987070617 0.026449274893286513
