MSE test   MSE train
0.8641323718994174 1.035251022516222
0.3360000126826423 0.2860347320279368
0.20030128582094456 0.22023172474677022
0.10926780791871575 0.09745988811066252
0.053930133834316524 0.060874582239089516
0.043854018130969834 0.04751066178254711
0.06791330251639245 0.048627806425004014
0.056345309164042845 0.04481538278594293
0.05670550142158849 0.041605529539816215
0.05176999306532346 0.04151933197003348
0.045146858406629915 0.03845162646883755
0.040100881856791365 0.03643201185444796
0.03695914257366027 0.03549335651940431
0.04054891209536838 0.033911102070926326
