Predicted value
-0.6014392845511485
-0.49375378971040496
-0.49831360658015367
-0.5196084265396572
-0.5232240144416118
-0.5009345895370556
-0.4529867056900446
-0.3806401016335451
-0.2841756441905905
-0.163306550339396
-0.01822608112639379
0.14957105013016958
0.3369821510934145
0.5394744997902383
0.751578598061684
0.9675019183458471
1.181701538178509
1.3893070476817577
1.5863342867119146
1.7696661366830706
1.9368001267385218
2.085382650860409
2.2125777502725192
2.314364933789353
2.3849302292937784
2.416403769359475
2.399291171462544
2.3240190360892923
2.184031662579008
1.9807955247468854
1.7308503079108886
1.4746618757759455
1.2864800788422148
1.2837226476622412
1.6337009956592103
2.5549731667773803
-1.0682436806315743
-0.8749408460658977
-0.774848827328477
-0.685250061623625
-0.5795506695138094
-0.45458608716480897
-0.31401702115542623
-0.1613836144615423
0.0016608204983646346
0.17482175004552114
0.3580171867041774
0.5504400386651236
0.7501126099008517
0.9539127370130887
1.1579171237005543
1.3578810242180417
1.5497033858433946
1.7297758206416847
1.8951597649892524
2.043569477363361
2.173160168442207
2.282138478934037
2.36823743698155
2.4281392838628584
2.4569913100471004
2.44823800770547
2.3940732257947337
2.286874044108653
2.1219805897579413
1.9020954306085995
1.6433575969023009
1.3827778396118795
1.1862086647308265
1.1554155065989424
1.4322326626485071
2.1974435711852696
-1.3146089685079054
-1.0844742863818042
-0.9292314990278233
-0.7772587582110244
-0.608466137890945
-0.42376399421176597
-0.22953179958663056
-0.03115013214905249
0.1685752234804508
0.36880484424473653
0.5694580069060864
0.7701954822072727
0.9698700245167811
1.1664327079718846
1.3571543990893915
1.5389947424426662
1.7089779965550689
1.8644807876277554
2.003379806232679
2.1240385140818874
2.225131819089303
2.3053236838081634
2.3628346261372664
2.39497255806991
2.3977549075459264
2.3658181588346916
2.2928790003698025
2.1730557929248366
2.0033490779895176
1.7874811716914036
1.5410774778946166
1.297820632013082
1.1157365457206365
1.0822398273298872
1.3161062002620667
1.964380987648651
-1.395038600529273
-1.1598327913105135
-0.9826396276803809
-0.8014603486991257
-0.601558676286438
-0.3870467633058306
-0.1663941187985018
0.053591166626088094
0.2691763659764586
0.4790449278612823
0.6830580535372752
0.8811887008154378
1.0728977093728733
1.2569476877486894
1.4315267042567916
1.5945266588920033
1.743845415463983
1.8776241696270484
1.994371603914377
2.092955293542028
2.1724590945117774
2.231919522695069
2.2699734970411067
2.284481991162279
2.2722420444303233
2.2289587042049326
2.149705361008273
2.0301333728672577
1.868671017399567
1.669846834918916
1.4486580100793058
1.2355715461871144
1.081316357257665
1.0601691835672993
1.270100150663596
1.828169287551626
-1.3576272004829482
-1.1366423711886253
-0.9586416844281965
-0.7699858740561724
-0.5603001267222956
-0.3361366740319957
-0.10749632523744454
0.1177637699127432
0.33520444628533985
0.5431182208396156
0.7412850944527359
0.9298832867845659
1.108815926250657
1.2774557021769897
1.4346913260187988
1.5791324684477628
1.7093515136313737
1.8240797249946583
1.9223127547372285
2.003307328206792
2.0664676987329513
2.1111331854924154
2.1362951113586566
2.1402997320504062
2.120635675143786
2.0739552969280184
1.9965261716401579
1.8853305846459762
1.7400006863479396
1.5656673184458343
1.376590746600181
1.2001287641608962
1.0802115532681331
1.0791143604058835
1.2761042832127585
1.761745215519418
-1.2428446385106575
-1.0464596479876072
-0.8800591421446202
-0.6972919701679847
-0.49130079359488926
-0.27042349036310004
-0.045704107919150166
0.17429057528557676
0.3846228594973371
0.5832891377880456
0.7699899219414179
0.9450382061668927
1.108657481453927
1.2606767072768132
1.400516975703276
1.5273376293694891
1.6402289632365066
1.7383749347527808
1.8211440482234742
1.8880915746817
1.938871641425134
1.9730690373704076
1.9899754713613438
1.988359783947054
1.9663181272354968
1.9213335628373553
1.850712250956049
1.7525754958086015
1.6275487258782215
1.4811756563172973
1.3268822093337374
1.1890234144538108
1.105204885568909
1.1267692766586839
1.316244935878717
1.7409418413684388
-1.0833114133211221
-0.915731884921171
-0.7671758827092133
-0.597683520993491
-0.403207851210541
-0.19331937288684012
0.02031340101905063
0.22871221088433769
0.42663099651666847
0.611866153898462
0.7840564327269565
0.9436057699269642
1.0909697184052187
1.2263170673867565
1.349471393921841
1.4600107237935531
1.5574207546174865
1.6412306100948173
1.7110923754476
1.7667888619581382
1.8081681334774566
1.8350133765785694
1.8468696990703828
1.8428710483896538
1.8216420649716474
1.7813863856014016
1.7203024757761
1.637471714850439
1.5343185678206235
1.4166280037533534
1.2969090567553907
1.1966245832967008
1.1475107750619702
1.190985911218247
1.3746751886855046
1.7456439741746315
-0.904209284213156
-0.7655485488160455
-0.6368824486605604
-0.48390199070490447
-0.30478828956380477
-0.10988571704587835
0.08886518222645376
0.28233107152367476
0.4651268101496112
0.6349410158469087
0.7913777082522033
0.9349069118339123
1.0661533737336724
1.185538331203388
1.2931882234621108
1.3889982835802774
1.4727543292655927
1.544246983155324
1.6033425069398692
1.6499959351312803
1.6842050876167756
1.705912955042204
1.714877271715182
1.7105448658136515
1.6919955910265534
1.6580512711651436
1.6076673470130967
1.5407211392416564
1.4592602056948671
1.3691589642315434
1.2819440377862286
1.2163033581280354
1.1985431616499012
1.2611097930139743
1.4384398016605546
1.7601421736945486
-0.7240643019391392
-0.6118962472051592
-0.502443728007676
-0.36644673854887894
-0.2038443023027631
-0.0253822269723534
0.15701709745213271
0.3342808356985344
0.5010315379532956
0.6549347911527741
0.7955912344849363
0.9235251581326522
1.0394865816817338
1.1440841940019153
1.2376713909821095
1.3203824643684396
1.3922296797853568
1.4532004576882276
1.5033216262103293
1.5426776168335259
1.5713812649245773
1.5895037757710302
1.5969802419167083
1.593523338107916
1.5786010674899043
1.5515595981649566
1.5119879653177069
1.460411159925291
1.399343195957078
1.3346168893971502
1.276728908032466
1.2417173848571614
1.2508843312987616
1.3286042282896233
1.497724365487472
1.7729746161113211
-0.5557132335915529
-0.46620616279476584
-0.37365911322371664
-0.2533799905607721
-0.1066950651527018
0.05554298270849159
0.22166273207808684
0.3828285430681073
0.5337945049298135
0.6722782071937701
0.7979089806210223
0.9112620685134571
1.0131827066670005
1.104419110762841
1.1854941721601464
1.256721413887058
1.3182829280164454
1.3703132177803887
1.4129585494312484
1.4463998140782852
1.4708376716015001
1.4864457377521827
1.493306074753465
1.4913552227307938
1.4803886951022769
1.4601921256009156
1.4308771893213261
1.393484547359595
1.3508575936183118
1.3086773328100054
1.2763809305916152
1.2674899274681781
1.298714956372025
1.387208580783003
1.5457178373898963
1.776468561445449
-0.4073220962150751
-0.3360438811799027
-0.2572477662725061
-0.15043232346856206
-0.018027405911928723
0.12923275089200167
0.2801085017883366
0.4261418776680417
0.5623199210986439
0.6864763315116573
0.7982994410940326
0.898417267939664
0.987750144015431
1.0671507655158914
1.1372682917675592
1.1985499454125692
1.2513043935729782
1.295775275034626
1.3321969676564516
1.3608216675628513
1.3819166813094197
1.3957370082846077
1.4024856171549507
1.40228578041042
1.395206326297388
1.3813965453611896
1.3613922815829858
1.336634029756198
1.31017670446318
1.2874595507878142
1.2768479739843337
1.2894876342637795
1.3378977772259404
1.4328102432626997
1.5782542480574016
1.7661322380880011
-0.2833699147128267
-0.22583861428999882
-0.15734122255460722
-0.06127740845951332
0.05902814452961652
0.19312429710581344
0.33033758934106766
0.46269512469560425
0.5854970257369103
0.6967458575836621
0.7962158896265138
0.8845924157690139
0.9628576842145007
1.031943427438606
1.0925927426081934
1.1453521006551814
1.1906239097475066
1.228732178127197
1.2599757151980526
1.2846589543974587
1.303099440241934
1.3156164723931774
1.3225116917124666
1.3240625607264973
1.3205633341776941
1.312460077064617
1.300626540418049
1.2868028715681874
1.2741560606478008
1.2678128202396872
1.2750705759756573
1.3048461813034118
1.3658540632728229
1.4631585308393151
1.593349981238812
1.7400007464527736
-0.18554432596780768
-0.13758471704010308
-0.0760036617785034
0.012115123261622923
0.12269747109454363
0.24568767096884786
0.3710721213390123
0.4914407487918997
0.6024671946461665
0.7023644521233393
0.7910153509361852
0.8691679133325064
0.9378578170208525
0.998077455802113
1.0506398099698848
1.0961646774127485
1.1351234373388515
1.167898816386165
1.1948362989654007
1.2162782172861881
1.2325797109356378
1.2441105494339972
1.2512521931555112
1.2544080454413435
1.2540559483038494
1.250880448833867
1.246018624368663
1.241424937577455
1.2402962803771211
1.247393783882327
1.268965081525399
1.3118501172994839
1.3813306781861705
1.4775090679022438
1.5907151503365071
1.6980036185554834
-0.11352034238950884
-0.07147518641102082
-0.013728898372567244
0.06910933441718892
0.17230859944192722
0.28627659812523404
0.4017180813085516
0.5118374358297617
0.6127244593270059
0.7028335166586482
0.7821738775546082
0.8515615347378459
0.9120801496452219
0.9647695368141739
1.0104947376366025
1.049929477485578
1.083595537445054
1.111918187034271
1.1352763842305844
1.1540396699627744
1.1685910958460268
1.1793397513798358
1.1867310399912652
1.1912700238095593
1.1935819929913198
1.1945397936794637
1.1954802150368462
1.1985005126286854
1.20676119722139
1.2246207946353684
1.2573078597761085
1.3097403676088302
1.3841240485451392
1.4762571644444065
1.5712890814543656
1.641394832849034
-0.0656112355635215
-0.026446318970743676
0.030115678282584407
0.11005307000139834
0.20802832398960827
0.3149436755003789
0.42225087674377687
0.5237978238899661
0.6161173477492368
0.6979263642715061
0.7693736605683753
0.8313475021055239
0.8849759429271014
0.9313366531007164
0.9713335688553463
1.005679896209165
1.0349339850333195
1.0595516556485034
1.0799356137244087
1.0964747125331875
1.1095725476593423
1.1196685841502603
1.1272588999100197
1.132929557538795
1.137422442840591
1.1417560445346462
1.1474133712512324
1.1565755889348315
1.1723149033948252
1.1985643907720795
1.2395747521398999
1.2984980784216207
1.3748037268726399
1.4605963325675582
1.536828929602835
1.5722665659942998
-0.03929260126818909
-0.0006264068601098127
0.05691280704742184
0.13596987120750736
0.2306172848919149
0.3322530044971359
0.4330796100540218
0.527598382701408
0.6127983916511915
0.6876715454331369
0.7525146261774845
0.8082911281468776
0.8561709349397191
0.8972625980393777
0.9324992323756975
0.9626228137200303
0.9882180204385166
1.0097624039130382
1.0276753216303032
1.042359164782608
1.054232506012414
1.0637580521530343
1.0714715598287352
1.0780227060465146
1.0842439513202393
1.0912636481084423
1.1006667294292245
1.1146707693967874
1.136220493786345
1.1688129549234945
1.21577067934062
1.278635189980056
1.3544609601248934
1.4322219099888733
1.4895654537195995
1.49315423592197
-0.031608474882633186
0.008309448940992337
0.0684908200994415
0.14830246517245854
0.24121833758800576
0.33910968733071567
0.4349135743597137
0.5237785975773273
0.6031516550928473
0.6723044631820803
0.7316860527339469
0.7823365848485022
0.8254656839867234
0.8622076071279094
0.8935174693422849
0.9201581053930878
0.9427329888817847
0.9617349695103334
0.9775949333775313
0.9907246329416617
1.001553444447241
1.0105616650455658
1.0183157025834344
1.0255143836247886
1.033059076762183
1.0421584120842682
1.054463184219339
1.0721899596019269
1.0981279282806733
1.135337910529435
1.18627037072821
1.251008965606561
1.3244953852600803
1.3930884136224306
1.4319296544002273
1.4067311706158903
-0.039472921342808595
0.0028705736375935764
0.06688813283378894
0.14870972124620216
0.24118428639592787
0.33661601406667796
0.4286441549970733
0.5130456105277575
0.5877170479042596
0.6522083111864739
0.7071211895006859
0.7535724228116627
0.7928094111179914
0.8259881697740135
0.8540804894344942
0.8778642392410261
0.8979561807148306
0.9148598108360647
0.9290138868560466
0.9408365375999682
0.9507648408768793
0.9592922416648131
0.9670084636515217
0.974649595837467
0.9831681193287436
0.9938288525283476
1.0083196494039948
1.0288274520881406
1.0579673786464738
1.09837233027514
1.1516813286060676
1.216668539660842
1.2864445576571741
1.345221641884207
1.3663472518984248
1.315585458786711
-0.05988267936941369
-0.014443018230458599
0.05417989311794756
0.13891397668437622
0.23194528567657585
0.3259576952412549
0.4152482119224189
0.4961928008549066
0.5671220175995313
0.6278567603907124
0.6791488718084592
0.7221901568868633
0.7582637449438757
0.7885442907537653
0.8140162833200912
0.8354683473242834
0.8535265311035618
0.8687016467583359
0.8814377433514464
0.8921572209533538
0.9013025751380678
0.9093769376836307
0.9169874554844645
0.9248978405510141
0.934097286005036
0.9458875193196696
0.9619709602258794
0.9844838616566273
1.0158567205069584
1.0583096108677683
1.1127334540044622
1.1767354454405412
1.2418555528715987
1.290581771079116
1.2950939586597925
1.2220683264005692
-0.09005688613387369
-0.041271676681611094
0.03235779654282474
0.12059277581979763
0.21491269062326132
0.3083193757472544
0.3957143629134226
0.47403565467871717
0.5420256585060028
0.5997648960192259
0.6481498845368925
0.6884447200609223
0.7219660326024132
0.7499045500930077
0.7732544582793808
0.7928119985153212
0.8092096174573535
0.8229630780952087
0.834519926351732
0.8443053705452562
0.8527656604151086
0.8604109457152599
0.8678611226911617
0.8758998227384225
0.8855414873310026
0.8981096223276026
0.9153041175138056
0.9391958410163324
0.9720266708594638
1.0156241174854626
1.0701954595638188
1.1323162766377266
1.1921946134251937
1.2309710086768848
1.2202024545881234
1.1282020265744386
-0.12751919605627526
-0.07547686412394623
0.003253363448315144
0.09530773850027166
0.19141425260736641
0.28482627518677117
0.37099074622581035
0.44736503069245404
0.5130766810512103
0.5684510020481944
0.6145216548489318
0.6526211906193521
0.6840972963013807
0.7101545748462543
0.7317946127633297
0.7498189666461587
0.7648644097016669
0.7774499956269374
0.7880255362167818
0.7970180478330776
0.8048763369332413
0.8121155374287343
0.8193646400316908
0.8274211375102507
0.8373157604815336
0.8503821869929971
0.8683052250841006
0.8930809333367526
0.9267638072222997
0.9708127786016717
1.0248156492937182
1.084443503525176
1.1387891320535621
1.1679781790789494
1.1434113224437523
1.0356351619501685
-0.1701361663871293
-0.11518315865461679
-0.03150478126241196
0.06446300130948238
0.16265481404933985
0.2565076393736634
0.34195130486544173
0.41691605911916
0.4808845198467682
0.534409369676954
0.5786522139345193
0.6150093696457006
0.6448569321869884
0.6694114293686818
0.6896800636355211
0.7064680187241492
0.7204149185104421
0.7320419545846956
0.7418003738934776
0.7501183295127929
0.7574463342316856
0.7643029770869145
0.7713235305003722
0.7793146702348089
0.789316560686066
0.8026643926655505
0.8210190988843813
0.8462967733819308
0.8803698145247612
0.9243550049234984
0.9772833504843564
1.0340395141288645
1.0827956884086927
1.1029524544967753
1.0661464864249164
0.9456341325834267
-0.21612394152104109
-0.158791755315434
-0.07050824006628746
0.02928608943425543
0.12969668409890525
0.224277365668539
0.30937700180214095
0.3833500025304388
0.4460017087717756
0.4980929452253351
0.5409028254342924
0.5758860909007761
0.6044444268688306
0.6278045079975128
0.6469777398083216
0.6627716932866397
0.6758277992401123
0.6866685964105824
0.695746216247987
0.7034895072373606
0.7103500937435454
0.7168488882306632
0.7236253191012071
0.7314917061626699
0.7414925312413624
0.7549582599324991
0.7735202043601819
0.7990127133278276
0.8331343789341309
0.8766876112683949
0.9282068448061684
0.9818987952310168
1.025188011462648
1.0369989391641496
0.9895265646876623
0.859100676185808
-0.26403327167888635
-0.20497414236582862
-0.11256822700643174
-0.009175102943587955
0.0934543775802215
0.18892738033311207
0.27394833652648454
0.3472461432308641
0.4089151899192979
0.4599040001725207
0.5015978986030024
0.5355042416540892
0.563047361322657
0.5854624268309903
0.6037639065660126
0.6187608458222152
0.6310957500606382
0.6412919701400065
0.6498021642663959
0.6570555930354577
0.6635045836230627
0.6696715493612342
0.6761985012990659
0.6839007900473373
0.6938235108441695
0.7072881181485223
0.725892976665361
0.75139149804904
0.7853188652903758
0.8281913257561981
0.8781037597408229
0.9286835125518174
0.9667593381302624
0.9709896922206787
0.9143847294664873
0.7766069852576007
-0.31272092370608934
-0.2526530038840996
-0.15670313814245845
-0.05004452769870405
0.05469915867228948
0.15112987340144385
0.23624585473313392
0.30910090155983616
0.3700442038793538
0.4201908489055657
0.461020529323691
0.494087099012809
0.520834516371811
0.5425048908237561
0.5601148150563576
0.5744741338064079
0.5862259178782353
0.5958939737687262
0.6039312592298501
0.6107672699835736
0.6168547606823305
0.6227170602116903
0.6289976258120803
0.6365129641181102
0.6463062044994957
0.6596870444313028
0.6782194442927602
0.7035786005471595
0.7371480354625674
0.779185741861343
0.8274003200353655
0.874928373482001
0.9081344676145233
0.9055848295831564
0.8413009721666755
0.6984414626858273
-0.36131369944171954
-0.30097584199691574
-0.20211914157022506
-0.09260362839019808
0.014069691640388376
0.11144517184992375
0.19675585366157541
0.26933175535660187
0.3297426482825677
0.3792487699604205
0.4194120491399727
0.45182654521654547
0.47795278879062825
0.49903835634301885
0.516101176802073
0.5299513923626383
0.5412322882287648
0.5504678931768785
0.5581113238852409
0.5645922040599093
0.5703635346725823
0.5759491539950727
0.5819931680574957
0.5893119417971779
0.5989449354542639
0.6121885288566451
0.6305722230343004
0.6556970685717126
0.6888074112704244
0.7299300339068084
0.7764364563562554
0.8210514005318796
0.8497877191967673
0.8412594342785142
0.7706399599474456
0.6246596872578825
-0.4091696423309237
-0.349285403489579
-0.24818741614603876
-0.13627363124583797
-0.027914043226419098
0.07033274126040429
0.15587906552954445
0.22828399702959937
0.2883041587479653
0.3373235685042862
0.37697417195887406
0.4088838742554949
0.43452672643020096
0.4551543694668071
0.4717853936329316
0.48522986154975783
0.49613103325682434
0.5050130101250657
0.5123289832849965
0.5185086419037261
0.5240051173366166
0.5293424837725951
0.5351649560618753
0.5422879000841244
0.5517460686719751
0.564821849007767
0.5830112392010091
0.6078460978884893
0.640444331832103
0.6806272948094401
0.7254744096385387
0.7673680001558965
0.7920638860750804
0.7783330324476927
0.7025908567541482
0.5551365230461145
-0.4558396224550733
-0.3970897820314496
-0.2944206141134945
-0.18059678557123882
-0.07083562749309012
0.028163475458162186
0.11394067064231578
0.186238846159376
0.24596857180872556
0.29461655794871006
0.3338726129080956
0.3653921409349131
0.3906596920252895
0.4109296319880635
0.42722062290872415
0.44034236039153324
0.450937917071827
0.45953137312308945
0.4665759451124826
0.472501352728358
0.4777607859432005
0.48287837744198236
0.48849810140708816
0.49543379413130156
0.5047149524342789
0.5176099344901378
0.5355828861744087
0.5601019472515413
0.5921712166166201
0.6314308861563106
0.674709079572363
0.7141064099550136
0.7352000753187531
0.7169993006592269
0.6372065142300599
0.48961647756371657
-0.5010313543026276
-0.44403406696187364
-0.3404502445540219
-0.2252180886495463
-0.11436726362372349
-0.014767980898272658
0.07120050148333401
0.1434218791801649
0.20292881585952274
0.2512900761922802
0.29024135022627295
0.32145926573243394
0.34643589987639567
0.3664270599017946
0.38245095449286776
0.39531668820908056
0.40566703679012006
0.41402600197072653
0.4208467984511905
0.42655915789834964
0.4316162862565999
0.4365422648784893
0.44198061443846043
0.4487433457403043
0.4578544985174936
0.47056880589875233
0.4883206569448605
0.5125201885461115
0.544069969346451
0.5824516662465209
0.6242788998382933
0.6614232077615602
0.679346999450755
0.6573544301571386
0.5744402931604564
0.4277603759461414
-0.5445770117856842
-0.48987462085118033
-0.38600597668354186
-0.2698684134789884
-0.158255857956966
-0.05823165088034176
0.0278627242137941
0.10001111431734197
0.15933761106502595
0.20747295137373997
0.2461869706472013
0.2771713538112972
0.30192279483507284
0.3216973089705737
0.3375121743249551
0.35017572442232303
0.3603303637426221
0.36849998160321895
0.375137776347234
0.3806734823755386
0.3855602975414427
0.39032218797323454
0.39560210237436816
0.4022100918462857
0.41116477352857833
0.4237079457601889
0.44124659262066357
0.46513861095383807
0.4961968155455813
0.533765356384695
0.5742764597025233
0.6094180514985855
0.624588825767339
0.5994231771686965
0.5141794511652086
0.36918717475677765
-0.5864049398625848
-0.5344564756276792
-0.4308973348557247
-0.3143494887527279
-0.20231055303100692
-0.10205178717267038
-0.015915383690982707
0.05614438796654532
0.1153136278174968
0.16326557583195886
0.201792761859208
0.23259589274175066
0.2571734356905848
0.2767804241975586
0.2924327640191107
0.30493786741854867
0.3149377158825041
0.32295606661882703
0.3294460943516881
0.3348375319491927
0.33958355649093686
0.34420798485437304
0.349353137448231
0.35582707727297225
0.36464318383168315
0.3770311825467632
0.39437312654666346
0.41798035639671544
0.44858714673983247
0.48541961124259897
0.5247584264728237
0.5581471875999028
0.5709610977289123
0.5431820820418372
0.4562745383524153
0.31351030522643736
-0.6265154926661309
-0.5776939172904378
-0.4749978819384386
-0.35852084500710607
-0.24639183431913123
-0.14609770988739115
-0.06001569815627368
0.01192587845234011
0.07094695349751967
0.1187444307039269
0.1571223857922874
0.1877846526808778
0.21222869560371915
0.23170741400473654
0.24723492514154874
0.25961758919475664
0.2694969268533844
0.2773965518826752
0.28376961197930295
0.2890458366924348
0.29367837625273063
0.29819088258115933
0.30322502991489086
0.3095869294809215
0.31828499682850214
0.3305378374003721
0.34770508195052546
0.3710570533367963
0.4012601478094223
0.4374405787933833
0.4757545621758568
0.5076355273061376
0.5184665310420409
0.4885796597726242
0.40056459942407946
0.2603683357965981
-0.6649607217357075
-0.6195540542049496
-0.518231740818417
-0.4022886190020125
-0.29040213669060244
-0.19027587250628164
-0.10435253035968894
-0.03256821746471367
0.026303854705829317
0.07396603104913227
0.11222308584991832
0.14277622570027204
0.16711920022292565
0.1865016542434895
0.20193551860442288
0.21422598267047838
0.2240140765807453
0.23182326389484265
0.2381066637802528
0.24329400180967248
0.24783839885683315
0.2522633365646168
0.25720984699114346
0.2634821620357237
0.2720840537098985
0.28422399962566197
0.3012417024216729
0.32437184348458087
0.3542231189610717
0.3898388795152201
0.42727578335435246
0.4578872596018164
0.4670886734868737
0.43555357154513846
0.3468982126932591
0.20945000569428102
-0.701827461915699
-0.660043004775028
-0.5605621598364647
-0.44559597809503276
-0.3342777576705754
-0.2345230004151764
-0.14886680179084122
-0.0772847588548344
-0.018569093048584624
0.028970341118843036
0.06712845693069228
0.09759821363641392
0.12186699459068753
0.14118009612556928
0.15654687763737807
0.16877124611089894
0.17849371565659253
0.18623759512982999
0.1924559745181934
0.1975785752157367
0.20205848796516823
0.20641902406488155
0.21130058842926824
0.21750562377581062
0.22603359983682642
0.2380838691122667
0.2549786681062316
0.27792227163211936
0.30747548237297284
0.34261501718631704
0.37932130099049877
0.40889506497124456
0.416803522516929
0.38404490418333626
0.2951505293468847
0.16051383364197228
-0.7372232857744726
-0.6991942693285362
-0.6019817624393066
-0.4884148658568443
-0.37798182853440226
-0.27880009435027303
-0.19352093972902615
-0.12218934299394739
-0.06364139211347236
-0.016216248037305273
0.02186084862310078
0.052269114769773535
0.07648697062442793
0.09575429285437294
0.11107749369084699
0.12325909029472515
0.1329390573044939
0.14064054534067044
0.1468166148852655
0.15189698310662733
0.15633471055798173
0.1606529403645733
0.1654914700065402
0.17165105038804085
0.1801271976463637
0.19211114154314893
0.20891008722619533
0.23170304480063295
0.26101249920112735
0.2957642695342335
0.33188491472796544
0.3606480337822561
0.367589238364032
0.33400973422392805
0.24523653470385928
0.11340257585833351
-0.771264792615585
-0.7370588437713811
-0.642504112224197
-0.5307387597015023
-0.42149808272708666
-0.3230870786209233
-0.23829430704505
-0.167262439021294
-0.10889539475679112
-0.06157827040065571
-0.023566510974903927
0.006799977784730567
0.03098810619056149
0.050231280025284035
0.0655325958833685
0.0776930761477957
0.08735213342888694
0.09503275691458549
0.10118797735156801
0.10624750767581147
0.11066437841581013
0.11496156741489719
0.11977828596808696
0.125913693032049
0.13435970275186376
0.1463004255871574
0.16303046326093065
0.185708674956011
0.2148287281346782
0.2492811102319042
0.28496053705089797
0.3131383936476473
0.3194340910908311
0.28542815567366253
0.19712075910302768
0.06805281926798244
-0.8040677423524645
-0.7736966683537263
-0.6821562533440628
-0.5725761542330592
-0.46482517906288473
-0.36737788768191826
-0.2831789902386989
-0.21249582278853846
-0.15432333317926583
-0.10710875917776976
-0.06914758210729093
-0.038804105100153544
-0.014625427811207625
0.0046143519851671476
0.019914653185393635
0.03207490030467652
0.0417339218182128
0.04941454237976374
0.055569762789201775
0.06062929174979948
0.06504612997144515
0.069343093062984
0.07415882786271452
0.08029100265135893
0.08872828503073421
0.10064867910834799
0.11733663232965359
0.13993600986873586
0.16892124302015904
0.20316319612244488
0.23854700177001145
0.2663671255863523
0.2723427530377043
0.23831092211813024
0.15082363768601822
0.02449996933023864
-0.835738619574194
-0.8091690675459335
-0.7209719384241187
-0.6139445273275198
-0.5079713729365742
-0.4116758139519133
-0.3281757933862257
-0.25788918174438963
-0.19992449484177902
-0.15280694729588437
-0.1148816899215905
-0.08454259882107695
-0.06035323832576704
-0.041096223926619616
-0.02577616998848266
-0.013595351105166478
-0.003915544657147363
0.0037859064233350718
0.009961972780703612
0.01504235888525415
0.019480035836975693
0.02379766010595633
0.028633336189824558
0.03478334486837617
0.043233469491790695
0.05515664065923228
0.07182965034054256
0.09438663715380108
0.12329260271508968
0.1574149242655307
0.19265217700656495
0.22034851004222505
0.22634100524938072
0.1927038076797595
0.10642466997554349
-0.017121157181710214
-0.8663673056221431
-0.8435319146640055
-0.7589853211941485
-0.654864600334916
-0.550949374047474
-0.45598897727457494
-0.3732903165066069
-0.30344678378782985
-0.24570245058886525
-0.1986760139331659
-0.160771741826475
-0.1304181617671126
-0.10619771097407218
-0.0869025170140648
-0.07154157588688839
-0.05931896047365586
-0.04959707533936529
-0.04185343403600914
-0.03563509629354189
-0.030512361880935916
-0.026032289136684275
-0.02167237770740789
-0.016795043116609856
-0.010605286889269731
-0.0021198389682937067
0.009830217865997812
0.02651659034333364
0.049069122507750605
0.07795353710134005
0.11205052876005804
0.1472963627779199
0.17511359842945895
0.1814788761466769
0.14868973670335447
0.06406247216389628
-0.05657998419563072
-0.8960206372136017
-0.8768293395336431
-0.7962249620436426
-0.6953547631896188
-0.5937712786634636
-0.5003258175126633
-0.4185290307260591
-0.3491741316849504
-0.2916622653572318
-0.24472081449849703
-0.2068224304159843
-0.17643526972539292
-0.15216300015109194
-0.13280823337236863
-0.11738468723833229
-0.10509832995698828
-0.09531221443170669
-0.08750402802931889
-0.08122086114695665
-0.07603301783721585
-0.07148758592659744
-0.06706221882506139
-0.06211983085767583
-0.05586660079339207
-0.04732139469406102
-0.03531822159579561
-0.018587809915031547
0.004001017762878669
0.032925282494077765
0.06709665108912746
0.1025149114996012
0.13071255862119316
0.13783217832583927
0.1063886751212977
0.023931754437129773
-0.09355798593039577
-0.9247367333027681
-0.9090878843205608
-0.8327080676614699
-0.7354255963469863
-0.6364435154946942
-0.5446905541805824
-0.4638952976349472
-0.39507455329002295
-0.33780764440745825
-0.2909455498743452
-0.25303838102794785
-0.22259879028288027
-0.1982539754770863
-0.17881797845718425
-0.1633095700454507
-0.1509367090960041
-0.1410631185507886
-0.13316666344000963
-0.12679446537482103
-0.12151683287765425
-0.11688088402120814
-0.11236442582393115
-0.10733085471413736
-0.10098742802378126
-0.0923547742178373
-0.08026872687335289
-0.06345973082745712
-0.04078945107896835
-0.011758530941797189
0.022594281765901517
0.05835996838690438
0.08721579626941393
0.09550235803419942
0.06595522096323547
-0.013722803028301221
-0.1276606274384384
-0.9525200741169779
-0.9403110990993345
-0.8684349588734174
-0.7750744828789262
-0.6789617957738506
-0.5890786000495061
-0.5093853159300008
-0.44114570716714774
-0.38413799186876585
-0.33735134980661674
-0.29942221792698376
-0.26891248183917854
-0.2444750999828097
-0.22493645972888338
-0.20932070631176453
-0.19683788408736289
-0.1868524097943329
-0.1788423316168219
-0.1723548035755261
-0.16696013924981865
-0.16220548940980023
-0.15756881966393413
-0.1524140028751643
-0.1459492946907159
-0.13719673538068722
-0.12499289540033286
-0.10806518536524358
-0.08526213092960819
-0.05605056728477607
-0.021400064020945218
0.014901188801200803
0.04471370934850354
0.05461452336082782
0.027573779776320032
-0.04861585549864405
-0.15843346374192496
-0.9793374156550622
-0.9704746533993776
-0.9033838328430603
-0.8142803652467456
-0.7213061099324787
-0.6334719592995299
-0.554984014970238
-0.4873760135290186
-0.4306453832555006
-0.3839337654095668
-0.345972538997378
-0.3153774036365201
-0.29082922453325655
-0.2711676135227726
-0.25542240202518046
-0.24280581672626486
-0.23268299658139668
-0.22453218176565556
-0.2179005613093038
-0.21235845538647333
-0.20745305332330446
-0.20266249426651922
-0.19735114339909812
-0.19072821233335574
-0.18181685784536694
-0.16945336229832286
-0.15235938701833793
-0.12936426392759215
-0.09988920541419484
-0.064814107849474
-0.027774748271730605
0.0033148919006944604
0.015313473003510094
-0.008548835107223731
-0.08043400665621919
-0.1853824695110199
-1.0051147176407529
-0.9995221216166694
-0.9375059561122288
-0.8529987616859933
-0.7634358649999329
-0.6778346848757925
-0.6006609521728057
-0.5337410516696174
-0.477311479489907
-0.430680186830091
-0.39268180564598043
-0.36199023627713806
-0.337316292806548
-0.3175136473551034
-0.3016181205369233
-0.28884422413569133
-0.2785578564389264
-0.27023746448968383
-0.263430277660342
-0.257706626245766
-0.25261375011322545
-0.24762999406946815
-0.2421202684584706
-0.23529476471895597
-0.22617756307918607
-0.2136037674701972
-0.19628671332895867
-0.17303054916207922
-0.1431988768501471
-0.10756070905042737
-0.06956604576307301
-0.03685743352837878
-0.02224249002231831
-0.042193574504080726
-0.10885188976654954
-0.2079987009343517
-1.0297353504614974
-1.0273616767455924
-0.9707214918122498
-0.8911572153339671
-0.8052853072696168
-0.7221085130907277
-0.6463663081672709
-0.5801999962299669
-0.524104435808221
-0.4775672231168141
-0.43953417123952443
-0.4087415249107564
-0.38393196042212785
-0.36397399521387613
-0.3479097353964436
-0.33495609244907687
-0.32447977566275754
-0.31595946389642
-0.3089424371180156
-0.3029990430429428
-0.29767659421936155
-0.2924537004487301
-0.2866959280586604
-0.2796145767574233
-0.2702346229873582
-0.2573893344946059
-0.23978142480558318
-0.21618412892680328
-0.18589152955759355
-0.14954013390497592
-0.11035935591754473
-0.07567100321083647
-0.057890201943098796
-0.07314231773291165
-0.13355189491622277
-0.22578739962944633
-1.0530399228239924
-1.0538639946591635
-1.0029162244274967
-0.928651402128875
-0.8467594209958663
-0.7662088334561785
-0.6920271076498882
-0.6266921930773901
-0.5709758821210714
-0.5245580996333292
-0.48650328516745556
-0.45561386692156935
-0.4306661377865674
-0.4105441861754903
-0.39429669684560686
-0.38114311567824427
-0.37045103737157675
-0.36169941343161144
-0.35443559301944483
-0.3482299551961153
-0.3426299231316332
-0.33711447142269335
-0.33105001839707354
-0.32364925435954867
-0.31393827208126585
-0.30074820391564205
-0.2827693101623667
-0.2587386981099961
-0.2278694415883997
-0.19064393767460666
-0.1500352677794765
-0.11299238087544924
-0.09147298989511299
-0.10119425102588987
-0.1542477111102279
-0.2383016249020596
-1.0748281303099982
-1.0788617242501006
-1.0339394932525674
-0.9653421659474315
-0.887730530987984
-0.8100211834929123
-0.7375438203263956
-0.6731339967748207
-0.6178580674661096
-0.5716001394796336
-0.5335501160618192
-0.5025800680320915
-0.47750146436574487
-0.4572146213555154
-0.4407750979061354
-0.42740504038154425
-0.4164730371360069
-0.40745837719495137
-0.39990851097664076
-0.3933938737113166
-0.3874620604674587
-0.3815925676034426
-0.37515298032831035
-0.36735787639461215
-0.35723503252777955
-0.3436136600101146
-0.3251704269809518
-0.30060193447798184
-0.26902960757532524
-0.23076070180250247
-0.18847596743969433
-0.1486973580131655
-0.12285496274818437
-0.1261856497088319
-0.17071180370808803
-0.24518043097741002
-1.0948630568119206
-1.1021509088503982
-1.0636036733765157
-1.0010537740663645
-0.9280358579340724
-0.8533984750960211
-0.7827875086535853
-0.719415999172213
-0.6646612638454015
-0.6186223931289614
-0.5806208306494891
-0.5496012791154304
-0.524411706236482
-0.503969234554606
-0.48733660307796417
-0.47373887115092517
-0.4625457777240734
-0.45323704946454696
-0.44536029094949164
-0.4384860353551984
-0.4321621438466776
-0.4258688688075276
-0.4189754360453396
-0.4106990938711956
-0.4000703366182301
-0.38591736615919625
-0.36690308309257513
-0.3416804228972681
-0.30926989396461
-0.269783837095413
-0.22557528524460368
-0.18268408764125083
-0.15193840966481378
-0.1480131729140173
-0.18280684287165322
-0.2461914708904575
-1.1128783547548304
-1.1234947410335971
-1.0916855408707606
-1.0355736836087273
-0.9674762713591001
-0.8961591525627022
-0.8275976792330869
-0.7654007647687313
-0.7112715063845182
-0.665533457403061
-0.6276447368224347
-0.5966250934018845
-0.5713600316881198
-0.5507839707702379
-0.5339671578445074
-0.5201378440413953
-0.5086671441453162
-0.4990353729642886
-0.4907903732139991
-0.4835028428943141
-0.4767210479861046
-0.4699263316169339
-0.4624902382461473
-0.45363383781383326
-0.4423919773540952
-0.4275936691965688
-0.40788914718667835
-0.38188618612525477
-0.34849709272470686
-0.30762158910857484
-0.261251257781901
-0.21488905103581474
-0.17868435189704057
-0.1666606299356969
-0.19052091572486082
-0.24127768464820148
-1.1285886732774708
-1.1426299843550771
-1.1179298158859199
-1.0686540699402665
-1.0058164467071236
-0.9380864435654754
-0.8717809540871699
-0.810921144968625
-0.7575486994969308
-0.7122194733632061
-0.6745322433497629
-0.6435835228822038
-0.6182970541263981
-0.5976249468426535
-0.580645323275755
-0.5665899976353864
-0.5548317797529052
-0.5448517935427023
-0.5361982486870259
-0.5284421104123396
-0.5211322460044338
-0.5137515497205051
-0.5056748164631182
-0.49612854618483593
-0.4841543244341038
-0.46858493622229047
-0.44806067512623327
-0.42114482539672077
-0.3866368836206324
-0.34420924848507123
-0.2954611807970839
-0.24530578185846078
-0.20313608862881505
-0.18222893580892652
-0.19400606821128938
-0.23060738781061618
-1.1417035831261027
-1.1592762900061968
-1.1420550828701135
-1.100015281268293
-1.0427865512336645
-0.978928785010936
-0.9151105991229533
-0.8557791631951297
-0.8033250360524677
-0.7585422065288512
-0.7211726983620966
-0.6903906779154645
-0.6651584321004079
-0.644446054496344
-0.6273399716543239
-0.613076059035744
-0.6010292681170931
-0.5906818496322149
-0.5815825718618884
-0.5733028178433912
-0.5653923244632999
-0.557336148653519
-0.548513571818999
-0.5381586827660527
-0.5253231002118236
-0.5088477376000936
-0.4873676792548234
-0.4594051023729005
-0.42364552721920795
-0.379523360171064
-0.3282188938854665
-0.27400600371698025
-0.22544526849584498
-0.19496861479983643
-0.1936193037876945
-0.21462658618288655
-1.1519450517238843
-1.173148464088093
-1.1637621328183383
-1.1293512429011694
-1.0780854522248793
-1.0184013808462415
-0.9573268256938494
-0.8997453425893511
-0.8484035556074052
-0.8043369897449811
-0.767431842429198
-0.7369398437839336
-0.7118616815988297
-0.6911856267347721
-0.6740069350753961
-0.6595662135160172
-0.6472411723677202
-0.6365156375289168
-0.6269392130347633
-0.6180839129681361
-0.6095006971783282
-0.6006775708898712
-0.5909998897022273
-0.5797121316529561
-0.5658803115245635
-0.5483594792493154
-0.5257866421958969
-0.4966495490176843
-0.45952284163635754
-0.4135974261960442
-0.35961370147519683
-0.301162455560053
-0.2458995819500308
-0.20531370828350104
-0.1899645856921981
-0.19411166965320695
-1.1590682452367385
-1.1839714976479254
-1.1827445554439344
-1.1563366383745637
-1.1113852605197236
-1.0561886796775
-0.9981376195876276
-0.9425581909379315
-0.8925565125988022
-0.8494101537280034
-0.8131484550094644
-0.7830994879215719
-0.758301691882113
-0.7377616201805338
-0.7205840256994035
-0.7060151480889094
-0.6934362998092025
-0.6823335039636444
-0.6722575909122175
-0.6627814969848677
-0.6534578533659344
-0.6437785892987917
-0.6331371118533995
-0.6207918108329511
-0.6058286781799919
-0.5871248138069667
-0.5633290803653818
-0.5329053676807002
-0.49432565743808377
-0.446538196326385
-0.3898298837180657
-0.3270721677675927
-0.2649505858328367
-0.21391527417025966
-0.18393361970386912
-0.17021975101661943
-1.1628850784694764
-1.191497861039407
-1.198701135771162
-1.1806354511570694
-1.1423368023056524
-1.0919473579650654
-1.0372196627717976
-0.9839233774868678
-0.9355230510003617
-0.8935353986574219
-0.8581296018170629
-0.8287075588813081
-0.8043442605492268
-0.7840645863041619
-0.7669836616548238
-0.752354568727665
-0.7395633624814489
-0.7280991129051282
-0.7175144138342127
-0.7073835074347309
-0.6972612424065162
-0.6866446408400664
-0.6749375479330872
-0.6614165685465466
-0.6451945969462999
-0.6251808314515641
-0.6000491011395942
-0.5682544831459744
-0.5281804973820219
-0.47854113667120646
-0.41916517940487324
-0.3521783006672987
-0.28323942667412916
-0.22167181053185353
-0.17674221219881506
-0.14453278583704293
-1.1632895133466885
-1.1955262045347959
-1.2113493003263096
-1.2019101826145975
-1.1705753774340524
-1.125309186145864
-1.0742187250335735
-1.0235119630783729
-0.9770055192051146
-0.9364484041379738
-0.9021437381035265
-0.8735632863729942
-0.8498168103716198
-0.8299475479750354
-0.8130821710666039
-0.7984822229173563
-0.7855400282658218
-0.7737488479036017
-0.7626637609467953
-0.7518608021040877
-0.7408976717123598
-0.7292778280553351
-0.7164183402858296
-0.701619133471868
-0.6840283557934916
-0.6625996695036596
-0.6360484910957055
-0.602841148498475
-0.5612937044649182
-0.5099030683114432
-0.4480459370772759
-0.37708786835413854
-0.3016173205298478
-0.22975288846952133
-0.16995779046870582
-0.11909021758599676
-1.1602831569104637
-1.195920235973078
-1.2204385533342315
-1.2198308125018162
-1.195725958655732
-1.1558829880956503
-1.1087487650200751
-1.060956930084452
-1.016663660843114
-0.977838888724152
-0.944910844343371
-0.9174156171053467
-0.894495376497991
-0.8752118216397874
-0.8587047657498704
-0.8442463710068295
-0.8312372592255579
-0.8191764011464575
-0.8076223095578404
-0.7961534043859873
-0.7843309294632348
-0.7716662454594395
-0.7575927745549327
-0.7414396323560183
-0.7224000125972668
-0.6994868283451804
-0.67147746091385
-0.6368750239091895
-0.5939566757973753
-0.5410293048632914
-0.47703585419833316
-0.40258176322561323
-0.3211565883183418
-0.2396110463921803
-0.1655122401805447
-0.09640323307318158
-1.1539992906669385
-1.1926262277730775
-1.2257626107333608
-1.2340824082278812
-1.2174068868380414
-1.1832548550987074
-1.1403889716441182
-1.095847282483966
-1.054105966226032
-1.0173393978685679
-0.9860888515076246
-0.9599475098694625
-0.9380870448583307
-0.9195879170910194
-0.9036052633848675
-0.8894247290574679
-0.876457901385413
-0.8642114524177824
-0.8522485473839283
-0.8401506790536231
-0.827483323428217
-0.813767232662783
-0.7984555322350654
-0.7809130432814506
-0.7603891494770199
-0.7359732104946888
-0.7065288226135251
-0.670627205114044
-0.6265433100766844
-0.5724319437059334
-0.5068344064641057
-0.42961251376155873
-0.3431468736052683
-0.25297561001893415
-0.16569258156102282
-0.07944180178437868
-1.1447231696052722
-1.1856874390447047
-1.22716888254811
-1.2443703252971166
-1.2352312324985029
-1.2069859570491095
-1.1686782131770763
-1.127719267332717
-1.088877785412813
-1.0545104426873624
-1.0252559765456497
-1.000755690028043
-0.9802074065692531
-0.9627110323968008
-0.9474400189031095
-0.9336972789150267
-0.9209088490973798
-0.9085916806358799
-0.8963151227221977
-0.8836644903861786
-0.8702100719117447
-0.8554833550632841
-0.8389605258186299
-0.8200490331045199
-0.7980667189579255
-0.7721988167465552
-0.7414231896167489
-0.704416374757973
-0.6594963361732917
-0.604715368226795
-0.5382602919371818
-0.4592842251209158
-0.36906995292351724
-0.2718206202768637
-0.17310022387181703
-0.07158355283337142
-1.1329064002125415
-1.1752538676375377
-1.2245642205916663
-1.2504223262192784
-1.2488054802550441
-1.2266078658016502
-1.1931070055396247
-1.1560449724958963
-1.1204465556006131
-1.0888224014734706
-1.0618894067249318
-1.03932630153276
-1.0203534430833336
-1.0040915159936168
-0.9897363775399535
-0.9766131831762533
-0.9641669321884272
-0.9519281514622926
-0.9394742544450214
-0.9263951231992047
-0.9122661621716821
-0.8966305329669846
-0.8789905068107997
-0.8588030943929992
-0.8354675681711752
-0.8082862908998316
-0.7763829177979075
-0.7385822278439796
-0.693298996858817
-0.6385446289211472
-0.5722146019404822
-0.49280828602551424
-0.4005453959677553
-0.2982975752213665
-0.19056769816225663
-0.07651129607030582
-1.1191736363724054
-1.1615863714176267
-1.2179166434242108
-1.251987888378162
-1.257726263950087
-1.2416164862573802
-1.2131083846933493
-1.1802199063542897
-1.1481859099071117
-1.1196360610186105
-1.0953422756334432
-1.07500842686342
-1.0578738069621056
-1.0430822261756802
-1.0298575188548755
-1.0175535888152867
-1.0056401999773579
-0.9936656204426328
-0.9812175795670788
-0.9678911522107693
-0.9532666338377738
-0.9368990066801783
-0.9183188139970321
-0.8970389691555474
-0.8725531768594286
-0.8443033125537067
-0.8115931507041821
-0.7734437809409264
-0.7284288072430488
-0.6745923747759432
-0.6096181601875897
-0.5314278455066853
-0.4392384047975957
-0.3346223729713388
-0.22102001162569132
-0.09804374888873763
-1.1043209819924549
-1.1450555859826592
-1.2072543479063798
-1.2488367521451567
-1.2615778204577044
-1.2514677685555209
-1.2280512632709228
-1.1995534594427357
-1.1713628109014058
-1.1461861174512606
-1.124823368050844
-1.1069899777340162
-1.0919410206452964
-1.0788472882360978
-1.0669681313538713
-1.0556946617451453
-1.044528810677819
-1.0330417888940944
-1.0208342640651686
-1.0075068293605418
-0.9926435503842947
-0.9758100358454755
-0.9565657276976177
-0.9344843133669286
-0.9091659588524909
-0.8802144752105007
-0.847149768052425
-0.8092413805465942
-0.7652910518405717
-0.7134606550006859
-0.6513177868376451
-0.5763040035581859
-0.486720681706995
-0.3829048938969255
-0.2672662951252115
-0.1398819771229923
-1.0893077034182799
-1.126138568317804
-1.1926660739901045
-1.2407617423529564
-1.25993600844709
-1.2555817235494735
-1.2372433470351107
-1.2132697679787494
-1.1891355762770075
-1.1675757652415188
-1.1493878667839361
-1.1342843852356361
-1.1215340750723823
-1.110340726890953
-1.1000093371344173
-1.0899791613607777
-1.079793672860072
-1.0690534432835501
-1.0573750348745723
-1.044364312108981
-1.0296065776066186
-1.0126747696160832
-0.9931552948027831
-0.9706847925185133
-0.9449795243638155
-0.9158261179709957
-0.8829966202535129
-0.8460635285732037
-0.8041316688229991
-0.7555755375534987
-0.6979574682586186
-0.6283574335063704
-0.5442754465424525
-0.4449093719114917
-0.3317065058529303
-0.2052524607867627
-1.0752465750471984
-1.1054201622768915
-1.1743112635494857
-1.227595542755589
-1.252389624415803
-1.2533663588810349
-1.2399559627226173
-1.2205319297086268
-1.2005762244200613
-1.1827961701404723
-1.1679532065476388
-1.155742334059434
-1.1454457698561087
-1.1363093357335559
-1.1276971750358196
-1.1191107388121977
-1.1101468264446595
-1.1004431957058556
-1.0896355031306435
-1.077333671365548
-1.063119584065078
-1.0465670760309151
-1.0272836704430994
-1.004966780216349
-0.9794540520436686
-0.9507320668872253
-0.9188586191512965
-0.8837634902470697
-0.8449326339413891
-0.8010555243506395
-0.74981296503909
-0.6880611683868255
-0.6126391411602012
-0.5217344587638576
-0.4159379676715813
-0.2964269063213877
-1.0634039657596686
-1.0836122786165803
-1.1524550194692267
-1.2092579960840135
-1.238596930677714
-1.2442805891286404
-1.2354908055187321
-1.220510368541487
-1.204738573681925
-1.1907927601290988
-1.179362344089764
-1.1701111099852868
-1.1623375170829187
-1.1553425576048937
-1.1485673708616226
-1.141593546942608
-1.1340859148452138
-1.1257288424453837
-1.1161803577307214
-1.105051709582738
-1.0919136250317647
-1.0763298902741771
-1.0579175862494012
-1.0364261544229716
-1.0118129638337714
-0.9842749678027639
-0.9541836194579103
-0.9218766058552205
-0.88729845403822
-0.8495597270384347
-0.8065928020949942
-0.7551840581751184
-0.6916754273136845
-0.6134041731897633
-0.520247958531836
-0.41409940613898694
-1.055229315080073
-1.0616133123863731
-1.1275523394830853
-1.185860361507229
-1.2184055158872693
-1.227965684645827
-1.2233193918473926
-1.212527151466549
-1.2008047310201548
-1.1906116320561129
-1.1825282474228576
-1.1761757229628784
-1.1708759936622655
-1.1660038530695345
-1.1611008379742662
-1.155851446888278
-1.150006749786824
-1.1433089301941524
-1.1354414724025685
-1.126011942718021
-1.1145678196075315
-1.1006455785738196
-1.0838522428790702
-1.0639710834427
-1.0410671591715581
-1.0155475749928697
-0.9881152762362841
-0.9595579925291984
-0.9303505999719976
-0.9001293789309659
-0.8672155200109515
-0.828490590058099
-0.7799824405047935
-0.7183653688156514
-0.6429819907515153
-0.5566038788869143
-1.0524457968330805
-1.0406426447007395
-1.10041934098549
-1.157906666241688
-1.1920777257792095
-1.204489304905405
-1.2033408030781791
-1.1963231368782188
-1.1883579160844246
-1.181674877680383
-1.176709070986888
-1.1730317534445556
-1.1700018981302014
-1.167093955610841
-1.1639802884074404
-1.1604770134457034
-1.1564438320761299
-1.1516938894709048
-1.1459386101060067
-1.138773572053927
-1.129704893779728
-1.118215825424663
-1.103872637756939
-1.0864610610228478
-1.0661270348245209
-1.0434718770093865
-1.0195320692182626
-0.9955727527474404
-0.9726584963915628
-0.9510473305177555
-0.9295833444341671
-0.9054121634340296
-0.8744426934856814
-0.8328947208468209
-0.7797836275292289
-0.7189596421023123
-1.0572507559766384
-1.0225026371844128
-1.0725472616793659
-1.1266509019008661
-1.160683002187735
-1.1747656935855595
-1.1763232155586218
-1.1725150715007573
-1.1678500852197504
-1.164254385487353
-1.1619844259322079
-1.1605609583454397
-1.1594022603598053
-1.1581176665137423
-1.156549608925678
-1.1546817934417013
-1.152509878930013
-1.1499331737509684
-1.1466923343466928
-1.1423579979109253
-1.136368640018717
-1.1281167305386002
-1.1170821649324614
-1.1030038663464719
-1.0860614631874972
-1.067012353640589
-1.047205494728498
-1.0283879405519776
-1.0122520662427643
-0.9997557188711099
-0.9903870462474416
-0.9817185044818495
-0.9697374911105048
-0.9504294650160006
-0.9227115610600914
-0.8917413747325731
-1.072697169767772
-1.0100439765701852
-1.04663917883108
-1.0946936118743174
-1.1267438346861118
-1.1412414856527964
-1.1446210313244374
-1.1433364598252913
-1.1413598585181508
-1.1402409913552503
-1.1400306971605025
-1.1402083901078797
-1.1402855941434387
-1.140053758556274
-1.139575597578964
-1.1390471874649961
-1.1386332489680497
-1.1383365560058265
-1.1379262697316728
-1.1369287246335777
-1.1346775487530432
-1.1304214542319708
-1.1234885609658511
-1.113497880107902
-1.1005881055537383
-1.085604235441356
-1.070154298336102
-1.0564386194924649
-1.0467830319333398
-1.0428932307935512
-1.0449969183260333
-1.051236873117896
-1.0578653852511923
-1.060852364830633
-1.059254364182539
-1.0597827175149042
-1.1033574011984444
-1.0079411511943857
-1.027481136660614
-1.066933904601128
-1.0952551828564816
-1.1089703223051688
-1.1132936914271456
-1.1137907523846162
-1.113771365558403
-1.1143412910539197
-1.1153290650093086
-1.1161956951213845
-1.1165952429410015
-1.1165637069850058
-1.1164478361829226
-1.1167114768591915
-1.1177282195165708
-1.1196236490361247
-1.1221915574434753
-1.1248859337182728
-1.1268839517039595
-1.1272174218729216
-1.1249714567359907
-1.119540810948761
-1.1109124159103043
-1.0999098864981645
-1.0883030498786974
-1.078670857774925
-1.0739316671534822
-1.0765417434782898
-1.0875219148663924
-1.1056924686641265
-1.1277284546159136
-1.1497840029624458
-1.1712841633365176
-1.2007416543100378
-1.1564096203258756
-1.0239249945513489
-1.0233004744860834
-1.0520348888937507
-1.0752399593925368
-1.087242889206213
-1.0917962805928727
-1.0933899559542706
-1.0945496375383825
-1.0958798223509423
-1.0969855960986943
-1.0973512066004754
-1.0968423913682837
-1.095821193568866
-1.094998738089647
-1.0951747495278135
-1.0969792004240027
-1.1006816722576778
-1.1060920613224619
-1.1125523904529242
-1.119013006087827
-1.1241896064294294
-1.1267997381026968
-1.125869175330664
-1.1210752319414201
-1.1130581261077475
-1.1035941074454323
-1.0955041910341905
-1.0921942019121997
-1.0968093353308144
-1.1111547777422106
-1.1347776499954405
-1.1648826877297873
-1.1979661141500564
-1.2340190650120508
-1.2835821896623643
-1.2433375062325713
-1.0706706677249764
-1.04781667618708
-1.064614043283433
-1.08205756890964
-1.0919941919238478
-1.0964679327052305
-1.0987082834103183
-1.1003452162138903
-1.1014418116676086
-1.10140061760882
-1.099795578754267
-1.0967985489262064
-1.0932027862134701
-1.090184310512761
-1.0889619410763842
-1.09047831344366
-1.0951696316108577
-1.1028467386708352
-1.1126848350384773
-1.123312871252442
-1.132997873987822
-1.1399227298108283
-1.1425479289022211
-1.140023041382478
-1.1325745204869928
-1.1217541378749056
-1.1104069847441587
-1.1022356337023604
-1.100924719368742
-1.1089673962013171
-1.1266022140524867
-1.1515914168696173
-1.1808602135449435
-1.215102387006183
-1.2670625445428025
-1.382497581931069
-1.1686045621681962
-1.1232564195868437
-1.1284375211860944
-1.140751006999659
-1.1492793041943412
-1.1541142762548402
-1.157051397685406
-1.1587321956859393
-1.1586637388831837
-1.1560970668210768
-1.15079451271458
-1.1433603501228058
-1.1351533765288084
-1.1279394008764534
-1.1234573956458158
-1.1230288178076382
-1.1272798989635537
-1.1359980798862344
-1.148117068867876
-1.1618189548841695
-1.1747472609185996
-1.1843293471324086
-1.188198907063
-1.1846832789238224
-1.1732778220838977
-1.1549822527316906
-1.132342623241708
-1.1090556473208633
-1.0890793989377308
-1.075380025712914
-1.0687343136115743
-1.0673758609091872
-1.0686384631695318
-1.073956807742209
-1.098367310640232
