Predicted value
0.6088483530174047
0.6088483530174047
0.6088483530174047
0.6088483530174047
0.6088483530174047
0.6088483530174047
0.6088483530174047
0.6088483530174047
0.6088483530174047
0.6088483530174047
0.6088483530174047
0.6088483530174047
0.6088483530174047
0.6088483530174047
0.6088483530174047
0.6088483530174047
0.6088483530174047
0.6088483530174047
0.6088483530174047
0.6088483530174047
0.6088483530174047
0.6088483530174047
0.6088483530174047
0.6088483530174047
0.6088483530174047
0.6088483530174047
0.6088483530174047
0.6088483530174047
0.6088483530174047
0.6088483530174047
0.6088483530174047
0.6088483530174047
0.6088483530174047
0.6088483530174047
0.6088483530174047
0.6088483530174047
0.4707884653038036
0.4707884653038036
0.4707884653038036
0.4707884653038036
0.4707884653038036
0.4707884653038036
0.4707884653038036
0.4707884653038036
0.4707884653038036
0.4707884653038036
0.4707884653038036
0.4707884653038036
0.4707884653038036
0.4707884653038036
0.4707884653038036
0.4707884653038036
0.4707884653038036
0.4707884653038036
0.4707884653038036
0.4707884653038036
0.4707884653038036
0.4707884653038036
0.4707884653038036
0.4707884653038036
0.4707884653038036
0.4707884653038036
0.4707884653038036
0.4707884653038036
0.4707884653038036
0.4707884653038036
0.4707884653038036
0.4707884653038036
0.4707884653038036
0.4707884653038036
0.4707884653038036
0.4707884653038036
0.3612910651150273
0.3612910651150273
0.3612910651150273
0.3612910651150273
0.3612910651150273
0.3612910651150273
0.3612910651150273
0.3612910651150273
0.3612910651150273
0.3612910651150273
0.3612910651150273
0.3612910651150273
0.3612910651150273
0.3612910651150273
0.3612910651150273
0.3612910651150273
0.3612910651150273
0.3612910651150273
0.3612910651150273
0.3612910651150273
0.3612910651150273
0.3612910651150273
0.3612910651150273
0.3612910651150273
0.3612910651150273
0.3612910651150273
0.3612910651150273
0.3612910651150273
0.3612910651150273
0.3612910651150273
0.3612910651150273
0.3612910651150273
0.3612910651150273
0.3612910651150273
0.3612910651150273
0.3612910651150273
0.2750452865760869
0.2750452865760869
0.2750452865760869
0.2750452865760869
0.2750452865760869
0.2750452865760869
0.2750452865760869
0.2750452865760869
0.2750452865760869
0.2750452865760869
0.2750452865760869
0.2750452865760869
0.2750452865760869
0.2750452865760869
0.2750452865760869
0.2750452865760869
0.2750452865760869
0.2750452865760869
0.2750452865760869
0.2750452865760869
0.2750452865760869
0.2750452865760869
0.2750452865760869
0.2750452865760869
0.2750452865760869
0.2750452865760869
0.2750452865760869
0.2750452865760869
0.2750452865760869
0.2750452865760869
0.2750452865760869
0.2750452865760869
0.2750452865760869
0.2750452865760869
0.2750452865760869
0.2750452865760869
0.20761032207429234
0.20761032207429234
0.20761032207429234
0.20761032207429234
0.20761032207429234
0.20761032207429234
0.20761032207429234
0.20761032207429234
0.20761032207429234
0.20761032207429234
0.20761032207429234
0.20761032207429234
0.20761032207429234
0.20761032207429234
0.20761032207429234
0.20761032207429234
0.20761032207429234
0.20761032207429234
0.20761032207429234
0.20761032207429234
0.20761032207429234
0.20761032207429234
0.20761032207429234
0.20761032207429234
0.20761032207429234
0.20761032207429234
0.20761032207429234
0.20761032207429234
0.20761032207429234
0.20761032207429234
0.20761032207429234
0.20761032207429234
0.20761032207429234
0.20761032207429234
0.20761032207429234
0.20761032207429234
0.1552932261032906
0.1552932261032906
0.1552932261032906
0.1552932261032906
0.1552932261032906
0.1552932261032906
0.1552932261032906
0.1552932261032906
0.1552932261032906
0.1552932261032906
0.1552932261032906
0.1552932261032906
0.1552932261032906
0.1552932261032906
0.1552932261032906
0.1552932261032906
0.1552932261032906
0.1552932261032906
0.1552932261032906
0.1552932261032906
0.1552932261032906
0.1552932261032906
0.1552932261032906
0.1552932261032906
0.1552932261032906
0.1552932261032906
0.1552932261032906
0.1552932261032906
0.1552932261032906
0.1552932261032906
0.1552932261032906
0.1552932261032906
0.1552932261032906
0.1552932261032906
0.1552932261032906
0.1552932261032906
0.11504085528934932
0.11504085528934932
0.11504085528934932
0.11504085528934932
0.11504085528934932
0.11504085528934932
0.11504085528934932
0.11504085528934932
0.11504085528934932
0.11504085528934932
0.11504085528934932
0.11504085528934932
0.11504085528934932
0.11504085528934932
0.11504085528934932
0.11504085528934932
0.11504085528934932
0.11504085528934932
0.11504085528934932
0.11504085528934932
0.11504085528934932
0.11504085528934932
0.11504085528934932
0.11504085528934932
0.11504085528934932
0.11504085528934932
0.11504085528934932
0.11504085528934932
0.11504085528934932
0.11504085528934932
0.11504085528934932
0.11504085528934932
0.11504085528934932
0.11504085528934932
0.11504085528934932
0.11504085528934932
0.08434468063711861
0.08434468063711861
0.08434468063711861
0.08434468063711861
0.08434468063711861
0.08434468063711861
0.08434468063711861
0.08434468063711861
0.08434468063711861
0.08434468063711861
0.08434468063711861
0.08434468063711861
0.08434468063711861
0.08434468063711861
0.08434468063711861
0.08434468063711861
0.08434468063711861
0.08434468063711861
0.08434468063711861
0.08434468063711861
0.08434468063711861
0.08434468063711861
0.08434468063711861
0.08434468063711861
0.08434468063711861
0.08434468063711861
0.08434468063711861
0.08434468063711861
0.08434468063711861
0.08434468063711861
0.08434468063711861
0.08434468063711861
0.08434468063711861
0.08434468063711861
0.08434468063711861
0.08434468063711861
0.06115728575115617
0.06115728575115617
0.06115728575115617
0.06115728575115617
0.06115728575115617
0.06115728575115617
0.06115728575115617
0.06115728575115617
0.06115728575115617
0.06115728575115617
0.06115728575115617
0.06115728575115617
0.06115728575115617
0.06115728575115617
0.06115728575115617
0.06115728575115617
0.06115728575115617
0.06115728575115617
0.06115728575115617
0.06115728575115617
0.06115728575115617
0.06115728575115617
0.06115728575115617
0.06115728575115617
0.06115728575115617
0.06115728575115617
0.06115728575115617
0.06115728575115617
0.06115728575115617
0.06115728575115617
0.06115728575115617
0.06115728575115617
0.06115728575115617
0.06115728575115617
0.06115728575115617
0.06115728575115617
0.043819440041298806
0.043819440041298806
0.043819440041298806
0.043819440041298806
0.043819440041298806
0.043819440041298806
0.043819440041298806
0.043819440041298806
0.043819440041298806
0.043819440041298806
0.043819440041298806
0.043819440041298806
0.043819440041298806
0.043819440041298806
0.043819440041298806
0.043819440041298806
0.043819440041298806
0.043819440041298806
0.043819440041298806
0.043819440041298806
0.043819440041298806
0.043819440041298806
0.043819440041298806
0.043819440041298806
0.043819440041298806
0.043819440041298806
0.043819440041298806
0.043819440041298806
0.043819440041298806
0.043819440041298806
0.043819440041298806
0.043819440041298806
0.043819440041298806
0.043819440041298806
0.043819440041298806
0.043819440041298806
0.03099670870447565
0.03099670870447565
0.03099670870447565
0.03099670870447565
0.03099670870447565
0.03099670870447565
0.03099670870447565
0.03099670870447565
0.03099670870447565
0.03099670870447565
0.03099670870447565
0.03099670870447565
0.03099670870447565
0.03099670870447565
0.03099670870447565
0.03099670870447565
0.03099670870447565
0.03099670870447565
0.03099670870447565
0.03099670870447565
0.03099670870447565
0.03099670870447565
0.03099670870447565
0.03099670870447565
0.03099670870447565
0.03099670870447565
0.03099670870447565
0.03099670870447565
0.03099670870447565
0.03099670870447565
0.03099670870447565
0.03099670870447565
0.03099670870447565
0.03099670870447565
0.03099670870447565
0.03099670870447565
0.02162463159280517
0.02162463159280517
0.02162463159280517
0.02162463159280517
0.02162463159280517
0.02162463159280517
0.02162463159280517
0.02162463159280517
0.02162463159280517
0.02162463159280517
0.02162463159280517
0.02162463159280517
0.02162463159280517
0.02162463159280517
0.02162463159280517
0.02162463159280517
0.02162463159280517
0.02162463159280517
0.02162463159280517
0.02162463159280517
0.02162463159280517
0.02162463159280517
0.02162463159280517
0.02162463159280517
0.02162463159280517
0.02162463159280517
0.02162463159280517
0.02162463159280517
0.02162463159280517
0.02162463159280517
0.02162463159280517
0.02162463159280517
0.02162463159280517
0.02162463159280517
0.02162463159280517
0.02162463159280517
0.01486157092779322
0.01486157092779322
0.01486157092779322
0.01486157092779322
0.01486157092779322
0.01486157092779322
0.01486157092779322
0.01486157092779322
0.01486157092779322
0.01486157092779322
0.01486157092779322
0.01486157092779322
0.01486157092779322
0.01486157092779322
0.01486157092779322
0.01486157092779322
0.01486157092779322
0.01486157092779322
0.01486157092779322
0.01486157092779322
0.01486157092779322
0.01486157092779322
0.01486157092779322
0.01486157092779322
0.01486157092779322
0.01486157092779322
0.01486157092779322
0.01486157092779322
0.01486157092779322
0.01486157092779322
0.01486157092779322
0.01486157092779322
0.01486157092779322
0.01486157092779322
0.01486157092779322
0.01486157092779322
0.010048393203149162
0.010048393203149162
0.010048393203149162
0.010048393203149162
0.010048393203149162
0.010048393203149162
0.010048393203149162
0.010048393203149162
0.010048393203149162
0.010048393203149162
0.010048393203149162
0.010048393203149162
0.010048393203149162
0.010048393203149162
0.010048393203149162
0.010048393203149162
0.010048393203149162
0.010048393203149162
0.010048393203149162
0.010048393203149162
0.010048393203149162
0.010048393203149162
0.010048393203149162
0.010048393203149162
0.010048393203149162
0.010048393203149162
0.010048393203149162
0.010048393203149162
0.010048393203149162
0.010048393203149162
0.010048393203149162
0.010048393203149162
0.010048393203149162
0.010048393203149162
0.010048393203149162
0.010048393203149162
0.006674213534169711
0.006674213534169711
0.006674213534169711
0.006674213534169711
0.006674213534169711
0.006674213534169711
0.006674213534169711
0.006674213534169711
0.006674213534169711
0.006674213534169711
0.006674213534169711
0.006674213534169711
0.006674213534169711
0.006674213534169711
0.006674213534169711
0.006674213534169711
0.006674213534169711
0.006674213534169711
0.006674213534169711
0.006674213534169711
0.006674213534169711
0.006674213534169711
0.006674213534169711
0.006674213534169711
0.006674213534169711
0.006674213534169711
0.006674213534169711
0.006674213534169711
0.006674213534169711
0.006674213534169711
0.006674213534169711
0.006674213534169711
0.006674213534169711
0.006674213534169711
0.006674213534169711
0.006674213534169711
0.004347491159797253
0.004347491159797253
0.004347491159797253
0.004347491159797253
0.004347491159797253
0.004347491159797253
0.004347491159797253
0.004347491159797253
0.004347491159797253
0.004347491159797253
0.004347491159797253
0.004347491159797253
0.004347491159797253
0.004347491159797253
0.004347491159797253
0.004347491159797253
0.004347491159797253
0.004347491159797253
0.004347491159797253
0.004347491159797253
0.004347491159797253
0.004347491159797253
0.004347491159797253
0.004347491159797253
0.004347491159797253
0.004347491159797253
0.004347491159797253
0.004347491159797253
0.004347491159797253
0.004347491159797253
0.004347491159797253
0.004347491159797253
0.004347491159797253
0.004347491159797253
0.004347491159797253
0.004347491159797253
0.0027718227843466854
0.0027718227843466854
0.0027718227843466854
0.0027718227843466854
0.0027718227843466854
0.0027718227843466854
0.0027718227843466854
0.0027718227843466854
0.0027718227843466854
0.0027718227843466854
0.0027718227843466854
0.0027718227843466854
0.0027718227843466854
0.0027718227843466854
0.0027718227843466854
0.0027718227843466854
0.0027718227843466854
0.0027718227843466854
0.0027718227843466854
0.0027718227843466854
0.0027718227843466854
0.0027718227843466854
0.0027718227843466854
0.0027718227843466854
0.0027718227843466854
0.0027718227843466854
0.0027718227843466854
0.0027718227843466854
0.0027718227843466854
0.0027718227843466854
0.0027718227843466854
0.0027718227843466854
0.0027718227843466854
0.0027718227843466854
0.0027718227843466854
0.0027718227843466854
0.0017258359595097748
0.0017258359595097748
0.0017258359595097748
0.0017258359595097748
0.0017258359595097748
0.0017258359595097748
0.0017258359595097748
0.0017258359595097748
0.0017258359595097748
0.0017258359595097748
0.0017258359595097748
0.0017258359595097748
0.0017258359595097748
0.0017258359595097748
0.0017258359595097748
0.0017258359595097748
0.0017258359595097748
0.0017258359595097748
0.0017258359595097748
0.0017258359595097748
0.0017258359595097748
0.0017258359595097748
0.0017258359595097748
0.0017258359595097748
0.0017258359595097748
0.0017258359595097748
0.0017258359595097748
0.0017258359595097748
0.0017258359595097748
0.0017258359595097748
0.0017258359595097748
0.0017258359595097748
0.0017258359595097748
0.0017258359595097748
0.0017258359595097748
0.0017258359595097748
0.0010466377535891052
0.0010466377535891052
0.0010466377535891052
0.0010466377535891052
0.0010466377535891052
0.0010466377535891052
0.0010466377535891052
0.0010466377535891052
0.0010466377535891052
0.0010466377535891052
0.0010466377535891052
0.0010466377535891052
0.0010466377535891052
0.0010466377535891052
0.0010466377535891052
0.0010466377535891052
0.0010466377535891052
0.0010466377535891052
0.0010466377535891052
0.0010466377535891052
0.0010466377535891052
0.0010466377535891052
0.0010466377535891052
0.0010466377535891052
0.0010466377535891052
0.0010466377535891052
0.0010466377535891052
0.0010466377535891052
0.0010466377535891052
0.0010466377535891052
0.0010466377535891052
0.0010466377535891052
0.0010466377535891052
0.0010466377535891052
0.0010466377535891052
0.0010466377535891052
0.0006163245339852836
0.0006163245339852836
0.0006163245339852836
0.0006163245339852836
0.0006163245339852836
0.0006163245339852836
0.0006163245339852836
0.0006163245339852836
0.0006163245339852836
0.0006163245339852836
0.0006163245339852836
0.0006163245339852836
0.0006163245339852836
0.0006163245339852836
0.0006163245339852836
0.0006163245339852836
0.0006163245339852836
0.0006163245339852836
0.0006163245339852836
0.0006163245339852836
0.0006163245339852836
0.0006163245339852836
0.0006163245339852836
0.0006163245339852836
0.0006163245339852836
0.0006163245339852836
0.0006163245339852836
0.0006163245339852836
0.0006163245339852836
0.0006163245339852836
0.0006163245339852836
0.0006163245339852836
0.0006163245339852836
0.0006163245339852836
0.0006163245339852836
0.0006163245339852836
0.0003511068007606504
0.0003511068007606504
0.0003511068007606504
0.0003511068007606504
0.0003511068007606504
0.0003511068007606504
0.0003511068007606504
0.0003511068007606504
0.0003511068007606504
0.0003511068007606504
0.0003511068007606504
0.0003511068007606504
0.0003511068007606504
0.0003511068007606504
0.0003511068007606504
0.0003511068007606504
0.0003511068007606504
0.0003511068007606504
0.0003511068007606504
0.0003511068007606504
0.0003511068007606504
0.0003511068007606504
0.0003511068007606504
0.0003511068007606504
0.0003511068007606504
0.0003511068007606504
0.0003511068007606504
0.0003511068007606504
0.0003511068007606504
0.0003511068007606504
0.0003511068007606504
0.0003511068007606504
0.0003511068007606504
0.0003511068007606504
0.0003511068007606504
0.0003511068007606504
0.00019264865363060235
0.00019264865363060235
0.00019264865363060235
0.00019264865363060235
0.00019264865363060235
0.00019264865363060235
0.00019264865363060235
0.00019264865363060235
0.00019264865363060235
0.00019264865363060235
0.00019264865363060235
0.00019264865363060235
0.00019264865363060235
0.00019264865363060235
0.00019264865363060235
0.00019264865363060235
0.00019264865363060235
0.00019264865363060235
0.00019264865363060235
0.00019264865363060235
0.00019264865363060235
0.00019264865363060235
0.00019264865363060235
0.00019264865363060235
0.00019264865363060235
0.00019264865363060235
0.00019264865363060235
0.00019264865363060235
0.00019264865363060235
0.00019264865363060235
0.00019264865363060235
0.00019264865363060235
0.00019264865363060235
0.00019264865363060235
0.00019264865363060235
0.00019264865363060235
0.00010126465198980348
0.00010126465198980348
0.00010126465198980348
0.00010126465198980348
0.00010126465198980348
0.00010126465198980348
0.00010126465198980348
0.00010126465198980348
0.00010126465198980348
0.00010126465198980348
0.00010126465198980348
0.00010126465198980348
0.00010126465198980348
0.00010126465198980348
0.00010126465198980348
0.00010126465198980348
0.00010126465198980348
0.00010126465198980348
0.00010126465198980348
0.00010126465198980348
0.00010126465198980348
0.00010126465198980348
0.00010126465198980348
0.00010126465198980348
0.00010126465198980348
0.00010126465198980348
0.00010126465198980348
0.00010126465198980348
0.00010126465198980348
0.00010126465198980348
0.00010126465198980348
0.00010126465198980348
0.00010126465198980348
0.00010126465198980348
0.00010126465198980348
0.00010126465198980348
5.0657537564825905e-05
5.0657537564825905e-05
5.0657537564825905e-05
5.0657537564825905e-05
5.0657537564825905e-05
5.0657537564825905e-05
5.0657537564825905e-05
5.0657537564825905e-05
5.0657537564825905e-05
5.0657537564825905e-05
5.0657537564825905e-05
5.0657537564825905e-05
5.0657537564825905e-05
5.0657537564825905e-05
5.0657537564825905e-05
5.0657537564825905e-05
5.0657537564825905e-05
5.0657537564825905e-05
5.0657537564825905e-05
5.0657537564825905e-05
5.0657537564825905e-05
5.0657537564825905e-05
5.0657537564825905e-05
5.0657537564825905e-05
5.0657537564825905e-05
5.0657537564825905e-05
5.0657537564825905e-05
5.0657537564825905e-05
5.0657537564825905e-05
5.0657537564825905e-05
5.0657537564825905e-05
5.0657537564825905e-05
5.0657537564825905e-05
5.0657537564825905e-05
5.0657537564825905e-05
5.0657537564825905e-05
2.3918531997348142e-05
2.3918531997348142e-05
2.3918531997348142e-05
2.3918531997348142e-05
2.3918531997348142e-05
2.3918531997348142e-05
2.3918531997348142e-05
2.3918531997348142e-05
2.3918531997348142e-05
2.3918531997348142e-05
2.3918531997348142e-05
2.3918531997348142e-05
2.3918531997348142e-05
2.3918531997348142e-05
2.3918531997348142e-05
2.3918531997348142e-05
2.3918531997348142e-05
2.3918531997348142e-05
2.3918531997348142e-05
2.3918531997348142e-05
2.3918531997348142e-05
2.3918531997348142e-05
2.3918531997348142e-05
2.3918531997348142e-05
2.3918531997348142e-05
2.3918531997348142e-05
2.3918531997348142e-05
2.3918531997348142e-05
2.3918531997348142e-05
2.3918531997348142e-05
2.3918531997348142e-05
2.3918531997348142e-05
2.3918531997348142e-05
2.3918531997348142e-05
2.3918531997348142e-05
2.3918531997348142e-05
1.0547697102793898e-05
1.0547697102793898e-05
1.0547697102793898e-05
1.0547697102793898e-05
1.0547697102793898e-05
1.0547697102793898e-05
1.0547697102793898e-05
1.0547697102793898e-05
1.0547697102793898e-05
1.0547697102793898e-05
1.0547697102793898e-05
1.0547697102793898e-05
1.0547697102793898e-05
1.0547697102793898e-05
1.0547697102793898e-05
1.0547697102793898e-05
1.0547697102793898e-05
1.0547697102793898e-05
1.0547697102793898e-05
1.0547697102793898e-05
1.0547697102793898e-05
1.0547697102793898e-05
1.0547697102793898e-05
1.0547697102793898e-05
1.0547697102793898e-05
1.0547697102793898e-05
1.0547697102793898e-05
1.0547697102793898e-05
1.0547697102793898e-05
1.0547697102793898e-05
1.0547697102793898e-05
1.0547697102793898e-05
1.0547697102793898e-05
1.0547697102793898e-05
1.0547697102793898e-05
1.0547697102793898e-05
4.285153718290839e-06
4.285153718290839e-06
4.285153718290839e-06
4.285153718290839e-06
4.285153718290839e-06
4.285153718290839e-06
4.285153718290839e-06
4.285153718290839e-06
4.285153718290839e-06
4.285153718290839e-06
4.285153718290839e-06
4.285153718290839e-06
4.285153718290839e-06
4.285153718290839e-06
4.285153718290839e-06
4.285153718290839e-06
4.285153718290839e-06
4.285153718290839e-06
4.285153718290839e-06
4.285153718290839e-06
4.285153718290839e-06
4.285153718290839e-06
4.285153718290839e-06
4.285153718290839e-06
4.285153718290839e-06
4.285153718290839e-06
4.285153718290839e-06
4.285153718290839e-06
4.285153718290839e-06
4.285153718290839e-06
4.285153718290839e-06
4.285153718290839e-06
4.285153718290839e-06
4.285153718290839e-06
4.285153718290839e-06
4.285153718290839e-06
1.5747959510478904e-06
1.5747959510478904e-06
1.5747959510478904e-06
1.5747959510478904e-06
1.5747959510478904e-06
1.5747959510478904e-06
1.5747959510478904e-06
1.5747959510478904e-06
1.5747959510478904e-06
1.5747959510478904e-06
1.5747959510478904e-06
1.5747959510478904e-06
1.5747959510478904e-06
1.5747959510478904e-06
1.5747959510478904e-06
1.5747959510478904e-06
1.5747959510478904e-06
1.5747959510478904e-06
1.5747959510478904e-06
1.5747959510478904e-06
1.5747959510478904e-06
1.5747959510478904e-06
1.5747959510478904e-06
1.5747959510478904e-06
1.5747959510478904e-06
1.5747959510478904e-06
1.5747959510478904e-06
1.5747959510478904e-06
1.5747959510478904e-06
1.5747959510478904e-06
1.5747959510478904e-06
1.5747959510478904e-06
1.5747959510478904e-06
1.5747959510478904e-06
1.5747959510478904e-06
1.5747959510478904e-06
5.105112636868957e-07
5.105112636868957e-07
5.105112636868957e-07
5.105112636868957e-07
5.105112636868957e-07
5.105112636868957e-07
5.105112636868957e-07
5.105112636868957e-07
5.105112636868957e-07
5.105112636868957e-07
5.105112636868957e-07
5.105112636868957e-07
5.105112636868957e-07
5.105112636868957e-07
5.105112636868957e-07
5.105112636868957e-07
5.105112636868957e-07
5.105112636868957e-07
5.105112636868957e-07
5.105112636868957e-07
5.105112636868957e-07
5.105112636868957e-07
5.105112636868957e-07
5.105112636868957e-07
5.105112636868957e-07
5.105112636868957e-07
5.105112636868957e-07
5.105112636868957e-07
5.105112636868957e-07
5.105112636868957e-07
5.105112636868957e-07
5.105112636868957e-07
5.105112636868957e-07
5.105112636868957e-07
5.105112636868957e-07
5.105112636868957e-07
1.4082318672695647e-07
1.4082318672695647e-07
1.4082318672695647e-07
1.4082318672695647e-07
1.4082318672695647e-07
1.4082318672695647e-07
1.4082318672695647e-07
1.4082318672695647e-07
1.4082318672695647e-07
1.4082318672695647e-07
1.4082318672695647e-07
1.4082318672695647e-07
1.4082318672695647e-07
1.4082318672695647e-07
1.4082318672695647e-07
1.4082318672695647e-07
1.4082318672695647e-07
1.4082318672695647e-07
1.4082318672695647e-07
1.4082318672695647e-07
1.4082318672695647e-07
1.4082318672695647e-07
1.4082318672695647e-07
1.4082318672695647e-07
1.4082318672695647e-07
1.4082318672695647e-07
1.4082318672695647e-07
1.4082318672695647e-07
1.4082318672695647e-07
1.4082318672695647e-07
1.4082318672695647e-07
1.4082318672695647e-07
1.4082318672695647e-07
1.4082318672695647e-07
1.4082318672695647e-07
1.4082318672695647e-07
3.131253030459196e-08
3.131253030459196e-08
3.131253030459196e-08
3.131253030459196e-08
3.131253030459196e-08
3.131253030459196e-08
3.131253030459196e-08
3.131253030459196e-08
3.131253030459196e-08
3.131253030459196e-08
3.131253030459196e-08
3.131253030459196e-08
3.131253030459196e-08
3.131253030459196e-08
3.131253030459196e-08
3.131253030459196e-08
3.131253030459196e-08
3.131253030459196e-08
3.131253030459196e-08
3.131253030459196e-08
3.131253030459196e-08
3.131253030459196e-08
3.131253030459196e-08
3.131253030459196e-08
3.131253030459196e-08
3.131253030459196e-08
3.131253030459196e-08
3.131253030459196e-08
3.131253030459196e-08
3.131253030459196e-08
3.131253030459196e-08
3.131253030459196e-08
3.131253030459196e-08
3.131253030459196e-08
3.131253030459196e-08
3.131253030459196e-08
5.1447773200123735e-09
5.1447773200123735e-09
5.1447773200123735e-09
5.1447773200123735e-09
5.1447773200123735e-09
5.1447773200123735e-09
5.1447773200123735e-09
5.1447773200123735e-09
5.1447773200123735e-09
5.1447773200123735e-09
5.1447773200123735e-09
5.1447773200123735e-09
5.1447773200123735e-09
5.1447773200123735e-09
5.1447773200123735e-09
5.1447773200123735e-09
5.1447773200123735e-09
5.1447773200123735e-09
5.1447773200123735e-09
5.1447773200123735e-09
5.1447773200123735e-09
5.1447773200123735e-09
5.1447773200123735e-09
5.1447773200123735e-09
5.1447773200123735e-09
5.1447773200123735e-09
5.1447773200123735e-09
5.1447773200123735e-09
5.1447773200123735e-09
5.1447773200123735e-09
5.1447773200123735e-09
5.1447773200123735e-09
5.1447773200123735e-09
5.1447773200123735e-09
5.1447773200123735e-09
5.1447773200123735e-09
5.358785298376215e-10
5.358785298376215e-10
5.358785298376215e-10
5.358785298376215e-10
5.358785298376215e-10
5.358785298376215e-10
5.358785298376215e-10
5.358785298376215e-10
5.358785298376215e-10
5.358785298376215e-10
5.358785298376215e-10
5.358785298376215e-10
5.358785298376215e-10
5.358785298376215e-10
5.358785298376215e-10
5.358785298376215e-10
5.358785298376215e-10
5.358785298376215e-10
5.358785298376215e-10
5.358785298376215e-10
5.358785298376215e-10
5.358785298376215e-10
5.358785298376215e-10
5.358785298376215e-10
5.358785298376215e-10
5.358785298376215e-10
5.358785298376215e-10
5.358785298376215e-10
5.358785298376215e-10
5.358785298376215e-10
5.358785298376215e-10
5.358785298376215e-10
5.358785298376215e-10
5.358785298376215e-10
5.358785298376215e-10
5.358785298376215e-10
2.593665923319085e-11
2.593665923319085e-11
2.593665923319085e-11
2.593665923319085e-11
2.593665923319085e-11
2.593665923319085e-11
2.593665923319085e-11
2.593665923319085e-11
2.593665923319085e-11
2.593665923319085e-11
2.593665923319085e-11
2.593665923319085e-11
2.593665923319085e-11
2.593665923319085e-11
2.593665923319085e-11
2.593665923319085e-11
2.593665923319085e-11
2.593665923319085e-11
2.593665923319085e-11
2.593665923319085e-11
2.593665923319085e-11
2.593665923319085e-11
2.593665923319085e-11
2.593665923319085e-11
2.593665923319085e-11
2.593665923319085e-11
2.593665923319085e-11
2.593665923319085e-11
2.593665923319085e-11
2.593665923319085e-11
2.593665923319085e-11
2.593665923319085e-11
2.593665923319085e-11
2.593665923319085e-11
2.593665923319085e-11
2.593665923319085e-11
2.6138176700769056e-13
2.6138176700769056e-13
2.6138176700769056e-13
2.6138176700769056e-13
2.6138176700769056e-13
2.6138176700769056e-13
2.6138176700769056e-13
2.6138176700769056e-13
2.6138176700769056e-13
2.6138176700769056e-13
2.6138176700769056e-13
2.6138176700769056e-13
2.6138176700769056e-13
2.6138176700769056e-13
2.6138176700769056e-13
2.6138176700769056e-13
2.6138176700769056e-13
2.6138176700769056e-13
2.6138176700769056e-13
2.6138176700769056e-13
2.6138176700769056e-13
2.6138176700769056e-13
2.6138176700769056e-13
2.6138176700769056e-13
2.6138176700769056e-13
2.6138176700769056e-13
2.6138176700769056e-13
2.6138176700769056e-13
2.6138176700769056e-13
2.6138176700769056e-13
2.6138176700769056e-13
2.6138176700769056e-13
2.6138176700769056e-13
2.6138176700769056e-13
2.6138176700769056e-13
2.6138176700769056e-13
1.3279569527393705e-17
1.3279569527393705e-17
1.3279569527393705e-17
1.3279569527393705e-17
1.3279569527393705e-17
1.3279569527393705e-17
1.3279569527393705e-17
1.3279569527393705e-17
1.3279569527393705e-17
1.3279569527393705e-17
1.3279569527393705e-17
1.3279569527393705e-17
1.3279569527393705e-17
1.3279569527393705e-17
1.3279569527393705e-17
1.3279569527393705e-17
1.3279569527393705e-17
1.3279569527393705e-17
1.3279569527393705e-17
1.3279569527393705e-17
1.3279569527393705e-17
1.3279569527393705e-17
1.3279569527393705e-17
1.3279569527393705e-17
1.3279569527393705e-17
1.3279569527393705e-17
1.3279569527393705e-17
1.3279569527393705e-17
1.3279569527393705e-17
1.3279569527393705e-17
1.3279569527393705e-17
1.3279569527393705e-17
1.3279569527393705e-17
1.3279569527393705e-17
1.3279569527393705e-17
1.3279569527393705e-17
-1.3279569527393705e-17
-1.3279569527393705e-17
-1.3279569527393705e-17
-1.3279569527393705e-17
-1.3279569527393705e-17
-1.3279569527393705e-17
-1.3279569527393705e-17
-1.3279569527393705e-17
-1.3279569527393705e-17
-1.3279569527393705e-17
-1.3279569527393705e-17
-1.3279569527393705e-17
-1.3279569527393705e-17
-1.3279569527393705e-17
-1.3279569527393705e-17
-1.3279569527393705e-17
-1.3279569527393705e-17
-1.3279569527393705e-17
-1.3279569527393705e-17
-1.3279569527393705e-17
-1.3279569527393705e-17
-1.3279569527393705e-17
-1.3279569527393705e-17
-1.3279569527393705e-17
-1.3279569527393705e-17
-1.3279569527393705e-17
-1.3279569527393705e-17
-1.3279569527393705e-17
-1.3279569527393705e-17
-1.3279569527393705e-17
-1.3279569527393705e-17
-1.3279569527393705e-17
-1.3279569527393705e-17
-1.3279569527393705e-17
-1.3279569527393705e-17
-1.3279569527393705e-17
-2.6138176700769056e-13
-2.6138176700769056e-13
-2.6138176700769056e-13
-2.6138176700769056e-13
-2.6138176700769056e-13
-2.6138176700769056e-13
-2.6138176700769056e-13
-2.6138176700769056e-13
-2.6138176700769056e-13
-2.6138176700769056e-13
-2.6138176700769056e-13
-2.6138176700769056e-13
-2.6138176700769056e-13
-2.6138176700769056e-13
-2.6138176700769056e-13
-2.6138176700769056e-13
-2.6138176700769056e-13
-2.6138176700769056e-13
-2.6138176700769056e-13
-2.6138176700769056e-13
-2.6138176700769056e-13
-2.6138176700769056e-13
-2.6138176700769056e-13
-2.6138176700769056e-13
-2.6138176700769056e-13
-2.6138176700769056e-13
-2.6138176700769056e-13
-2.6138176700769056e-13
-2.6138176700769056e-13
-2.6138176700769056e-13
-2.6138176700769056e-13
-2.6138176700769056e-13
-2.6138176700769056e-13
-2.6138176700769056e-13
-2.6138176700769056e-13
-2.6138176700769056e-13
-2.593665923319085e-11
-2.593665923319085e-11
-2.593665923319085e-11
-2.593665923319085e-11
-2.593665923319085e-11
-2.593665923319085e-11
-2.593665923319085e-11
-2.593665923319085e-11
-2.593665923319085e-11
-2.593665923319085e-11
-2.593665923319085e-11
-2.593665923319085e-11
-2.593665923319085e-11
-2.593665923319085e-11
-2.593665923319085e-11
-2.593665923319085e-11
-2.593665923319085e-11
-2.593665923319085e-11
-2.593665923319085e-11
-2.593665923319085e-11
-2.593665923319085e-11
-2.593665923319085e-11
-2.593665923319085e-11
-2.593665923319085e-11
-2.593665923319085e-11
-2.593665923319085e-11
-2.593665923319085e-11
-2.593665923319085e-11
-2.593665923319085e-11
-2.593665923319085e-11
-2.593665923319085e-11
-2.593665923319085e-11
-2.593665923319085e-11
-2.593665923319085e-11
-2.593665923319085e-11
-2.593665923319085e-11
-5.358785298376215e-10
-5.358785298376215e-10
-5.358785298376215e-10
-5.358785298376215e-10
-5.358785298376215e-10
-5.358785298376215e-10
-5.358785298376215e-10
-5.358785298376215e-10
-5.358785298376215e-10
-5.358785298376215e-10
-5.358785298376215e-10
-5.358785298376215e-10
-5.358785298376215e-10
-5.358785298376215e-10
-5.358785298376215e-10
-5.358785298376215e-10
-5.358785298376215e-10
-5.358785298376215e-10
-5.358785298376215e-10
-5.358785298376215e-10
-5.358785298376215e-10
-5.358785298376215e-10
-5.358785298376215e-10
-5.358785298376215e-10
-5.358785298376215e-10
-5.358785298376215e-10
-5.358785298376215e-10
-5.358785298376215e-10
-5.358785298376215e-10
-5.358785298376215e-10
-5.358785298376215e-10
-5.358785298376215e-10
-5.358785298376215e-10
-5.358785298376215e-10
-5.358785298376215e-10
-5.358785298376215e-10
-5.1447773200123735e-09
-5.1447773200123735e-09
-5.1447773200123735e-09
-5.1447773200123735e-09
-5.1447773200123735e-09
-5.1447773200123735e-09
-5.1447773200123735e-09
-5.1447773200123735e-09
-5.1447773200123735e-09
-5.1447773200123735e-09
-5.1447773200123735e-09
-5.1447773200123735e-09
-5.1447773200123735e-09
-5.1447773200123735e-09
-5.1447773200123735e-09
-5.1447773200123735e-09
-5.1447773200123735e-09
-5.1447773200123735e-09
-5.1447773200123735e-09
-5.1447773200123735e-09
-5.1447773200123735e-09
-5.1447773200123735e-09
-5.1447773200123735e-09
-5.1447773200123735e-09
-5.1447773200123735e-09
-5.1447773200123735e-09
-5.1447773200123735e-09
-5.1447773200123735e-09
-5.1447773200123735e-09
-5.1447773200123735e-09
-5.1447773200123735e-09
-5.1447773200123735e-09
-5.1447773200123735e-09
-5.1447773200123735e-09
-5.1447773200123735e-09
-5.1447773200123735e-09
-3.131253030459196e-08
-3.131253030459196e-08
-3.131253030459196e-08
-3.131253030459196e-08
-3.131253030459196e-08
-3.131253030459196e-08
-3.131253030459196e-08
-3.131253030459196e-08
-3.131253030459196e-08
-3.131253030459196e-08
-3.131253030459196e-08
-3.131253030459196e-08
-3.131253030459196e-08
-3.131253030459196e-08
-3.131253030459196e-08
-3.131253030459196e-08
-3.131253030459196e-08
-3.131253030459196e-08
-3.131253030459196e-08
-3.131253030459196e-08
-3.131253030459196e-08
-3.131253030459196e-08
-3.131253030459196e-08
-3.131253030459196e-08
-3.131253030459196e-08
-3.131253030459196e-08
-3.131253030459196e-08
-3.131253030459196e-08
-3.131253030459196e-08
-3.131253030459196e-08
-3.131253030459196e-08
-3.131253030459196e-08
-3.131253030459196e-08
-3.131253030459196e-08
-3.131253030459196e-08
-3.131253030459196e-08
-1.4082318672695647e-07
-1.4082318672695647e-07
-1.4082318672695647e-07
-1.4082318672695647e-07
-1.4082318672695647e-07
-1.4082318672695647e-07
-1.4082318672695647e-07
-1.4082318672695647e-07
-1.4082318672695647e-07
-1.4082318672695647e-07
-1.4082318672695647e-07
-1.4082318672695647e-07
-1.4082318672695647e-07
-1.4082318672695647e-07
-1.4082318672695647e-07
-1.4082318672695647e-07
-1.4082318672695647e-07
-1.4082318672695647e-07
-1.4082318672695647e-07
-1.4082318672695647e-07
-1.4082318672695647e-07
-1.4082318672695647e-07
-1.4082318672695647e-07
-1.4082318672695647e-07
-1.4082318672695647e-07
-1.4082318672695647e-07
-1.4082318672695647e-07
-1.4082318672695647e-07
-1.4082318672695647e-07
-1.4082318672695647e-07
-1.4082318672695647e-07
-1.4082318672695647e-07
-1.4082318672695647e-07
-1.4082318672695647e-07
-1.4082318672695647e-07
-1.4082318672695647e-07
-5.105112636868957e-07
-5.105112636868957e-07
-5.105112636868957e-07
-5.105112636868957e-07
-5.105112636868957e-07
-5.105112636868957e-07
-5.105112636868957e-07
-5.105112636868957e-07
-5.105112636868957e-07
-5.105112636868957e-07
-5.105112636868957e-07
-5.105112636868957e-07
-5.105112636868957e-07
-5.105112636868957e-07
-5.105112636868957e-07
-5.105112636868957e-07
-5.105112636868957e-07
-5.105112636868957e-07
-5.105112636868957e-07
-5.105112636868957e-07
-5.105112636868957e-07
-5.105112636868957e-07
-5.105112636868957e-07
-5.105112636868957e-07
-5.105112636868957e-07
-5.105112636868957e-07
-5.105112636868957e-07
-5.105112636868957e-07
-5.105112636868957e-07
-5.105112636868957e-07
-5.105112636868957e-07
-5.105112636868957e-07
-5.105112636868957e-07
-5.105112636868957e-07
-5.105112636868957e-07
-5.105112636868957e-07
-1.5747959510478904e-06
-1.5747959510478904e-06
-1.5747959510478904e-06
-1.5747959510478904e-06
-1.5747959510478904e-06
-1.5747959510478904e-06
-1.5747959510478904e-06
-1.5747959510478904e-06
-1.5747959510478904e-06
-1.5747959510478904e-06
-1.5747959510478904e-06
-1.5747959510478904e-06
-1.5747959510478904e-06
-1.5747959510478904e-06
-1.5747959510478904e-06
-1.5747959510478904e-06
-1.5747959510478904e-06
-1.5747959510478904e-06
-1.5747959510478904e-06
-1.5747959510478904e-06
-1.5747959510478904e-06
-1.5747959510478904e-06
-1.5747959510478904e-06
-1.5747959510478904e-06
-1.5747959510478904e-06
-1.5747959510478904e-06
-1.5747959510478904e-06
-1.5747959510478904e-06
-1.5747959510478904e-06
-1.5747959510478904e-06
-1.5747959510478904e-06
-1.5747959510478904e-06
-1.5747959510478904e-06
-1.5747959510478904e-06
-1.5747959510478904e-06
-1.5747959510478904e-06
-4.285153718290839e-06
-4.285153718290839e-06
-4.285153718290839e-06
-4.285153718290839e-06
-4.285153718290839e-06
-4.285153718290839e-06
-4.285153718290839e-06
-4.285153718290839e-06
-4.285153718290839e-06
-4.285153718290839e-06
-4.285153718290839e-06
-4.285153718290839e-06
-4.285153718290839e-06
-4.285153718290839e-06
-4.285153718290839e-06
-4.285153718290839e-06
-4.285153718290839e-06
-4.285153718290839e-06
-4.285153718290839e-06
-4.285153718290839e-06
-4.285153718290839e-06
-4.285153718290839e-06
-4.285153718290839e-06
-4.285153718290839e-06
-4.285153718290839e-06
-4.285153718290839e-06
-4.285153718290839e-06
-4.285153718290839e-06
-4.285153718290839e-06
-4.285153718290839e-06
-4.285153718290839e-06
-4.285153718290839e-06
-4.285153718290839e-06
-4.285153718290839e-06
-4.285153718290839e-06
-4.285153718290839e-06
-1.0547697102793898e-05
-1.0547697102793898e-05
-1.0547697102793898e-05
-1.0547697102793898e-05
-1.0547697102793898e-05
-1.0547697102793898e-05
-1.0547697102793898e-05
-1.0547697102793898e-05
-1.0547697102793898e-05
-1.0547697102793898e-05
-1.0547697102793898e-05
-1.0547697102793898e-05
-1.0547697102793898e-05
-1.0547697102793898e-05
-1.0547697102793898e-05
-1.0547697102793898e-05
-1.0547697102793898e-05
-1.0547697102793898e-05
-1.0547697102793898e-05
-1.0547697102793898e-05
-1.0547697102793898e-05
-1.0547697102793898e-05
-1.0547697102793898e-05
-1.0547697102793898e-05
-1.0547697102793898e-05
-1.0547697102793898e-05
-1.0547697102793898e-05
-1.0547697102793898e-05
-1.0547697102793898e-05
-1.0547697102793898e-05
-1.0547697102793898e-05
-1.0547697102793898e-05
-1.0547697102793898e-05
-1.0547697102793898e-05
-1.0547697102793898e-05
-1.0547697102793898e-05
-2.3918531997348142e-05
-2.3918531997348142e-05
-2.3918531997348142e-05
-2.3918531997348142e-05
-2.3918531997348142e-05
-2.3918531997348142e-05
-2.3918531997348142e-05
-2.3918531997348142e-05
-2.3918531997348142e-05
-2.3918531997348142e-05
-2.3918531997348142e-05
-2.3918531997348142e-05
-2.3918531997348142e-05
-2.3918531997348142e-05
-2.3918531997348142e-05
-2.3918531997348142e-05
-2.3918531997348142e-05
-2.3918531997348142e-05
-2.3918531997348142e-05
-2.3918531997348142e-05
-2.3918531997348142e-05
-2.3918531997348142e-05
-2.3918531997348142e-05
-2.3918531997348142e-05
-2.3918531997348142e-05
-2.3918531997348142e-05
-2.3918531997348142e-05
-2.3918531997348142e-05
-2.3918531997348142e-05
-2.3918531997348142e-05
-2.3918531997348142e-05
-2.3918531997348142e-05
-2.3918531997348142e-05
-2.3918531997348142e-05
-2.3918531997348142e-05
-2.3918531997348142e-05
-5.0657537564825905e-05
-5.0657537564825905e-05
-5.0657537564825905e-05
-5.0657537564825905e-05
-5.0657537564825905e-05
-5.0657537564825905e-05
-5.0657537564825905e-05
-5.0657537564825905e-05
-5.0657537564825905e-05
-5.0657537564825905e-05
-5.0657537564825905e-05
-5.0657537564825905e-05
-5.0657537564825905e-05
-5.0657537564825905e-05
-5.0657537564825905e-05
-5.0657537564825905e-05
-5.0657537564825905e-05
-5.0657537564825905e-05
-5.0657537564825905e-05
-5.0657537564825905e-05
-5.0657537564825905e-05
-5.0657537564825905e-05
-5.0657537564825905e-05
-5.0657537564825905e-05
-5.0657537564825905e-05
-5.0657537564825905e-05
-5.0657537564825905e-05
-5.0657537564825905e-05
-5.0657537564825905e-05
-5.0657537564825905e-05
-5.0657537564825905e-05
-5.0657537564825905e-05
-5.0657537564825905e-05
-5.0657537564825905e-05
-5.0657537564825905e-05
-5.0657537564825905e-05
-0.00010126465198980348
-0.00010126465198980348
-0.00010126465198980348
-0.00010126465198980348
-0.00010126465198980348
-0.00010126465198980348
-0.00010126465198980348
-0.00010126465198980348
-0.00010126465198980348
-0.00010126465198980348
-0.00010126465198980348
-0.00010126465198980348
-0.00010126465198980348
-0.00010126465198980348
-0.00010126465198980348
-0.00010126465198980348
-0.00010126465198980348
-0.00010126465198980348
-0.00010126465198980348
-0.00010126465198980348
-0.00010126465198980348
-0.00010126465198980348
-0.00010126465198980348
-0.00010126465198980348
-0.00010126465198980348
-0.00010126465198980348
-0.00010126465198980348
-0.00010126465198980348
-0.00010126465198980348
-0.00010126465198980348
-0.00010126465198980348
-0.00010126465198980348
-0.00010126465198980348
-0.00010126465198980348
-0.00010126465198980348
-0.00010126465198980348
-0.00019264865363060235
-0.00019264865363060235
-0.00019264865363060235
-0.00019264865363060235
-0.00019264865363060235
-0.00019264865363060235
-0.00019264865363060235
-0.00019264865363060235
-0.00019264865363060235
-0.00019264865363060235
-0.00019264865363060235
-0.00019264865363060235
-0.00019264865363060235
-0.00019264865363060235
-0.00019264865363060235
-0.00019264865363060235
-0.00019264865363060235
-0.00019264865363060235
-0.00019264865363060235
-0.00019264865363060235
-0.00019264865363060235
-0.00019264865363060235
-0.00019264865363060235
-0.00019264865363060235
-0.00019264865363060235
-0.00019264865363060235
-0.00019264865363060235
-0.00019264865363060235
-0.00019264865363060235
-0.00019264865363060235
-0.00019264865363060235
-0.00019264865363060235
-0.00019264865363060235
-0.00019264865363060235
-0.00019264865363060235
-0.00019264865363060235
-0.0003511068007606504
-0.0003511068007606504
-0.0003511068007606504
-0.0003511068007606504
-0.0003511068007606504
-0.0003511068007606504
-0.0003511068007606504
-0.0003511068007606504
-0.0003511068007606504
-0.0003511068007606504
-0.0003511068007606504
-0.0003511068007606504
-0.0003511068007606504
-0.0003511068007606504
-0.0003511068007606504
-0.0003511068007606504
-0.0003511068007606504
-0.0003511068007606504
-0.0003511068007606504
-0.0003511068007606504
-0.0003511068007606504
-0.0003511068007606504
-0.0003511068007606504
-0.0003511068007606504
-0.0003511068007606504
-0.0003511068007606504
-0.0003511068007606504
-0.0003511068007606504
-0.0003511068007606504
-0.0003511068007606504
-0.0003511068007606504
-0.0003511068007606504
-0.0003511068007606504
-0.0003511068007606504
-0.0003511068007606504
-0.0003511068007606504
-0.0006163245339852836
-0.0006163245339852836
-0.0006163245339852836
-0.0006163245339852836
-0.0006163245339852836
-0.0006163245339852836
-0.0006163245339852836
-0.0006163245339852836
-0.0006163245339852836
-0.0006163245339852836
-0.0006163245339852836
-0.0006163245339852836
-0.0006163245339852836
-0.0006163245339852836
-0.0006163245339852836
-0.0006163245339852836
-0.0006163245339852836
-0.0006163245339852836
-0.0006163245339852836
-0.0006163245339852836
-0.0006163245339852836
-0.0006163245339852836
-0.0006163245339852836
-0.0006163245339852836
-0.0006163245339852836
-0.0006163245339852836
-0.0006163245339852836
-0.0006163245339852836
-0.0006163245339852836
-0.0006163245339852836
-0.0006163245339852836
-0.0006163245339852836
-0.0006163245339852836
-0.0006163245339852836
-0.0006163245339852836
-0.0006163245339852836
-0.0010466377535891052
-0.0010466377535891052
-0.0010466377535891052
-0.0010466377535891052
-0.0010466377535891052
-0.0010466377535891052
-0.0010466377535891052
-0.0010466377535891052
-0.0010466377535891052
-0.0010466377535891052
-0.0010466377535891052
-0.0010466377535891052
-0.0010466377535891052
-0.0010466377535891052
-0.0010466377535891052
-0.0010466377535891052
-0.0010466377535891052
-0.0010466377535891052
-0.0010466377535891052
-0.0010466377535891052
-0.0010466377535891052
-0.0010466377535891052
-0.0010466377535891052
-0.0010466377535891052
-0.0010466377535891052
-0.0010466377535891052
-0.0010466377535891052
-0.0010466377535891052
-0.0010466377535891052
-0.0010466377535891052
-0.0010466377535891052
-0.0010466377535891052
-0.0010466377535891052
-0.0010466377535891052
-0.0010466377535891052
-0.0010466377535891052
-0.0017258359595097748
-0.0017258359595097748
-0.0017258359595097748
-0.0017258359595097748
-0.0017258359595097748
-0.0017258359595097748
-0.0017258359595097748
-0.0017258359595097748
-0.0017258359595097748
-0.0017258359595097748
-0.0017258359595097748
-0.0017258359595097748
-0.0017258359595097748
-0.0017258359595097748
-0.0017258359595097748
-0.0017258359595097748
-0.0017258359595097748
-0.0017258359595097748
-0.0017258359595097748
-0.0017258359595097748
-0.0017258359595097748
-0.0017258359595097748
-0.0017258359595097748
-0.0017258359595097748
-0.0017258359595097748
-0.0017258359595097748
-0.0017258359595097748
-0.0017258359595097748
-0.0017258359595097748
-0.0017258359595097748
-0.0017258359595097748
-0.0017258359595097748
-0.0017258359595097748
-0.0017258359595097748
-0.0017258359595097748
-0.0017258359595097748
-0.0027718227843466854
-0.0027718227843466854
-0.0027718227843466854
-0.0027718227843466854
-0.0027718227843466854
-0.0027718227843466854
-0.0027718227843466854
-0.0027718227843466854
-0.0027718227843466854
-0.0027718227843466854
-0.0027718227843466854
-0.0027718227843466854
-0.0027718227843466854
-0.0027718227843466854
-0.0027718227843466854
-0.0027718227843466854
-0.0027718227843466854
-0.0027718227843466854
-0.0027718227843466854
-0.0027718227843466854
-0.0027718227843466854
-0.0027718227843466854
-0.0027718227843466854
-0.0027718227843466854
-0.0027718227843466854
-0.0027718227843466854
-0.0027718227843466854
-0.0027718227843466854
-0.0027718227843466854
-0.0027718227843466854
-0.0027718227843466854
-0.0027718227843466854
-0.0027718227843466854
-0.0027718227843466854
-0.0027718227843466854
-0.0027718227843466854
-0.004347491159797253
-0.004347491159797253
-0.004347491159797253
-0.004347491159797253
-0.004347491159797253
-0.004347491159797253
-0.004347491159797253
-0.004347491159797253
-0.004347491159797253
-0.004347491159797253
-0.004347491159797253
-0.004347491159797253
-0.004347491159797253
-0.004347491159797253
-0.004347491159797253
-0.004347491159797253
-0.004347491159797253
-0.004347491159797253
-0.004347491159797253
-0.004347491159797253
-0.004347491159797253
-0.004347491159797253
-0.004347491159797253
-0.004347491159797253
-0.004347491159797253
-0.004347491159797253
-0.004347491159797253
-0.004347491159797253
-0.004347491159797253
-0.004347491159797253
-0.004347491159797253
-0.004347491159797253
-0.004347491159797253
-0.004347491159797253
-0.004347491159797253
-0.004347491159797253
-0.006674213534169711
-0.006674213534169711
-0.006674213534169711
-0.006674213534169711
-0.006674213534169711
-0.006674213534169711
-0.006674213534169711
-0.006674213534169711
-0.006674213534169711
-0.006674213534169711
-0.006674213534169711
-0.006674213534169711
-0.006674213534169711
-0.006674213534169711
-0.006674213534169711
-0.006674213534169711
-0.006674213534169711
-0.006674213534169711
-0.006674213534169711
-0.006674213534169711
-0.006674213534169711
-0.006674213534169711
-0.006674213534169711
-0.006674213534169711
-0.006674213534169711
-0.006674213534169711
-0.006674213534169711
-0.006674213534169711
-0.006674213534169711
-0.006674213534169711
-0.006674213534169711
-0.006674213534169711
-0.006674213534169711
-0.006674213534169711
-0.006674213534169711
-0.006674213534169711
-0.010048393203149162
-0.010048393203149162
-0.010048393203149162
-0.010048393203149162
-0.010048393203149162
-0.010048393203149162
-0.010048393203149162
-0.010048393203149162
-0.010048393203149162
-0.010048393203149162
-0.010048393203149162
-0.010048393203149162
-0.010048393203149162
-0.010048393203149162
-0.010048393203149162
-0.010048393203149162
-0.010048393203149162
-0.010048393203149162
-0.010048393203149162
-0.010048393203149162
-0.010048393203149162
-0.010048393203149162
-0.010048393203149162
-0.010048393203149162
-0.010048393203149162
-0.010048393203149162
-0.010048393203149162
-0.010048393203149162
-0.010048393203149162
-0.010048393203149162
-0.010048393203149162
-0.010048393203149162
-0.010048393203149162
-0.010048393203149162
-0.010048393203149162
-0.010048393203149162
-0.01486157092779322
-0.01486157092779322
-0.01486157092779322
-0.01486157092779322
-0.01486157092779322
-0.01486157092779322
-0.01486157092779322
-0.01486157092779322
-0.01486157092779322
-0.01486157092779322
-0.01486157092779322
-0.01486157092779322
-0.01486157092779322
-0.01486157092779322
-0.01486157092779322
-0.01486157092779322
-0.01486157092779322
-0.01486157092779322
-0.01486157092779322
-0.01486157092779322
-0.01486157092779322
-0.01486157092779322
-0.01486157092779322
-0.01486157092779322
-0.01486157092779322
-0.01486157092779322
-0.01486157092779322
-0.01486157092779322
-0.01486157092779322
-0.01486157092779322
-0.01486157092779322
-0.01486157092779322
-0.01486157092779322
-0.01486157092779322
-0.01486157092779322
-0.01486157092779322
-0.02162463159280517
-0.02162463159280517
-0.02162463159280517
-0.02162463159280517
-0.02162463159280517
-0.02162463159280517
-0.02162463159280517
-0.02162463159280517
-0.02162463159280517
-0.02162463159280517
-0.02162463159280517
-0.02162463159280517
-0.02162463159280517
-0.02162463159280517
-0.02162463159280517
-0.02162463159280517
-0.02162463159280517
-0.02162463159280517
-0.02162463159280517
-0.02162463159280517
-0.02162463159280517
-0.02162463159280517
-0.02162463159280517
-0.02162463159280517
-0.02162463159280517
-0.02162463159280517
-0.02162463159280517
-0.02162463159280517
-0.02162463159280517
-0.02162463159280517
-0.02162463159280517
-0.02162463159280517
-0.02162463159280517
-0.02162463159280517
-0.02162463159280517
-0.02162463159280517
-0.03099670870447565
-0.03099670870447565
-0.03099670870447565
-0.03099670870447565
-0.03099670870447565
-0.03099670870447565
-0.03099670870447565
-0.03099670870447565
-0.03099670870447565
-0.03099670870447565
-0.03099670870447565
-0.03099670870447565
-0.03099670870447565
-0.03099670870447565
-0.03099670870447565
-0.03099670870447565
-0.03099670870447565
-0.03099670870447565
-0.03099670870447565
-0.03099670870447565
-0.03099670870447565
-0.03099670870447565
-0.03099670870447565
-0.03099670870447565
-0.03099670870447565
-0.03099670870447565
-0.03099670870447565
-0.03099670870447565
-0.03099670870447565
-0.03099670870447565
-0.03099670870447565
-0.03099670870447565
-0.03099670870447565
-0.03099670870447565
-0.03099670870447565
-0.03099670870447565
-0.043819440041298806
-0.043819440041298806
-0.043819440041298806
-0.043819440041298806
-0.043819440041298806
-0.043819440041298806
-0.043819440041298806
-0.043819440041298806
-0.043819440041298806
-0.043819440041298806
-0.043819440041298806
-0.043819440041298806
-0.043819440041298806
-0.043819440041298806
-0.043819440041298806
-0.043819440041298806
-0.043819440041298806
-0.043819440041298806
-0.043819440041298806
-0.043819440041298806
-0.043819440041298806
-0.043819440041298806
-0.043819440041298806
-0.043819440041298806
-0.043819440041298806
-0.043819440041298806
-0.043819440041298806
-0.043819440041298806
-0.043819440041298806
-0.043819440041298806
-0.043819440041298806
-0.043819440041298806
-0.043819440041298806
-0.043819440041298806
-0.043819440041298806
-0.043819440041298806
-0.06115728575115617
-0.06115728575115617
-0.06115728575115617
-0.06115728575115617
-0.06115728575115617
-0.06115728575115617
-0.06115728575115617
-0.06115728575115617
-0.06115728575115617
-0.06115728575115617
-0.06115728575115617
-0.06115728575115617
-0.06115728575115617
-0.06115728575115617
-0.06115728575115617
-0.06115728575115617
-0.06115728575115617
-0.06115728575115617
-0.06115728575115617
-0.06115728575115617
-0.06115728575115617
-0.06115728575115617
-0.06115728575115617
-0.06115728575115617
-0.06115728575115617
-0.06115728575115617
-0.06115728575115617
-0.06115728575115617
-0.06115728575115617
-0.06115728575115617
-0.06115728575115617
-0.06115728575115617
-0.06115728575115617
-0.06115728575115617
-0.06115728575115617
-0.06115728575115617
-0.08434468063711861
-0.08434468063711861
-0.08434468063711861
-0.08434468063711861
-0.08434468063711861
-0.08434468063711861
-0.08434468063711861
-0.08434468063711861
-0.08434468063711861
-0.08434468063711861
-0.08434468063711861
-0.08434468063711861
-0.08434468063711861
-0.08434468063711861
-0.08434468063711861
-0.08434468063711861
-0.08434468063711861
-0.08434468063711861
-0.08434468063711861
-0.08434468063711861
-0.08434468063711861
-0.08434468063711861
-0.08434468063711861
-0.08434468063711861
-0.08434468063711861
-0.08434468063711861
-0.08434468063711861
-0.08434468063711861
-0.08434468063711861
-0.08434468063711861
-0.08434468063711861
-0.08434468063711861
-0.08434468063711861
-0.08434468063711861
-0.08434468063711861
-0.08434468063711861
-0.11504085528934932
-0.11504085528934932
-0.11504085528934932
-0.11504085528934932
-0.11504085528934932
-0.11504085528934932
-0.11504085528934932
-0.11504085528934932
-0.11504085528934932
-0.11504085528934932
-0.11504085528934932
-0.11504085528934932
-0.11504085528934932
-0.11504085528934932
-0.11504085528934932
-0.11504085528934932
-0.11504085528934932
-0.11504085528934932
-0.11504085528934932
-0.11504085528934932
-0.11504085528934932
-0.11504085528934932
-0.11504085528934932
-0.11504085528934932
-0.11504085528934932
-0.11504085528934932
-0.11504085528934932
-0.11504085528934932
-0.11504085528934932
-0.11504085528934932
-0.11504085528934932
-0.11504085528934932
-0.11504085528934932
-0.11504085528934932
-0.11504085528934932
-0.11504085528934932
-0.1552932261032906
-0.1552932261032906
-0.1552932261032906
-0.1552932261032906
-0.1552932261032906
-0.1552932261032906
-0.1552932261032906
-0.1552932261032906
-0.1552932261032906
-0.1552932261032906
-0.1552932261032906
-0.1552932261032906
-0.1552932261032906
-0.1552932261032906
-0.1552932261032906
-0.1552932261032906
-0.1552932261032906
-0.1552932261032906
-0.1552932261032906
-0.1552932261032906
-0.1552932261032906
-0.1552932261032906
-0.1552932261032906
-0.1552932261032906
-0.1552932261032906
-0.1552932261032906
-0.1552932261032906
-0.1552932261032906
-0.1552932261032906
-0.1552932261032906
-0.1552932261032906
-0.1552932261032906
-0.1552932261032906
-0.1552932261032906
-0.1552932261032906
-0.1552932261032906
-0.20761032207429234
-0.20761032207429234
-0.20761032207429234
-0.20761032207429234
-0.20761032207429234
-0.20761032207429234
-0.20761032207429234
-0.20761032207429234
-0.20761032207429234
-0.20761032207429234
-0.20761032207429234
-0.20761032207429234
-0.20761032207429234
-0.20761032207429234
-0.20761032207429234
-0.20761032207429234
-0.20761032207429234
-0.20761032207429234
-0.20761032207429234
-0.20761032207429234
-0.20761032207429234
-0.20761032207429234
-0.20761032207429234
-0.20761032207429234
-0.20761032207429234
-0.20761032207429234
-0.20761032207429234
-0.20761032207429234
-0.20761032207429234
-0.20761032207429234
-0.20761032207429234
-0.20761032207429234
-0.20761032207429234
-0.20761032207429234
-0.20761032207429234
-0.20761032207429234
-0.2750452865760869
-0.2750452865760869
-0.2750452865760869
-0.2750452865760869
-0.2750452865760869
-0.2750452865760869
-0.2750452865760869
-0.2750452865760869
-0.2750452865760869
-0.2750452865760869
-0.2750452865760869
-0.2750452865760869
-0.2750452865760869
-0.2750452865760869
-0.2750452865760869
-0.2750452865760869
-0.2750452865760869
-0.2750452865760869
-0.2750452865760869
-0.2750452865760869
-0.2750452865760869
-0.2750452865760869
-0.2750452865760869
-0.2750452865760869
-0.2750452865760869
-0.2750452865760869
-0.2750452865760869
-0.2750452865760869
-0.2750452865760869
-0.2750452865760869
-0.2750452865760869
-0.2750452865760869
-0.2750452865760869
-0.2750452865760869
-0.2750452865760869
-0.2750452865760869
-0.3612910651150273
-0.3612910651150273
-0.3612910651150273
-0.3612910651150273
-0.3612910651150273
-0.3612910651150273
-0.3612910651150273
-0.3612910651150273
-0.3612910651150273
-0.3612910651150273
-0.3612910651150273
-0.3612910651150273
-0.3612910651150273
-0.3612910651150273
-0.3612910651150273
-0.3612910651150273
-0.3612910651150273
-0.3612910651150273
-0.3612910651150273
-0.3612910651150273
-0.3612910651150273
-0.3612910651150273
-0.3612910651150273
-0.3612910651150273
-0.3612910651150273
-0.3612910651150273
-0.3612910651150273
-0.3612910651150273
-0.3612910651150273
-0.3612910651150273
-0.3612910651150273
-0.3612910651150273
-0.3612910651150273
-0.3612910651150273
-0.3612910651150273
-0.3612910651150273
-0.4707884653038036
-0.4707884653038036
-0.4707884653038036
-0.4707884653038036
-0.4707884653038036
-0.4707884653038036
-0.4707884653038036
-0.4707884653038036
-0.4707884653038036
-0.4707884653038036
-0.4707884653038036
-0.4707884653038036
-0.4707884653038036
-0.4707884653038036
-0.4707884653038036
-0.4707884653038036
-0.4707884653038036
-0.4707884653038036
-0.4707884653038036
-0.4707884653038036
-0.4707884653038036
-0.4707884653038036
-0.4707884653038036
-0.4707884653038036
-0.4707884653038036
-0.4707884653038036
-0.4707884653038036
-0.4707884653038036
-0.4707884653038036
-0.4707884653038036
-0.4707884653038036
-0.4707884653038036
-0.4707884653038036
-0.4707884653038036
-0.4707884653038036
-0.4707884653038036
-0.6088483530174047
-0.6088483530174047
-0.6088483530174047
-0.6088483530174047
-0.6088483530174047
-0.6088483530174047
-0.6088483530174047
-0.6088483530174047
-0.6088483530174047
-0.6088483530174047
-0.6088483530174047
-0.6088483530174047
-0.6088483530174047
-0.6088483530174047
-0.6088483530174047
-0.6088483530174047
-0.6088483530174047
-0.6088483530174047
-0.6088483530174047
-0.6088483530174047
-0.6088483530174047
-0.6088483530174047
-0.6088483530174047
-0.6088483530174047
-0.6088483530174047
-0.6088483530174047
-0.6088483530174047
-0.6088483530174047
-0.6088483530174047
-0.6088483530174047
-0.6088483530174047
-0.6088483530174047
-0.6088483530174047
-0.6088483530174047
-0.6088483530174047
-0.6088483530174047
