Predicted value
-0.8615563757899183
-0.9301689472585791
-0.9168934038014631
-0.8493510774827663
-0.7456286229958964
-0.6169406210404997
-0.4698177268957993
-0.30784168169927295
-0.13296371142745395
0.053546283524180185
0.2504654024522381
0.45624053421103195
0.6688102587562383
0.8855703517355632
1.1034322360261
1.3189305392334885
1.528344299367678
1.7278059176935328
1.9133822936212457
2.0811232969510427
2.2270834433184854
2.347332944800345
2.437983814836027
2.495265020395399
2.515687400180119
2.4963438110817378
2.435392331635386
2.332769946302391
2.191180563588098
2.017394089752113
1.8238821936965752
1.6308009630234888
1.468310471734058
1.379195962100976
1.4217244923780736
1.6726341237204034
-0.9779175369935799
-0.9915692250334122
-0.9300625945509471
-0.8206254974643082
-0.6812418724627499
-0.5231649036380774
-0.3529967472110227
-0.17434920642430007
0.01088446871513249
0.2016050152287148
0.39688065512143755
0.5955655030471332
0.7961088923274592
0.9965035447395684
1.19432478543389
1.3868192449643948
1.5710093012086876
1.7437885004238185
1.9019929643252909
2.0424439443909277
2.161966831077558
2.257401669796387
2.3256291828219426
2.3636440523092155
2.368713389763471
2.3386625071467586
2.272331919813923
2.1702485571484122
2.035550038613904
1.8751931964512447
1.7014663969309995
1.5338092354194055
1.4009224620294518
1.3431251398084545
1.414884651758543
1.6874078619964028
-1.035447091624534
-1.0093798197431354
-0.9137062439843826
-0.7751514539782385
-0.611517735522119
-0.4340472233629592
-0.24939146145039606
-0.061195487935535225
0.12867956812031417
0.31925935543979705
0.5098405150833831
0.6996075694299988
0.8874324125274237
1.0718076828966852
1.2508690152807251
1.42246684999793
1.5842557329952724
1.7337774718933154
1.8685237287756706
1.9859732346982475
2.0836084093782237
2.1589253677687377
2.209459698732217
2.23285761529269
2.2270277064747788
2.1904121730239154
2.1224177088481575
2.02404470232634
1.8987487821896625
1.7535605270037677
1.6004770008553388
1.458122276180821
1.3536528632645715
1.3248575902789985
1.4223695733397117
1.7118700884037645
-1.046017476642259
-0.9924161544705086
-0.8738411025430561
-0.7164095616415005
-0.5376641866771326
-0.34878455211018433
-0.15644518684168063
0.03567883124870978
0.22574076422024555
0.4128550386772722
0.5964948087854337
0.7761099577637081
0.9509192876178928
1.1198314544360797
1.2814523774761581
1.4341419900389725
1.5760899142379696
1.7053875357464914
1.8200826339268774
1.9182117929206584
1.9978148858059699
2.05694459230635
2.093691786263805
2.106254317668035
2.093081820962427
2.053132312125423
1.9862770971526653
1.8938885095403992
1.7796398296935272
1.6505380203519535
1.5181972446459666
1.4003441227548594
1.322523934852381
1.3199500975773502
1.4394068341674788
1.7410766301385752
-1.0202133291843436
-0.9486585694721194
-0.8160620716454943
-0.6478332027226857
-0.46117892822730583
-0.26716393774860264
-0.07245617136692535
0.1192476332309027
0.30610428540501927
0.4872891606736503
0.66240949064728
0.8311258827735064
0.9929395459478424
1.1471029750581951
1.2926144899875962
1.4282616380004869
1.5526846582819824
1.664438579186598
1.7620406779824007
1.843998585048002
1.9088228650927004
1.9550360625240182
1.9811975620812523
1.985969794788117
1.9682559186515265
1.9274417288465873
1.863774808879493
1.7789114279097111
1.6766560255401564
1.5639089094484984
1.4518246287338201
1.3571659822900994
1.303816382390908
1.3243859244778409
1.4618136203880239
1.770829439433125
-0.9673480897043694
-0.885218356221949
-0.745461852078269
-0.5726858652543062
-0.3836883848063367
-0.1893670125541342
0.003648636198030908
0.19165265562307846
0.37280031606686054
0.546307241901775
0.7118805608705849
0.8693461291969351
1.018432937218303
1.1586755628110372
1.2893976699251926
1.40974365262861
1.5187312066746215
1.6153044762553972
1.6983750787828253
1.766846360750423
1.8196242884726508
1.8556260342716673
1.8738041869854907
1.8732102010053178
1.8531248059128311
1.8132852346802797
1.7542388978164105
1.6778501392895404
1.587980563034622
1.4913537218536947
1.3986013190480266
1.325470092675163
1.2941458384044593
1.3346231850500148
1.4860163724897866
1.7976670003335335
-0.8955041270597148
-0.8083314963221088
-0.6665821627697226
-0.4939736055617526
-0.3068250708078944
-0.11581582335939446
0.0724958394227204
0.2544104783132087
0.4280814721051813
0.5927500521114656
0.7481962048510241
0.8943735777965702
1.0311930229942863
1.158418677425765
1.2756421126654676
1.3823036951935919
1.4777354881538782
1.5612064008979656
1.6319574598320488
1.6892226383772435
1.7322382507717706
1.7602510894803596
1.7725418746336286
1.7684857916971746
1.7476755259661874
1.7101338649961448
1.6566422382130073
1.5892081021969102
1.5116874660010708
1.4305686888521043
1.3559095781786021
1.302401374631252
1.2905100380894399
1.3476169500957673
1.509047329220597
1.818834922033369
-0.8115912488183319
-0.723374736024347
-0.5833909442016436
-0.41438684885637783
-0.23213735946429856
-0.04705384287117909
0.1344101649885818
0.3085795992007735
0.4736094035256569
0.6287568611043919
0.7738539132285532
0.9089515159031709
1.0341040993678807
1.1492609773891864
1.2542327064989516
1.348703525929637
1.432265722284954
1.5044576644850536
1.5647939497376318
1.61278319570991
1.647936113210871
1.6697732030379113
1.6778473456967324
1.6718012989673403
1.6514832912619768
1.6171451039022136
1.5697458783317484
1.5113809703782621
1.4458481084814514
1.3793525018146375
1.32133799294363
1.2854124635883444
1.2903120866795383
1.3608202787344597
1.528522949110721
1.832241472436824
-0.7214190661267124
-0.6348992398490857
-0.4992805797226735
-0.33626636641001756
-0.16102631266955006
0.01634334301390685
0.18952700550499946
0.3548933877232363
0.5106054326576767
0.6559311294331838
0.7907386870384834
0.9151519134992262
1.0293371952566874
1.133391786794193
1.2273038096383453
1.3109570282501424
1.3841577235116784
1.4466664280067736
1.498223526588157
1.5385643663191937
1.5674261672741603
1.5845552853772396
1.589728855956215
1.5828091474818642
1.563851684557754
1.5332889631170625
1.4922099844727201
1.4427514838540616
1.388609228846879
1.335666719233713
1.2927236376070141
1.272287085298876
1.291364596136988
1.372168756796741
1.5426085825735676
1.8364022067471584
-0.6297792468668382
-0.546677637824959
-0.41708274530952716
-0.2615888509522528
-0.09470481919938081
0.07383258347140513
0.23787799057464376
0.3938641025489009
0.5399705302488584
0.6754740430301248
0.8002678197347316
0.914529230555596
1.0185107723228128
1.1124266447130196
1.1964076957348015
1.2704996870876266
1.3346836391286994
1.388902016710886
1.4330803165750092
1.4671398197908645
1.4910034844427755
1.5046027798469332
1.5078983095686136
1.5009309418772174
1.4839224685354067
1.4574451514649416
1.422677497365696
1.381758828285217
1.338247296943677
1.2976745348125833
1.2681747240247652
1.2611461566573818
1.291878892278586
1.3800525523814786
1.549973203945676
1.8303772893666779
-0.5405342148568997
-0.4617608115298459
-0.3390960352068601
-0.19196805463868083
-0.03417483710574726
0.12494730502617223
0.2794540845609408
0.4258625978602225
0.5623793659439138
0.6882907266238254
0.8035071757185804
0.9082447466092363
1.0028211755907432
1.0875420311535464
1.1626517939919516
1.2283266666807995
1.2846892730890678
1.3318299832077474
1.369824974659257
1.3987469232262462
1.4186700067884639
1.4296763155868994
1.4318753922441958
1.4254520829588704
1.4107597722577305
1.3884760031354682
1.359835057832376
1.3269468973998981
1.2932035360788336
1.26376206486602
1.2460777429716718
1.250440451670839
1.2904429578281174
1.3832794696243955
1.5497374902374599
1.8137045919243717
-0.4567093378477699
-0.382541255723355
-0.26712300869275557
-0.12866795755739843
0.01978095491954502
0.16932509227125236
0.31425019090990686
0.4511778198660632
0.5783526430890333
0.6950734408600698
0.8012633520924165
0.8971658680889475
0.983147346198608
1.0595838242567632
1.1268093092113431
1.1851040914258586
1.2347046053115054
1.2758205226731303
1.3086497329574005
1.3333872399655187
1.3502293930368707
1.3593798777235284
1.361068122058116
1.3555938351686723
1.3434128907133522
1.3252793038945991
1.3024552331662957
1.2769953716679512
1.252103384406594
1.2325458007593808
1.2250925934874002
1.2389331706333253
1.285991280921949
1.3810319920927474
1.5414180504669537
1.786331174487747
-0.38058609436375607
-0.31082030624942314
-0.20251376329331694
-0.07262490060072241
0.06659632117869912
0.20672207524180353
0.34229476209547405
0.47005971023273285
0.5883114390932129
0.696365575976624
0.7941556153393243
0.8819443713297483
0.9601338080077041
1.0291535419450062
1.0894073043200447
1.1412576296962247
1.1850316119132691
1.2210343394206777
1.2495611984436883
1.2709052180934117
1.2853606324139275
1.2932284558995586
1.2948337167147848
1.2905666712068509
1.2809614398165843
1.2668246636657472
1.2494235884289913
1.230737043084601
1.2137637012802842
1.2028693978477705
1.2041387279524483
1.2256752869712328
1.2777693209527867
1.3728208559287036
1.52487016491174
1.7485453196372291
-0.3137941203607809
-0.24787694238510488
-0.14621356343557712
-0.024476045958795253
0.10591023677681854
0.23701705191339142
0.3636674699628446
0.48274868468297816
0.5926168203956317
0.6926097993623044
0.7826710461771704
0.8630770782359172
0.9342554766907467
0.9966759564067732
1.0507958617924036
1.0970420134856498
1.1358130242391782
1.1674895964588032
1.1924445142125686
1.2110486546400634
1.2236739730537052
1.2306986681348984
1.23252321398778
1.2296082599211815
1.222546152185025
1.2121766299901062
1.1997536964896456
1.1871643694966234
1.1771905820522524
1.1737925350475316
1.1823749084311566
1.2099761196126666
1.2652948829891029
1.358437278586147
1.5002309861102323
1.7009108887559776
-0.2574004125569217
-0.19453625424674112
-0.09881244211192816
0.015408077179871651
0.13754964911500833
0.26020786969004617
0.3785075821094178
0.4894944417504547
0.591597584104363
0.6841832940290162
0.7672059026209332
0.8409520358290313
0.9058674120911904
0.9624512402758534
1.011201509554367
1.0525946950149974
1.0870852323561186
1.1151131473634228
1.1371120665837204
1.1535140901554435
1.164752281642886
1.171265428447042
1.1735128554301097
1.1720090392928646
1.1673881774836978
1.1605073184946344
1.1525927658126653
1.1454278310437167
1.1415702383111015
1.144574177449809
1.1591747732720898
1.1913711877679012
1.2483183070255135
1.3379055904123698
1.467864781643715
1.6442054052860584
-0.2119943074580404
-0.151236014566355
-0.06059504796035696
0.04688882357979217
0.16150825670025032
0.2764022189547887
0.38701531463850625
0.4905664772656934
0.5855685952574431
0.6714226386129344
0.7480958219806416
0.8158828791215377
0.8752422407652176
0.9266944078012433
0.9707677001214639
1.0079764437340706
1.0388181405062635
1.0637788515591113
1.083339522435035
1.0979798911848238
1.1081805549767323
1.1144273322145417
1.1172248509639566
1.1171279262269653
1.1147993637712226
1.111100952315727
1.1072201843945264
1.1048282846664292
1.106255028310246
1.1146522069414375
1.1341000507067465
1.1695890483579172
1.2267830276735294
1.3114376720887508
1.4283114613060157
1.5793629394947444
-0.17776716488401287
-0.11809011044833664
-0.03158933257196608
0.07002403330800132
0.1779229954908303
0.28580465344491124
0.38944808881844656
0.4862583332592316
0.5748418380836833
0.6546405256685064
0.7256371257954043
0.7881336975595504
0.8425976143556592
0.8895644513809436
0.9295847675415481
0.963201322117699
0.9909444165323639
1.0133354085781405
1.0308916159869603
1.0441294137764687
1.053565940875187
1.0597230716152604
1.0631397822862871
1.0644003575659076
1.0641856417820452
1.0633523511174303
1.063040930538838
1.064805168920836
1.070746383036294
1.0836210513029658
1.10687292690664
1.144518492666172
1.200787742263692
1.2793902897339358
1.3822393268894895
1.5074225721532843
-0.15458596352777232
-0.09494787593814463
-0.01161296414944319
0.08503324022954534
0.18704962071619083
0.2887013450572095
0.38611330754989054
0.47688729426946075
0.5597319802786593
0.6341361923976176
0.7001011662277198
0.7579363973517956
0.8081157394742703
0.8511852422182807
0.8877114538618018
0.9182581449710034
0.9433802431759086
0.9636258127304647
0.979539770505881
0.9916663081820528
1.0005502941265945
1.0067408632839736
1.0108025748379634
1.013340530958668
1.0150453111002042
1.0167610905762894
1.0195754850079852
1.0249220992102184
1.0346760656609328
1.0512086393783757
1.0773487783175588
1.1161771867859225
1.170551139370151
1.2422261399604801
1.3304027101552003
1.4294829491259389
-0.14206026507890465
-0.08144862170980667
-0.0003166151862812395
0.09226447718409826
0.18923849963514194
0.285443803355689
0.3773589857581008
0.4627909582079534
0.5405579598321215
0.6102011452371233
0.6717433568876262
0.7255022540159245
0.771956714756497
0.8116599622249586
0.8451897939873558
0.8731252232933322
0.8960393750747201
0.9145002255391403
0.9290733367156876
0.9403237220363103
0.9488169914615372
0.9551225702823029
0.9598236700502842
0.9635394186069007
0.9669637343954707
0.9709227636514743
0.9764475931719582
0.9848511116663561
0.9977869246869099
1.0172537373269572
1.0454902107591522
1.0846825787626928
1.136379884158374
1.2004791680322966
1.2736049222828152
1.3466632038703965
-0.13960222404486997
-0.0770708852364078
0.0027764950544247506
0.09216342862263326
0.18491148669742957
0.27643254121705285
0.3635633155560225
0.4443218516345828
0.5176418430176868
0.5831214955820702
0.6408082640943263
0.6910290800999104
0.7342671393722048
0.7710805613116717
0.802054873617242
0.8277799187749282
0.8488420299217516
0.8658237879459423
0.8793059547765103
0.8898688851962476
0.8980934566814882
0.9045639292290563
0.9098767603752984
0.9146598601434269
0.9196056819731167
0.9255185142899262
0.9333709687611622
0.9443565609587908
0.9599140526084461
0.9816844773460053
1.0113431094291088
1.0502256626599242
1.0986403303669012
1.1547245021667483
1.212666724882916
1.2600703189330003
-0.14647951393495962
-0.08117612477641044
-0.001764783518055506
0.08524546985451516
0.1745405357218173
0.2621014463786015
0.3451240209388421
0.4218410291997516
0.49130596845518343
0.5531779870204079
0.6075318948847964
0.6547051909459574
0.6951852131978526
0.7295334885458754
0.7583407281033621
0.7822042873859875
0.8017198942625399
0.8174806463421607
0.8300782991787923
0.8401043127528538
0.8481506016475082
0.8548120496718978
0.8606942078958479
0.8664298016493435
0.8727063325050536
0.880303781102852
0.8901358013911644
0.903279451950583
0.9209670410300504
0.9444986742645406
0.9750151932550621
1.0130479847765212
1.0577342298359975
1.1055531546328377
1.1484003471721753
1.1707728193545628
-0.16186120826378952
-0.0930467547175173
-0.013310524460610405
0.07207094622551037
0.1586285126701375
0.24290342282008937
0.3224481565427231
0.39571139279253964
0.4618691843514704
0.5206445834688355
0.5721421043155914
0.6167111352283594
0.6548433307513558
0.6871027259882574
0.7140834292507401
0.7363878689354472
0.7546183024759882
0.7693752446007718
0.781258244480523
0.7908666421707862
0.7988001695440496
0.8056611351628769
0.8120610517691331
0.8186345347545139
0.8260617256337068
0.8350969816630985
0.846595726834534
0.8615227860247516
0.8809138285962647
0.9057463357241632
0.9366573826650861
0.9734220985889773
1.014078537960709
1.0535514742867456
1.0815889148312556
1.0797805391559727
-0.18485679821141676
-0.11191856959779302
-0.031196248787828545
0.053223884187106
0.137692506052282
0.21929769458667087
0.2959428293005064
0.36629128626263746
0.4296428027880195
0.4857863011997591
0.5348578554466967
0.5772199654861343
0.6133689775314632
0.6438709590156892
0.6693222109336592
0.6903284825977101
0.7074964502730015
0.7214317371494621
0.7327392931566081
0.7420239247349899
0.7498907723432111
0.7569471827018546
0.7638083190547656
0.7711086015635001
0.7795192768418574
0.7897686860838025
0.8026557407392705
0.8190383287478262
0.8397664684494728
0.8655146069545643
0.8964481304702915
0.9316355213491176
0.9680892659443286
0.9992851942290726
1.0129710220574022
0.988030075418415
-0.2145486490749659
-0.13700773079983833
-0.05474503573899479
0.029294187998246055
0.1122497886128912
0.19173901651536565
0.26600716932643226
0.3339287651316121
0.3949267349240889
0.44885680460718136
0.49588789951586365
0.5363966556570502
0.5708845672599182
0.599919545269973
0.6240993116133552
0.6440317149005819
0.6603263302310157
0.6735922044003784
0.6844379336031003
0.6934720191587284
0.7013032433765207
0.7085422479042703
0.7158061862858079
0.7237278664760932
0.7329688032327908
0.7442316701182952
0.7582613818058052
0.7758150549867914
0.7975689959245631
0.8239152500891229
0.8545807298416497
0.8879781153122511
0.9201692069316334
0.9432878010355217
0.9432300680595971
0.896375441581857
-0.25001829619092253
-0.1675325948168952
-0.08328538660043472
0.0008632593932089213
0.08280646239763212
0.16066891003357928
0.23302574573145365
0.2989568061464312
0.3580061328940041
0.410096144345787
0.4554292998795253
0.4943971263729632
0.5275067103680724
0.5553277947096424
0.5784590610798892
0.5975096352080809
0.6130909251307203
0.6258142002130803
0.6362904452163777
0.6451305850061134
0.6529457770456156
0.6603487161041163
0.6679573941302914
0.6764021134996075
0.6863343693365784
0.6984321018406359
0.713389378006309
0.731869399324264
0.7543874534790431
0.7810746392215326
0.811253499988831
0.8427327089707889
0.8706992616805596
0.8860528571755689
0.8729878913948843
0.8055833511285687
-0.2903670591269015
-0.20273074644879255
-0.11616509825705595
-0.031507118375086685
0.04984871824649343
0.12650893642616534
0.1973635129815309
0.2616896075262986
0.31914874666694815
0.36972889586357954
0.4136660999831307
0.4513672131682396
0.48334527657102117
0.5101719442574771
0.5324466086746509
0.5507791429885031
0.5657820638453455
0.5780680301830287
0.5882495371194639
0.5969390441749916
0.6047491996410851
0.6122938932904444
0.6201911933321818
0.629068406050067
0.639567143421182
0.6523420006963757
0.6680398379320956
0.6872373322950516
0.710302027116232
0.7371261546485776
0.7666626577826268
0.7961686870962124
0.8200330090573075
0.8280298344629303
0.8028021687811241
0.7163325034669519
-0.33473151196569706
-0.24187166562955537
-0.1527614744063248
-0.06728286747747132
0.013836558884530649
0.08965593338839055
0.15936228253448584
0.2224200359838057
0.2786031058788266
0.3279628550052487
0.3707683316006575
0.40744180645449873
0.4385025062027967
0.4645241009003002
0.4861065795517574
0.5038602398022823
0.5183982329238251
0.5303340480901062
0.5402810962055208
0.5488527687440198
0.5566626066612979
0.564325123967325
0.5724579954858368
0.5816853441823817
0.5926393557124239
0.6059530120253251
0.6222299774583243
0.6419681952663723
0.6654011654584288
0.6922047816480608
0.7209976108754492
0.7485382115187031
0.7684941059842381
0.7696229623484026
0.7331669980150441
0.6292162042558348
-0.38229438876166233
-0.284265504146221
-0.19248825582166063
-0.10596296774306063
-0.024800229251959616
0.05047907196702467
0.11933864149761722
0.18141819973424325
0.23659755630926577
0.2849883639620452
0.3268914735212233
0.36274430379708145
0.39307233481676657
0.4184513354811335
0.4394818528774591
0.4567744256468154
0.4709425434780158
0.4826001644812401
0.49236122738325344
0.5008396616820535
0.5086495116013454
0.5164055543939552
0.5247248157576864
0.5342282703466952
0.54553936908575
0.5592714627232431
0.575989298291075
0.596120157375035
0.6197774878375927
0.6464436593755741
0.6744383535376035
0.7000746860698839
0.7163760592034605
0.7111925592410268
0.6645160560461253
0.5447476312818025
-0.4322915280689307
-0.3292684796088844
-0.23479968802928505
-0.14708241094156643
-0.06566411783271686
0.009318538811687878
0.07758318360940675
0.13893106641369998
0.19334011693370465
0.24097827405539532
0.2821764014311711
0.317386443362552
0.34714002205719097
0.37201503449794626
0.3926125799176139
0.4095433427276209
0.4234209762020379
0.43485968476919995
0.44447369291155386
0.4528772219195837
0.4606845775873314
0.46851058787463434
0.47697152509427587
0.48668540781028863
0.4982678088562001
0.5123146031985656
0.5293560782812243
0.5497571054888539
0.5735252399640967
0.5999722827003248
0.6271546091114877
0.6509930476509965
0.6639438860127302
0.6530582964985441
0.5972277117776096
0.4633670529930693
-0.48401547015157426
-0.37628541000415694
-0.2791921665918477
-0.1902131211509751
-0.10839018680331894
-0.03351438831538928
0.03436087663533228
0.09518299977838107
0.1490190750018935
0.19608850033685515
0.23674981561382571
0.27146853106326446
0.30078211765196444
0.3252705576590887
0.34553549939539846
0.3621877285579903
0.37584096598973843
0.38710953307717544
0.39660779717227224
0.4049501257620008
0.4127509451342046
0.420625022498676
0.42918787541796954
0.43905486448287373
0.45083464993214645
0.4651078958646079
0.48237499232348435
0.5029467413475492
0.5267390235805997
0.5529160327096817
0.5793063413627406
0.6014914496375372
0.6114371716552658
0.5955038419338458
0.5316314774568445
0.38545031857396705
-0.536816316416458
-0.42476991433700206
-0.3252039082026056
-0.2349632186918691
-0.15264509608904525
-0.07773612691983241
-0.010087637048876268
0.050377057925455826
0.10380420205101124
0.15045908543735204
0.19072509293737122
0.22508003157563353
0.2540667532339698
0.27826720341416233
0.2982835609857714
0.31472669319378604
0.3282103403453499
0.33934887101684313
0.34875671682159465
0.3570483112539895
0.3648381253772323
0.3727408196490409
0.3813712214816114
0.39134239770881124
0.4032571254842504
0.4176831797581741
0.4350956558785142
0.45575963753146426
0.4795135086791172
0.505396698865534
0.5310452497476262
0.5517539024629498
0.5590740359724209
0.5387823413116314
0.46801520124933715
0.3113179646853629
-0.5901004440892139
-0.4742227945682536
-0.3724130913144995
-0.2809750060440078
-0.19812499795800825
-0.12308870374300926
-0.055544024662189814
0.004696877230772491
0.05784845182509238
0.10421566517505049
0.14420348209504416
0.17830046372428843
0.20705421724026932
0.231048451851563
0.25088583402083653
0.267177301057258
0.28053659127368485
0.2915780863273843
0.30091624265318906
0.30916551955441596
0.31694039703910176
0.32485542237664716
0.3335248361023292
0.3435598113138606
0.3555583000847573
0.37007752316324233
0.38757186933228116
0.40826899437562864
0.43194383202598313
0.45753365606402097
0.4825168693907176
0.501953447909495
0.5070555399288603
0.4831222210298571
0.40663243543533795
0.24124432336931179
-0.64332764151137
-0.5241890926159505
-0.4204348943880724
-0.3279220439147155
-0.24455270391257147
-0.16933706134377044
-0.10180975349732177
-0.041691041087990814
0.01128999041360018
0.05747121480468321
0.09727554487214324
0.13120052237585325
0.15979775003561258
0.18365243290134148
0.20336765608225307
0.21955441486479424
0.2328264372607307
0.24379810349537512
0.25308387737112864
0.26129822632274974
0.2690556258175931
0.2769705250459924
0.285656700093518
0.29572384348752945
0.3077661406647929
0.3223325700144513
0.33986133921084993
0.36055084206313315
0.38412639257267434
0.4094453718047839
0.43386291404728267
0.45225546704495095
0.45557009236507257
0.4287328316648221
0.34770945829559124
0.17546606679205218
-0.696007192001152
-0.574254284936879
-0.46891783436975787
-0.3755056655310833
-0.29167440485095986
-0.21626601175935212
-0.14870330276014482
-0.08863482223166132
-0.035745591788151176
0.010327951132859585
0.05002274001228289
0.08384334064472257
0.11234448633052187
0.13611255637539646
0.15575096382425763
0.1718707463194277
0.18508561898436046
0.19600995579170996
0.2052582214786658
0.2134448852224078
0.2211844154838401
0.2290911881679704
0.2377786430339136
0.2478554016160404
0.25991291928978044
0.27449419003053993
0.29202566037162203
0.31268444456646804
0.3361597715014775
0.36125094098763927
0.3852235281817276
0.4028207555504056
0.4047974574927514
0.3758094989779921
0.29145148183512415
0.1141896861491223
-0.747693388320777
-0.6240400374693376
-0.5175397740365623
-0.42345124860791233
-0.3392562195718702
-0.2636770725881795
-0.19605729687528559
-0.1359946561094718
-0.08314302878436794
-0.03712072929522452
0.002519048711935616
0.03628580654997076
0.06473647058557958
0.0884582376874323
0.10805474477476973
0.12413705413077232
0.13731886819910777
0.14821455427278457
0.15743857631129055
0.16560540358449527
0.17332949943946094
0.18122519371865792
0.1899057147246284
0.19997900662641224
0.21203479133655226
0.22661225565375046
0.24413036036477345
0.2647526835295182
0.28814553083476385
0.31307137719457606
0.3367391511981045
0.35380804305814867
0.3549120128958718
0.3245376050079412
0.23804764070167303
0.05759747285099383
-0.7979809067581032
-0.6731998968280491
-0.5660039256935027
-0.4715045286296447
-0.3870808158127365
-0.31138539448224073
-0.24371573813126618
-0.18364033335035576
-0.1307952156370767
-0.08478838344103459
-0.04516744944132253
-0.01142014405149586
0.01701167708356723
0.040715657793629616
0.06029555267351608
0.07636243325391356
0.0895299924896523
0.10041259287015115
0.1096246975502147
0.11778077571831183
0.12549528846336389
0.1333825451694428
0.14205567846014058
0.15212232343024257
0.16417140984123096
0.17874038961858224
0.1962448318723189
0.21684222926734859
0.2401886783962918
0.26503042835427754
0.288551741482092
0.30537568373062035
0.3060849648052359
0.27509538567318725
0.1876744286596278
0.005851648718239286
-0.8465004109892261
-0.721415240926306
-0.614035131715291
-0.5194281954061801
-0.4349443112460359
-0.3592169567780644
-0.29153148838310805
-0.2314490052707532
-0.17860123920206225
-0.13259381568068235
-0.09297312548426302
-0.059226322724194834
-0.030795021619160045
-0.007091493347337815
0.01248803879618526
0.02855464866569778
0.041722027955864965
0.05260453840679555
0.06181664301655255
0.06997281097374754
0.07768750355686374
0.08557503159522326
0.09424853474856305
0.10431567433753161
0.11636546024558007
0.13093555401321608
0.1484420101579308
0.1690433414768206
0.19239762712351782
0.21725473009603988
0.24080515892707824
0.25768230233259914
0.2584852908479268
0.2276552015622534
0.1404973264522773
-0.04090362298706489
-0.8929146925699674
-0.7683917549877418
-0.661376650912595
-0.5669989686483943
-0.48265362053657057
-0.407006171162062
-0.33936411678078005
-0.27930326496379626
-0.2264646832717479
-0.18045959868141118
-0.1408375299854824
-0.10708721797681289
-0.07865097741015707
-0.05494132500838997
-0.03535453364661268
-0.01927951880708146
-0.006102573950944001
0.004790668900168216
0.014014673838079889
0.02218391012638547
0.029912840839969205
0.03781579525460622
0.04650600653113303
0.056591457517375515
0.06866202817232739
0.08325738370049932
0.10079768846942379
0.12144918266952348
0.14488352196244683
0.1698731605510601
0.1936445606910809
0.21088624215035773
0.21227924900656195
0.18238311395708354
0.09667044749571807
-0.08254252361117105
-0.9369155884370934
-0.8138566385295581
-0.7077876250047046
-0.614005298888302
-0.5300243700149639
-0.45459399318703686
-0.38707819447719266
-0.32708961431989914
-0.274292259354866
-0.22831086130383554
-0.18870233298122122
-0.154959083359553
-0.1265249999329572
-0.10281312194646669
-0.08321980688630004
-0.06713392945685269
-0.05394174160449248
-0.04302885848682649
-0.033780813129389596
-0.025583136360181977
-0.01782136296663285
-0.009881134379875329
-0.0011490570581661956
0.008983421384645477
0.02110774487802004
0.03576720260365336
0.0533894039987461
0.07415457143054374
0.09775885650215023
0.1230153145226707
0.1472147247372914
0.165143726964473
0.16762836382753088
0.1394366772960292
0.05633411426812651
-0.11896024607218365
-0.9782218475135006
-0.857556686679484
-0.753041342923521
-0.6602457887700672
-0.5768794550775985
-0.5018265994609282
-0.43454207931854566
-0.3746973474782734
-0.32199278324820546
-0.27607435534411423
-0.23651048025981034
-0.2027991846537667
-0.1743866977441739
-0.15068678403595281
-0.1310958724475962
-0.11500273956353298
-0.10179355680947778
-0.09085390833444107
-0.08156932278420044
-0.07332533246756655
-0.06550747214919174
-0.057501351351451846
-0.04869337311356624
-0.03847422313908639
-0.026250310663666246
-0.011473300694107895
0.006294868992461492
0.02725414904329936
0.051135352795789596
0.07680907149425888
0.1016572779200954
0.12060571755838842
0.12468587566361831
0.09896094090408131
0.01961036715923762
-0.15007802998444156
-1.0165780497344141
-0.8992573264591934
-0.7969243635873876
-0.7055283778903993
-0.6230482684098438
-0.5485546457453117
-0.4816271949616727
-0.42201784627165795
-0.3694764858349775
-0.3236777840215409
-0.28420554481393073
-0.25056518217359935
-0.22220590166682808
-0.19854230294075997
-0.1789708152572953
-0.16288002873379415
-0.14965598270485334
-0.1386842142093906
-0.12935024852236746
-0.12103962439119173
-0.11313788370364408
-0.10503061320755672
-0.09610399912291472
-0.08574783853503556
-0.07336593883349665
-0.058403722665999705
-0.0404100354098736
-0.01916001952690544
0.005121130139869401
0.031377289545401706
0.05710686866156596
0.07741351261376891
0.08359171459559686
0.06108273557190103
-0.01340350240210454
-0.17585045443431632
-1.051754612872824
-0.9387426267562464
-0.8392365014963646
-0.7496702832992244
-0.6683665808765931
-0.594633079358732
-0.5282077710265137
-0.4689442489915328
-0.41665461550636435
-0.371049346871643
-0.3317312264226235
-0.2982146003258298
-0.2699521223967971
-0.24635922836322963
-0.22683221144461987
-0.21075935430000287
-0.19752650181050366
-0.18651912931319398
-0.17712276628795884
-0.16872297062009042
-0.1607053079186428
-0.15245536846468627
-0.14335914569497935
-0.13280549919570372
-0.12019532648827548
-0.10496686593533094
-0.08665364238027184
-0.0650013421587273
-0.04018275938542694
-0.013166285425769166
0.013686387291709517
0.03569321297722365
0.04446613632060866
0.02590340312258007
-0.042643212848490625
-0.19627478029898068
-1.0835488567708527
-0.9758162409438103
-0.8797916253420007
-0.7924986388128072
-0.7126770127608004
-0.6399214395075475
-0.574160975105936
-0.515371421597207
-0.46343926057652407
-0.418117429451739
-0.3790309284405427
-0.34570431465388285
-0.317593974058882
-0.2941160572029731
-0.2746665148130732
-0.25863316925982394
-0.24540160189771748
-0.234357218957782
-0.2248855744809116
-0.21637227223736374
-0.20820293418190222
-0.19976320524502095
-0.1904389576591142
-0.1796181570648606
-0.16669865183793137
-0.15111084091990828
-0.132371158430481
-0.11019197998107692
-0.08468630040353027
-0.05672175005172002
-0.02849860142976315
-0.004450764147838511
0.007402231393489128
-0.006509791863009993
-0.0680872773387812
-0.21140203788723885
-1.1117870323084502
-1.0103031848213917
-0.9184191691234612
-0.8338517307706741
-0.7558299922858094
-0.6842845427935466
-0.6193673350487386
-0.5611961316483776
-0.5097432943756706
-0.4648103433339369
-0.42604732028921966
-0.3929899679540734
-0.3650984783114135
-0.341789462997096
-0.32245825173349574
-0.3064920253342709
-0.29327603238321326
-0.28219561782806996
-0.272636401923976
-0.2639840837111243
-0.25562439901802114
-0.24694313334559886
-0.23732616940907442
-0.2261607320942364
-0.21284167462328601
-0.1967912233229489
-0.17750745904478038
-0.15466635550490257
-0.12831481308831208
-0.09920821550186935
-0.06936599056060545
-0.042942869854542376
-0.0275424095683028
-0.03613325081386491
-0.08976795698838341
-0.22134946238452874
-1.1363271649906737
-1.0420523010694995
-0.9549662093469272
-0.8735806871136741
-0.7976850623597347
-0.7275934195020944
-0.6637113222337591
-0.606317301085974
-0.5554803246897566
-0.5110560035787077
-0.4727217781930552
-0.44002521302543
-0.4124301510925152
-0.389353271623898
-0.37018893353068566
-0.35432347235219597
-0.34114174347979276
-0.33002906402318005
-0.32037119421668403
-0.31155401126171894
-0.3029634584672387
-0.2939855949829958
-0.2840065208213568
-0.2724130027327254
-0.25859717333780624
-0.24197311322745949
-0.22201984801825753
-0.1983746940995241
-0.1710133625261068
-0.1405691747008824
-0.10886355065250816
-0.0797439953476918
-0.06035452508373925
-0.06299723908683956
-0.1077829454949404
-0.22631379043163685
-1.1570625117387883
-1.070939216065491
-0.9892999220854465
-0.9115514420022558
-0.8381123665589184
-0.7697263406859223
-0.7070819448924834
-0.6506361958492707
-0.6005645141976932
-0.5567814185793718
-0.518993586710302
-0.4867606715278937
-0.4595497675160322
-0.43677708376403995
-0.41783559064039527
-0.4021105606617752
-0.38898641571291875
-0.37784851672342923
-0.368082882734441
-0.3590756984915428
-0.35021325778096524
-0.34088208818428256
-0.3304688062632345
-0.31836015490121905
-0.3039460711220409
-0.2866329176800749
-0.2658805795696415
-0.24128637183554072
-0.21275102218184958
-0.18077777537274609
-0.14697531079774384
-0.11485906433480317
-0.09107409528880869
-0.08719623321034137
-0.12230727231102334
-0.22658484748744562
-1.1739253856574141
-1.096869557025785
-1.0213102013208093
-0.9476467709604544
-0.8769941228514913
-0.8105697578567929
-0.7493731862433781
-0.6940563995273078
-0.6449101308668903
-0.601911862173018
-0.5647987809053806
-0.5331424976062141
-0.5064127010896659
-0.4840244463552476
-0.465368835228699
-0.44982985595338554
-0.43679148996056916
-0.4256392663380212
-0.41575964159396994
-0.4065392986777599
-0.3973650893703585
-0.3876242825974261
-0.3767044224455798
-0.36399283817919403
-0.3488780788610817
-0.3307596617761721
-0.309078921243326
-0.2833928170771858
-0.25352470442993924
-0.21984167350255132
-0.18372753316688153
-0.1483442313846343
-0.11980287194676519
-0.10889889598827755
-0.1336048424587676
-0.22255877874909746
-1.1868910685489389
-1.119782168350072
-1.0509121964065042
-0.9817681730511436
-0.9142258797802458
-0.8500189676091529
-0.7904841166022566
-0.73648341612854
-0.688430688234113
-0.6463696015554898
-0.6100685149224259
-0.5791104427174161
-0.5529667426709532
-0.5310504855778271
-0.5127503699205925
-0.49744888708234053
-0.48452961922254584
-0.47337845647751814
-0.46338254743134794
-0.453929341284674
-0.44440653632760974
-0.4342025117002251
-0.42270628249956704
-0.40930657656680514
-0.3933916792621935
-0.37435562470961825
-0.35162252286704476
-0.32470969585466963
-0.29336224874950106
-0.2578071140339166
-0.21919387956697836
-0.18031323183137588
-0.14671201379633422
-0.12835710452812174
-0.14203897017541917
-0.21475020765724587
-1.1959815060862837
-1.1396520470750495
-1.0780485130102715
-1.0138373681906978
-0.949717346105306
-0.8879783140553754
-0.8303185130582874
-0.7778237549432614
-0.7310375464501783
-0.6900720681460343
-0.6547268585799234
-0.6245953358072202
-0.5991493237273382
-0.5777989340975267
-0.5599298811081429
-0.544922968533172
-0.5321614842039524
-0.5210319573945664
-0.5109225761546857
-0.5012219181802694
-0.4913189149749059
-0.48060353932524447
-0.4684669749933467
-0.45430038951741536
-0.4374932806106758
-0.417436098356707
-0.39353785371870015
-0.3652781033104795
-0.33232444541908635
-0.2947618674228498
-0.2534993445155624
-0.2109423985271799
-0.17204827812483137
-0.14591341228533597
-0.14808121215238348
-0.2038025467284981
-1.2012684671648461
-1.1564927098275228
-1.1026908198452066
-1.0437971807253121
-0.9833925925804015
-0.9243607538803187
-0.8687838360836929
-0.8179833696976861
-0.7726378672327754
-0.7329293834499686
-0.6986879507415913
-0.669515921944193
-0.6448840988536316
-0.6241985166985302
-0.6068412873295183
-0.5921913713984605
-0.5796319468347263
-0.5685505619749395
-0.5583369012690538
-0.5483811440695173
-0.5380739571121806
-0.5268075234179778
-0.5139760689837295
-0.4989744982891684
-0.48119538482596863
-0.46002807805362894
-0.4348694779070175
-0.4051644867217157
-0.37050567070646023
-0.3308366433774975
-0.2868225161779733
-0.2404738413371024
-0.19613819337925342
-0.16200629307274347
-0.15231776551253853
-0.19049563696068825
-1.2028758483629396
-1.1703577089283121
-1.1248406142086547
-1.0716115961457537
-1.0151894449308705
-0.9590866334525477
-0.9057894409057022
-0.8568653560855158
-0.8131318507806443
-0.774841189494203
-0.7418524779582493
-0.7137750440686381
-0.6900768854525814
-0.6701587023915467
-0.6533983577577108
-0.6391728614835599
-0.6268655603718676
-0.6158655192676726
-0.6055645012554919
-0.5953548871143436
-0.5846297122606833
-0.5727841373355685
-0.5592165009477372
-0.5433270243693071
-0.5245136426959487
-0.5021677196291379
-0.47567795811495217
-0.4444590410822928
-0.4080328199639074
-0.3662046080566103
-0.31939572558315477
-0.2692162780577641
-0.21938962373088372
-0.177172493996733
-0.1554526671902173
-0.17574985567817117
-1.200980817976282
-1.1813410346683204
-1.1445289241472516
-1.0972648076411955
-1.045057921545706
-0.9920815660896718
-0.9412439439408565
-0.8943668576413425
-0.852409231583392
-0.8156927848896072
-0.784103500548204
-0.7572552079752194
-0.7346110153310123
-0.7155648889090012
-0.699489774240658
-0.6857606817228609
-0.6737615130722628
-0.6628834782468442
-0.6525211401477776
-0.6420698209256062
-0.6309257035640292
-0.6184878601027654
-0.6041600278885086
-0.5873496321104031
-0.5674627110842023
-0.5438964347978441
-0.5160362116210397
-0.4832723473131296
-0.4450622490373834
-0.40107864950659367
-0.3515026571447273
-0.2975430117530212
-0.24229013611674025
-0.19204581678132296
-0.158307016364319
-0.16062580975284466
-1.1958135230849292
-1.1895761755851866
-1.161814765283325
-1.120759114414984
-1.0729576192190518
-1.0232733515947396
-0.9750517224032368
-0.9303751911192479
-0.8903450742433408
-0.8553506343349515
-0.8253017172186182
-0.799813641353
-0.7783422250339845
-0.7602731585301704
-0.744973783921715
-0.7318171298324454
-0.7201881559107243
-0.7094809873273317
-0.699093857219024
-0.6884259194150024
-0.6768774394406721
-0.6638525131993498
-0.6487617943884285
-0.6310221281124186
-0.6100508838117554
-0.5852555500337518
-0.5560241912310914
-0.521730067184258
-0.4817744733077841
-0.4357060695166509
-0.38347302099906055
-0.3258865706656242
-0.2654015947232403
-0.2073516542550564
-0.16181344137641274
-0.14631872298101967
-1.1876551288895212
-1.1952336601421756
-1.176782227301415
-1.142111595634594
-1.0988540168073786
-1.0525879508884644
-1.0071085996785558
-0.9647632803884141
-0.9267949912378841
-0.8936574027484351
-0.8652803448563612
-0.8412770449829002
-0.8210933003615863
-0.8041048337426807
-0.7896726795699597
-0.7771679723570126
-0.765977354778952
-0.7554987844415788
-0.7451351898940461
-0.7342906027134071
-0.7223704679106062
-0.7087852039879559
-0.6929541412184118
-0.6743061066175203
-0.6522735411402087
-0.6262795233571541
-0.5957218287497288
-0.5599655693090126
-0.518366428833527
-0.47036042969269554
-0.4156739313590264
-0.35472956421215907
-0.2893504384826677
-0.22389663223337436
-0.16700504847137626
-0.13414663434550333
-1.1768340234466645
-1.1985169728792402
-1.1895361401328357
-1.1613495638936275
-1.1227137512361525
-1.0799446172871454
-1.0372968615342246
-0.9973845836843696
-0.9615900033218306
-0.9304267665235572
-0.9038398935628723
-0.8814363393694623
-0.8626487970162655
-0.8468411686720209
-0.8333674526925468
-0.8215970443247664
-0.8109190153655378
-0.8007362195529846
-0.79045745997173
-0.7794928468257023
-0.767254263073478
-0.7531599361319516
-0.7366398806349498
-0.7171378245847071
-0.6941055536564155
-0.6669878004097762
-0.6352002612271608
-0.5981104384360587
-0.5550411727844808
-0.5053303467223434
-0.4484976963000997
-0.38459136342844835
-0.31481314525036963
-0.24255274795945514
-0.17499812305701834
-0.12553154927526836
-1.1637201042697023
-1.1996568271984962
-1.2001963643199114
-1.178504901454393
-1.144499024223022
-1.1052503940474656
-1.0654798600404518
-1.028067814188625
-0.9945313813280813
-0.9654383749852462
-0.9407432397025705
-0.92004183449021
-0.9027502850419485
-0.8882186388265764
-0.8757930916152433
-0.864841510931452
-0.8547562558138074
-0.8449462776629056
-0.8348275783032802
-0.8238176932296329
-0.8113363548241284
-0.7968112666288186
-0.7796853800347635
-0.7594206035075987
-0.7354928862086897
-0.7073754970920366
-0.674511461760275
-0.6362829170489273
-0.5919949919769767
-0.540905117854341
-0.48234580447341413
-0.416010287932981
-0.3424964532490007
-0.2642354559984551
-0.18696790632018045
-0.12197273016079752
-1.148717167369943
-1.1989038867915731
-1.2088908652187402
-1.1936075026443485
-1.1641614227123587
-1.128394316545766
-1.091496594538047
-1.0566118896798053
-1.025385946800632
-0.9984334762986424
-0.9757115430072225
-0.956799395310712
-0.9410927109685231
-0.927925438841062
-0.9166351443312483
-0.9065884153628855
-0.897181849612139
-0.8878318169913808
-0.8779629685561563
-0.8670017385665065
-0.8543772548838057
-0.8395285287241496
-0.8219139325196271
-0.8010171887600044
-0.776343777699954
-0.7474032222214099
-0.713676518437463
-0.6745744453138561
-0.6294020001671182
-0.5773571638751582
-0.5176089945071976
-0.4495210753457583
-0.3731119974345067
-0.28987523234256707
-0.20411684228895968
-0.12501137662054626
-1.132253545523547
-1.1965201596434214
-1.2157478679389522
-1.206678187927384
-1.1816355826673335
-1.1492418082099354
-1.115156813433862
-1.0827817047349286
-1.0538824695152693
-1.029111885185706
-1.0084217189584006
-0.9913683425656789
-0.9773226396955215
-0.9655999668851013
-0.9555283353614237
-0.9464733063630283
-0.937836730319385
-0.929043805405479
-0.9195293779286668
-0.9087303502436489
-0.8960868959298338
-0.8810513013039637
-0.8631000514800707
-0.8417426526291951
-0.8165200243331996
-0.7869865014710605
-0.7526729484225748
-0.7130346040240636
-0.6673964381638089
-0.6149214046621286
-0.5546434146426709
-0.4856275244681481
-0.4073451269858429
-0.32038224880626953
-0.2276347841228537
-0.13618603167188154
-1.1147712921896806
-1.1927694438850713
-1.2208875505499404
-1.2177216206905477
-1.1968332958694874
-1.1676299334055669
-1.1362373583636012
-1.1063054999891222
-1.0797099838393573
-1.0571311561627927
-1.0385063660856222
-1.023362018374925
-1.0110393294659523
-1.000832266564958
-0.9920582184700333
-0.9840819317909001
-0.9763115419950612
-0.9681825296625756
-0.9591415329955093
-0.9486375425013004
-0.93612348735233
-0.9210669897174117
-0.9029655078651813
-0.8813586055549574
-0.8558290686580404
-0.8259854345921229
-0.7914216005039357
-0.7516549267009974
-0.7060530471127904
-0.6537718330553799
-0.5937430247818917
-0.5247703417248424
-0.4458178014755814
-0.35660391390150475
-0.2586507648737574
-0.15697815836730097
-1.096714381905141
-1.1879073848455102
-1.2244139184343237
-1.2267199480072821
-1.2096388540609704
-1.1833643692235098
-1.1544806746630452
-1.1268748086147617
-1.102519054381758
-1.0821090369544613
-1.0655572607979342
-1.0523521608768012
-1.0417998091241443
-1.033169613814043
-1.0257670641679497
-1.0189562015132874
-1.012152435919002
-1.0048029679578054
-0.9963678135889464
-0.9863096606190723
-0.9740959022825606
-0.9592115916870705
-0.9411781346955063
-0.9195696827625555
-0.8940177958129557
-0.8641954129401391
-0.8297738900183869
-0.7903522327595667
-0.745366065807434
-0.6939957276488008
-0.6351085619321312
-0.5672903827207664
-0.4890456187705158
-0.39927518461023176
-0.2981760785197466
-0.1887474639426015
-1.0785165984683744
-1.1821719087991887
-1.226407714069909
-1.2336281028884801
-1.2199066454601242
-1.1962191828523019
-1.1695966404614704
-1.144148191785689
-1.1219272558160631
-1.1036305135939797
-1.0891337712404987
-1.0778784725496386
-1.0691293685491015
-1.062127678770714
-1.0561654238389946
-1.0506058658802695
-1.0448725566771426
-1.0384257579443739
-1.0307403580827696
-1.0212942597780925
-1.0095709473526648
-0.9950749563488268
-0.9773546549261145
-0.9560235017885294
-0.9307691630249513
-0.9013399449451893
-0.867500326226765
-0.8289523449538242
-0.7852276089300294
-0.7355661454823748
-0.6788135843431019
-0.6133876686027175
-0.5373892086690524
-0.4489617271457877
-0.347038583059445
-0.23265670641692826
-1.0605900101306227
-1.1757750324496306
-1.2269214553001357
-1.2383719491416298
-1.227462266715893
-1.2059407532751272
-1.1812691223841447
-1.157760233777758
-1.1375303934539749
-1.121261022818217
-1.1087778077641
-1.0994650345828063
-1.0925391420361863
-1.0872089623089936
-1.0827510823735327
-1.0785276260559458
-1.0739709302879268
-1.0685554611612413
-1.0617722809755874
-1.053115830983495
-1.04208713048966
-1.0282121058567724
-1.0110690473060446
-0.9903155416787713
-0.9657030400457771
-0.9370668847150924
-0.9042815352950698
-0.8671752925209173
-0.8254064160477566
-0.7783135628533118
-0.7247683307786521
-0.663076771566557
-0.5910004340345288
-0.5059962052436963
-0.4058083301963642
-0.28958590321420613
-1.0433151876627043
-1.1688973094601398
-1.2259779626387424
-1.2408507222549405
-1.2321086900695153
-1.212257456735884
-1.1891689501531852
-1.167337554852388
-1.1489212814296714
-1.1345677000327752
-1.1240372222433572
-1.116645515882094
-1.1115527617938448
-1.1079305050480917
-1.105037409715614
-1.1022336909563775
-1.0989607650764575
-1.0947081219839032
-1.0889839795953005
-1.0813003207168836
-1.071176834246844
-1.0581624787194988
-1.0418682517376743
-1.0220006782175128
-0.9983829181004371
-0.9709496347706326
-0.9397032533536834
-0.9046233678633462
-0.8655282223093935
-0.8218977878804531
-0.7726823806723302
-0.7161394066448741
-0.6497640770595429
-0.5704082030759106
-0.4747148469689289
-0.36003607407026894
-1.0270346078916996
-1.1616864676685972
-1.2235740336762417
-1.2409455220365295
-1.233639332192107
-1.214897046101531
-1.1929753166367136
-1.1725239175040523
-1.1557182155593804
-1.1431508536912756
-1.134499893007725
-1.1289994513782275
-1.1257443859575407
-1.1238631946489614
-1.122593450054753
-1.121292123809562
-1.1194095037998957
-1.1164504461394535
-1.111940832396771
-1.105410714958769
-1.0963991240618491
-1.0844792734316424
-1.0692973321438815
-1.0506134227526012
-1.0283304544284793
-1.0024951993100575
-0.9732570649943695
-0.9407737005815647
-0.9050592924409949
-0.8657815533843664
-0.8220273797154687
-0.7720753391761233
-0.7132359536248637
-0.6418485478689184
-0.553556644921839
-0.4440228925790184
-1.0120510034313854
-1.1542621143337715
-1.2196912515425806
-1.238535946397485
-1.2318602091929196
-1.2136139962371424
-1.1924079554440445
-1.1730168503545457
-1.1576056293920125
-1.146688210729585
-1.1398410878870373
-1.1362022215813472
-1.134790763928986
-1.1346853563395007
-1.135098446849812
-1.1353816807271877
-1.134993324416627
-1.1334532818258332
-1.1303049480285907
-1.1250963132256437
-1.117385773731594
-1.1067714213573947
-1.0929365623311549
-1.0756992563457273
-1.0550501599403472
-1.0311613007159646
-1.0043489943503126
-0.9749773395196765
-0.9432949811502381
-0.909207514413296
-0.8720014050460204
-0.8300530204232313
-0.7805786948264424
-0.7195090860545912
-0.6416038133969354
-0.5409608935430553
-0.9986327701927074
-1.1467287431843476
-1.214316275961069
-1.2335273220007932
-1.2266237329742802
-1.2082294621348582
-1.1872728263285786
-1.168618595275522
-1.1543898059955495
-1.1449948640504184
-1.1398870861493335
-1.1380917551171472
-1.1385403927540647
-1.1402537032233167
-1.1424138937893282
-1.1443642354939065
-1.1455691782023878
-1.1455624768760166
-1.1439040134315062
-1.1401587056343305
-1.133903475639202
-1.1247611005399438
-1.1124532801220393
-1.0968598274250103
-1.0780669102189133
-1.0563851405801703
-1.0323184199170927
-1.0064671925453608
-0.9793555367488056
-0.951180722681648
-0.9214968859753079
-0.8888616990065384
-0.8504967629644125
-0.8020392876220837
-0.7374948665757602
-0.6495391881584257
-0.9870289291847076
-1.1391996675079585
-1.2074733610322166
-1.2258913878346969
-1.2178771087743765
-1.1986869051272269
-1.1775244507690277
-1.1593045985449624
-1.1460729359588835
-1.1381022732950654
-1.1346984622519225
-1.1347553996210524
-1.1371032429865393
-1.1406951483492114
-1.1446766274989641
-1.148378310365836
-1.1512678789777113
-1.152890609539846
-1.1528207120292984
-1.1506378870663458
-1.1459356221855022
-1.138360118481326
-1.127671768449338
-1.113815191180466
-1.096979366399059
-1.0776267886600852
-1.0564701818411713
-1.034377566380126
-1.0121917520189814
-0.9904590316218991
-0.9690743714369807
-0.9468671244715818
-0.9211726309476536
-0.8874614075983818
-0.8391293603604687
-0.7675899773082759
-0.9774965594312015
-1.1318349293548031
-1.199272274841431
-1.2157237234379557
-1.2057287337170628
-1.1851268863981301
-1.16334848748255
-1.1453132173219744
-1.1329492652588504
-1.1263601255959634
-1.1246768916660452
-1.1266408651841986
-1.1309649923755494
-1.1365234410785752
-1.1424169386314351
-1.1479576933549225
-1.1526122173517346
-1.1559335496481937
-1.157506640911773
-1.1569223985862935
-1.1537874987969607
-1.1477689432899225
-1.1386648704863287
-1.1264867139493482
-1.111532833684808
-1.0944306202224816
-1.07612318285612
-1.0577784762564864
-1.040603488413516
-1.0255543020116316
-1.012944845396808
-1.001973362755596
-0.9902064504954852
-0.9730863225932387
-0.9435581763635739
-0.8919515261953338
-0.9703440758628927
-1.1248966974679184
-1.1899752636205942
-1.2033216858346383
-1.1905364728077297
-1.1679850075095617
-1.1452686216092165
-1.1272607997865218
-1.115727566376301
-1.1105653550053463
-1.1106998329000128
-1.114695639868047
-1.1211302020920886
-1.1287850873146996
-1.1367061752463141
-1.1441796195885514
-1.1506645704364802
-1.1557163025050894
-1.1589251501178721
-1.1598878786996292
-1.158219219131738
-1.1536026502567587
-1.145871530560798
-1.1351047471170712
-1.1217155627429738
-1.1065086955062982
-1.0906792527143943
-1.0757283588336113
-1.0632745579157314
-1.0547477305538135
-1.050963737652381
-1.0515936828766677
-1.0545619670432425
-1.0554325854301365
-1.046873787519183
-1.0183276725370698
-0.9659942211276816
-1.1188261671187312
-1.180087208839203
-1.1892871295564604
-1.173022203404852
-1.1481174961189022
-1.1242823632249603
-1.1062868222652589
-1.0956846936720712
-1.0921231491702286
-1.0942879715642488
-1.1005398099621229
-1.109299404401943
-1.1192395479805177
-1.1293388474353478
-1.138847529203371
-1.1472090117721596
-1.1539731211522706
-1.158728059033715
-1.161068937145449
-1.160611261014951
-1.1570485762257663
-1.1502449748948689
-1.1403456939393282
-1.1278830142734735
-1.1138504858741256
-1.09971655217287
-1.0873493229813567
-1.0788279426286573
-1.0761231136893097
-1.0806402611072647
-1.092633951175087
-1.110521909209816
-1.1301517033774806
-1.144103274457755
-1.1411463869091747
-0.9650711747223369
-1.1143465149511176
-1.1704736705850498
-1.1746587337701537
-1.1544175730871242
-1.1269594927979425
-1.1020309120186182
-1.084234330880591
-1.0748555508826247
-1.0732453409014293
-1.0778108832232327
-1.0866777899805493
-1.0980856440289757
-1.1105792840784323
-1.1230548163023781
-1.1347139881876
-1.1449734995567498
-1.153367444996305
-1.1594717758545725
-1.1628698330382217
-1.1631680285321004
-1.1600610383962315
-1.1534368074563954
-1.143503650501093
-1.1309151610283434
-1.1168639009513117
-1.1031123376725558
-1.0919296130732692
-1.0859058667367525
-1.0876223876349393
-1.0991662290536321
-1.1214924852166288
-1.1536565893916655
-1.191963146722497
-1.2291073551320095
-1.2534203888814501
-0.9685167580156879
-1.1125970425487939
-1.1625120962462254
-1.1610793508149628
-1.1366465103549868
-1.1067216932106874
-1.0810088467369245
-1.0638715400462588
-1.0562654059948884
-1.057192191893179
-1.0647369831927853
-1.0767550802067407
-1.0912766292620424
-1.1066958310666026
-1.1218077649945404
-1.1357499729560487
-1.1478983350210363
-1.157757835509868
-1.1648789573502867
-1.1688200486275007
-1.1691654729249241
-1.165599078766656
-1.1580228977299671
-1.1467024000972905
-1.1324124957629962
-1.1165531610010322
-1.1012004931358244
-1.0890585396411243
-1.0832798102202785
-1.087128354497112
-1.1034690685697923
-1.134080875351128
-1.1788100008382583
-1.2346031357230525
-1.294489223572306
-1.3466133476744195
