Predicted value
-0.9261254520694999
-0.7323140499705221
-0.5991783827724249
-0.508872565519666
-0.43997725700006124
-0.37376439584125
-0.2969354859916281
-0.20208644159460892
-0.08685672900907021
0.04753151859270921
0.19785067237285572
0.3602422095992444
0.5312108116399424
0.7081700600365374
0.8895540656699239
1.0745668774587034
1.2626773880928568
1.4529847663710185
1.6435812801456413
1.8310288120537852
2.010045493489407
2.173472772022963
2.3125639650631875
2.417606019351058
2.4788598732446037
2.487784588062328
2.438499357369949
2.3294387003869743
2.1651726790235695
1.958398928801369
1.732169743431589
1.5224984824871006
1.3815982627792331
1.3821453281023035
1.6231327503060593
2.2380902785660357
-1.1239605783544608
-0.9097628261659427
-0.7461697380945564
-0.6192457096485274
-0.5104183666152965
-0.4030321703428103
-0.2853226949272749
-0.15106743911283754
0.00112562683389969
0.16918209842298418
0.3490795352096303
0.5361964740784889
0.7263088898109058
0.9161606957608417
1.1036169017282988
1.2874654154541452
1.466969269934379
1.6412883623322663
1.808891683020625
1.967070576580986
2.111643891788587
2.23692002608942
2.3359519331948952
2.401092221548419
2.424829607923404
2.4008682856611543
2.3254013024168545
2.1985308991197443
2.025806021536632
1.8198829597233728
1.6023723801240515
1.4060179714993926
1.277461610601778
1.2809904479311158
1.503835699371072
2.0638042873858713
-1.2214227970502944
-1.002081636680729
-0.8238402072037652
-0.6763720549720617
-0.5436797160871385
-0.4109297853313698
-0.26765817611180553
-0.10860400049905838
0.06686355141097208
0.25601192711225806
0.4542030951469175
0.6562142342457524
0.8572330987365455
1.0534494126926437
1.2422454576892568
1.422046243304778
1.5919253670165832
1.7510799622622324
1.8982900815350934
2.031467546825189
2.1473798038688274
2.2416087209013993
2.30877565828383
2.3430355838617993
2.338817601584997
2.291770079128801
2.1998586853897155
2.0645681621362204
1.8921766371551882
1.6951078203081607
1.4934245903686478
1.3166103607182562
1.2058952873033564
1.2175259340619702
1.4275525206900976
1.9389204264948257
-1.2402354964407518
-1.0267019124048726
-0.8454232705789412
-0.6894116583444188
-0.5450024047831695
-0.3989628618679135
-0.2419232854680201
-0.06939053046176857
0.11868815994854713
0.3190944152922045
0.5267346903419909
0.7359301998897351
0.9414080108908529
1.1389096673253218
1.3254153206754653
1.4990384151520235
1.6586816130764552
1.8035619235163696
1.9327149977396352
2.0445783596682423
2.1367340296425827
2.205865656817581
2.247956980771382
2.2587302777820417
2.2342984930852903
2.171986098633932
2.0712644278040897
1.934750405502472
1.769236295589261
1.5867554088103277
1.4057477348974312
1.252473263513026
1.1629324216544676
1.1856956613579592
1.3862208624227303
1.853450951777737
-1.1996288147285141
-0.9993534646276452
-0.8232063446221092
-0.6672953493467026
-0.5200739681158802
-0.3697156991558105
-0.2077648534807111
-0.03032647229158627
0.16223473378496384
0.3663663881388798
0.5766613703048056
0.7871148642779939
0.992108273396034
1.1870316577877817
1.3685377301282688
1.5344773706570534
1.6836021744845908
1.815136804494026
1.928325973011354
2.0220507962325445
2.0945901385289645
2.1435774705695883
2.1661757870671425
2.1594653482427266
2.1210145051767295
2.0495857244402127
1.9459202231475468
1.8135484432051336
1.6595930144196913
1.4955689616400356
1.338245782605712
1.210720742031391
1.1439653750348482
1.1792508506857629
1.3720355955796384
1.798113499293172
-1.1163483305847879
-0.9339698282996823
-0.7683387168291285
-0.6184412951302745
-0.4746596924105508
-0.32640352662085426
-0.1659746129872706
0.010070814125555987
0.20109009667878186
0.4033294144446896
0.6111928846885515
0.8184648825206552
1.0192841428730222
1.2087768330863173
1.3833369440406398
1.5405991189964803
1.679184504196332
1.7983174451803794
1.8974129490586154
1.975724867023746
2.0321258045515873
2.065064920385474
2.072722110905686
2.0533496752112153
2.0057684995565586
1.9299681690577544
1.8277522911768374
1.7033747807793462
1.5641329919027755
1.420922468142006
1.2888188031179992
1.187837736215556
1.1441382380219456
1.1920780460378146
1.3777099756322295
1.7645234352421388
-1.0047218884701967
-0.8426611939413546
-0.6907159426856785
-0.5505563217025764
-0.4143264053177884
-0.2725243780822063
-0.11807482642122993
0.0521409629803104
0.23732232944353643
0.43362858085242106
0.6353837766504238
0.8362627615508885
1.0302530813470487
1.2122957496724573
1.3785887697480277
1.5265939294247326
1.654822762558613
1.7624947863042442
1.8491632636513555
1.914393884824142
1.95756299138103
1.9778173643615462
1.9742102439935696
1.9460012246658904
1.8930840564547573
1.816489264836211
1.718900954685598
1.6051322746289727
1.4825248646352518
1.3612772747901962
1.254768907840748
1.1800325837080692
1.158643432107079
1.2184375710464623
1.396654005683268
1.7453104651374556
-0.8767720086058907
-0.735741817139312
-0.5989270653451036
-0.47050785766426984
-0.3442441453551204
-0.2115955615834031
-0.06599468825766316
0.09545909198737909
0.27190894707224333
0.4595251379349722
0.6526452786483233
0.8449227996458841
1.0302745602801642
1.2035266008611096
1.3607377327723358
1.4992371196018888
1.6174472838217127
1.7145811637723831
1.7903040259242498
1.844441288960097
1.8767947205249529
1.8871051058829535
1.8751724415763247
1.8411180578648556
1.7857499026027757
1.7109756076509557
1.6202009882930217
1.5186573777914123
1.4136227545508895
1.314542059719622
1.2331145098189633
1.1835031635195534
1.182937585340608
1.2531272432083633
1.4230843628358603
1.734173421146666
-0.7423628122464985
-0.6218002928783707
-0.500252534116347
-0.3842538971782382
-0.2690526598675914
-0.14696125822571315
-0.011823651383766537
0.1391320753896526
0.3050780657368114
0.48227783742381714
0.6651620914224351
0.8474385874253554
1.0230235858121777
1.1866901034955066
1.334408709815282
1.463412880081965
1.5720561098627082
1.65954515402625
1.725635972279259
1.770369318806294
1.7939044890347418
1.7964856128520714
1.7785481421728597
1.7409469029542932
1.6852643489585857
1.614141548126004
1.5315680337202597
1.4430730428059968
1.35578292548322
1.2783507210029155
1.2208271427890076
1.194630574861338
1.2128902385597444
1.2915845221777245
1.4520786584927627
1.725885567596391
-0.609371771691587
-0.5078024781521195
-0.40070211053119437
-0.2968198073705528
-0.19278112392918784
-0.08165924052400107
0.042370703624384144
0.1820253228289306
0.33657559322909025
0.5024462755898453
0.6742276129964893
0.8457458596020344
1.0109769277467886
1.164694888694843
1.3028273082871846
1.4225455243629996
1.5221530592167094
1.6008524890055142
1.658473344267935
1.6952340729251554
1.7115928406811236
1.7082180549815165
1.6860830590029818
1.6466635328897266
1.5921938420017345
1.5259229676547965
1.4523048260843265
1.3770648075198209
1.3071073306819159
1.2502711900765597
1.215003555527953
1.2101127468308552
1.2448774325807628
1.3299387725245089
1.4795853185312062
1.7162612918813416
-0.4838778745377068
-0.3992181436506097
-0.3050833645384394
-0.2123121346990049
-0.11881081673321263
-0.018336058656155903
0.09467126652876709
0.22293140349197701
0.36587008228337153
0.5201281532938214
0.680509770553944
0.8410130641520903
0.99572460445245
1.1394661062588582
1.2681618314674215
1.3789511054486654
1.4701053467647034
1.5408261032261446
1.5910028710942448
1.6210000298033571
1.6315241332842407
1.6235991421773956
1.5986510403045049
1.558677735082476
1.506458276485606
1.4457403240543019
1.381339527680697
1.3190921468395989
1.2656258959446989
1.2279567519620032
1.2129843756722174
1.2270489614085125
1.2758308230728583
1.3650239281201886
1.5023989873621408
1.7020936782482672
-0.37035897628719694
-0.3001636371057147
-0.21709258145663873
-0.1339607983444133
-0.04987174010868675
0.04079869523090149
0.14339619834111955
0.26069056834137616
0.3923055885166401
0.5351410552822116
0.6842582907310916
0.8338706897547401
0.9782178423896808
1.1122086120728967
1.231798322255445
1.3341209886933698
1.4174324140749863
1.4809370168211498
1.524573578277373
1.548825743470769
1.5546051814980169
1.5432318838099863
1.516510233531537
1.4768742978684923
1.4275543599750518
1.3727020977511477
1.3174071162776277
1.2675458293448434
1.2294280451544333
1.2092501231419872
1.2124293143470106
1.2429849582134158
1.3032516655057673
1.394360551540928
1.518110077528746
1.6810711918561476
-0.2718922078606822
-0.21355395035216354
-0.13942102597489717
-0.06418219965180232
0.011934680780473033
0.09398726549436012
0.1871484889839931
0.2942720296751278
0.4152116701745764
0.5471581366393555
0.6854630199541172
0.8245891600513984
0.9589634891599338
1.0836148613889405
1.19455892621807
1.2889477135307887
1.3650363691705152
1.4220364939810581
1.4599278772829472
1.4792911591023206
1.4812061855762988
1.4672376201754185
1.4395038210768833
1.400800173559336
1.354727057037679
1.3057585106824188
1.2591835208392117
1.220860769047944
1.1967527327239713
1.1922493028742303
1.211357655945045
1.2559270714036723
1.3251978043092643
1.416115084298041
1.5250359004592988
1.6516805268806116
-0.1903523080759088
-0.14125860260304524
-0.07387054599076828
-0.004656828340774245
0.06509360847816968
0.13991489560491993
0.22483773349330674
0.32282375345896897
0.43397855221013043
0.5558059796507814
0.6839717726622464
0.8132139612273604
0.9381737095275978
1.0540264748846835
1.1568726530016653
1.2439023102512812
1.313383264128934
1.3645387428008329
1.3973832153020942
1.4125758167419478
1.411333179220883
1.3954205004247724
1.3672144194008546
1.3298068042072286
1.287097970328248
1.2438142233302187
1.2053810355621932
1.177592706152615
1.1660450974813041
1.1753430710849362
1.2081616429499487
1.2643327237268847
1.3402506849317357
1.4290429790500543
1.5221397209956429
1.6131015919646767
-0.12660366902427922
-0.08425668711094947
-0.0214734496841011
0.04358408811477423
0.1086213300597796
0.1776834230253704
0.25568058285807455
0.3456975025729226
0.44810444917922776
0.5607318464167307
0.6795751383361582
0.7996656143551185
0.9158787315281346
1.023557375655704
1.1189065408887249
1.199171159028639
1.2626433561473849
1.308562336821904
1.3369724765626978
1.3485961222819407
1.34476014026113
1.327392492408345
1.2990801460080963
1.263155511029646
1.223758433739722
1.1858076372299944
1.1548124698855742
1.1364659831554715
1.135986791606457
1.1572229525153643
1.2015993205487079
1.2670835667597438
1.3474683815689599
1.4324213899516263
1.5089430751026294
1.5650996157515655
-0.08068271776632324
-0.04278728055790525
0.017387542786490313
0.08006746259998097
0.1420012367549802
0.2067725442534064
0.2791854030043335
0.36245493504039317
0.4572210967467417
0.5616465981115304
0.6720647149216998
0.7838111325898031
0.8920094312735494
0.9921854105070957
1.080664239068951
1.1547594836328523
1.2127974992523594
1.2540375372843118
1.2785503233279338
1.2871088605123941
1.2811279033732275
1.2626660059844053
1.2344793563251186
1.2000928484257736
1.1638340960233848
1.1307634376297604
1.1064305044436884
1.0963987007880145
1.1055060630911848
1.1368774992276864
1.1907724466500846
1.2634466065541288
1.3463296936849303
1.4259761686836598
1.485435773457705
1.5079184513000436
-0.051968014146574495
-0.016492187457152863
0.042862682943618384
0.10478652116546258
0.16511534596385055
0.22699315740402756
0.295125832681289
0.37285970719609396
0.4611026769870688
0.5583486775451756
0.6612703532354303
0.7655127124057857
0.8664556471332598
0.9598184648123403
1.0420581127972433
1.1105676584349924
1.1637158964376253
1.2007857750063693
1.2218717428054997
1.2277872021559872
1.2200160910461424
1.2007202891054565
1.1727901319258784
1.1399019054090687
1.1065268585358785
1.0778241004626188
1.059347817514786
1.056510638839957
1.073772777564775
1.1135738586434443
1.1750941965541852
1.2530277869627746
1.3366735077958456
1.409807068218212
1.4519871801552708
1.442178337610725
-0.039336125064993274
-0.004548688825591223
0.05552461043798223
0.11811131047165636
0.17817472416472172
0.2384364356371986
0.3035071648302249
0.3768597543300976
0.4596625348693868
0.5507337543802219
0.6470811909925414
0.744658594341031
0.8391052933357891
0.9263402535306536
1.0029601447567866
1.0664456711446897
1.115214602402535
1.1485767086196925
1.166648222288802
1.1702746120548628
1.1609934342727757
1.1410469121527271
1.1134297594629752
1.0819346978091176
1.0511391947849977
1.02626525616022
1.0128427200999435
1.0161185065714429
1.0401827519459754
1.086830788721016
1.1542505946340644
1.2357217155821538
1.3186368440681449
1.3843142907329522
1.4092616022693014
1.3687806360145596
-0.04130194350438596
-0.005790588665663125
0.05626585998120669
0.12070392549945116
0.1816515011770234
0.2414216038486345
0.30452878314262144
0.37456321735115444
0.4529413690697688
0.5387939087216919
0.6294545229410708
0.7211802889042092
0.8098685964364184
0.8916402184513247
0.9632361483665598
1.022230321951942
1.0670944019706443
1.0971675083376904
1.1125862057105376
1.114221295810711
1.1036510847206389
1.0831788872731196
1.055878672819496
1.0256300304937247
0.9970851189503261
0.975499046811857
0.9663542870832349
0.9747223429431474
1.004335034974081
1.0563865524093612
1.1281588847252402
1.2116605062556007
1.2925943068235253
1.3501288270349299
1.3581399492318973
1.288821395524391
-0.05614265926928848
-0.018816406647652384
0.04620594628170247
0.11344025850981902
0.17621456799936114
0.23644478006750327
0.2985452626750433
0.366210850175023
0.441089936282657
0.5226095755620253
0.6084158919509249
0.6950596941306957
0.7786911022598921
0.8556312800965795
0.9227671222009355
0.9777690491049414
1.019165995426408
1.0463283182576033
1.059411787141491
1.0593071239282357
1.0476228221483783
1.0267072726140762
0.9996926361332592
0.9705205168606266
0.9438913822812784
0.9250689294946455
0.9194702937053962
0.9319862150013634
0.9660051049734298
1.0221644668758767
1.0969254032051865
1.181164074157801
1.2591010307801003
1.3080484191140576
1.2996492176367886
1.2035150111587762
-0.08200506100977148
-0.0420840540759351
0.026609010599629886
0.09733955199209203
0.16267051872415467
0.224130698676358
0.2860281873165767
0.35214717559472236
0.4243487312445956
0.5023368864590084
0.5840531915238915
0.6663290294793052
0.7455584925872472
0.8182585786950758
0.881460955856457
0.9329336481761203
0.9712647961475979
0.9958572221216901
1.006884967344807
1.0052543426077964
0.992595431314531
0.9712884830825836
0.9445063191929559
0.9162318196792025
0.8911918569556103
0.8746387639965154
0.8719106575615541
0.8877157601818266
0.9251163599467815
0.984238295928295
1.0608049407140685
1.144693651364343
1.2188406575211228
1.2589804317548758
1.2349008238971724
1.11412871944608
-0.11699625895158776
-0.07399175602389299
-0.0011874283509808055
0.07350258323190378
0.14191092856718798
0.20518865161756
0.26753024433174294
0.3327921540612352
0.40302659146547254
0.4781925225839487
0.556507039793427
0.6350659730737247
0.7104957067437906
0.7795017889681264
0.8392571432392022
0.8876265940815511
0.923258084764894
0.945587474224114
0.9548062350303407
0.951832815507028
0.9383119583048475
0.9166449663066993
0.8900308559963115
0.8624766197579476
0.8387175133478545
0.8239784743574228
0.8235085432408029
0.8418345817730704
0.8817117460061761
0.9427991532660042
1.0201630668520785
1.1028097892290085
1.1725793860027827
1.2038924402227247
1.1650383409084855
1.0219282225380186
-0.1592582681002861
-0.11294534870000439
-0.03583245756809766
0.04305891288747851
0.11486665157526196
0.18037356290871162
0.24365272385975523
0.3086146868270865
0.3774797229186394
0.4504377316319877
0.5259592154023882
0.6013859124430347
0.6735623800929503
0.7393731048820351
0.7961266660872606
0.8417821780560507
0.8750467643796831
0.8953892554782819
0.9030177316767993
0.8988600377755261
0.884570053816247
0.8625614015834205
0.8360474787258138
0.8090453236051156
0.7862839054412964
0.7729480873971225
0.7741908062933966
0.7943610330393903
0.8359269039667314
0.8981251264368905
0.9754424437195427
1.0561356755786753
1.1211267136224943
1.1437709256392017
1.0911947922206844
0.9281343433372773
-0.20702718579943147
-0.1574123909303177
-0.07601065007725566
0.007123291318796564
0.08246946981961345
0.15045274778902196
0.21501717587158473
0.28010888901327546
0.3480922474030598
0.4193627567682112
0.49262053341489404
0.5654327996362496
0.634846185980067
0.6979125597443225
0.7520687753185801
0.7953642329796612
0.8265635198482857
0.8451677712867294
0.8514008144331322
0.8461977191930957
0.8312171672108
0.8088781374872441
0.7823988797695453
0.7557950849696826
0.7337776470508519
0.7214815244118539
0.7239590321718836
0.7453865112768645
0.7879658073812964
0.8505544333736045
0.9271337655753957
1.0053262164230101
1.0653031172004783
1.079588114503667
1.0144593149431322
0.8338902855052777
-0.2586779386700777
-0.20596378537816554
-0.12048027693656954
-0.0332389688999997
0.04562112757877554
0.11617859739094413
0.1822416554014024
0.24777373608409337
0.31525903068990535
0.385272575523976
0.4567191813670375
0.5273697366083608
0.5944552966330396
0.6551819707910302
0.7071060172366659
0.7483618364325061
0.7777687975275226
0.79485911951395
0.7998714424068176
0.7937463440424215
0.7781439668239434
0.7554831972212873
0.7289795704251452
0.7026383346295013
0.681142985339431
0.6695711512392993
0.6728720608775415
0.6950560250952208
0.7380795151137781
0.8004625818698965
0.8757516299094643
0.951043010295356
1.0059146129123668
1.0122767006343085
0.9358527174201775
0.7402388008956088
-0.3127557654082541
-0.25730381203874847
-0.1681015069886049
-0.07703808110688165
0.005169535893898909
0.07826716970869632
0.1459217156104177
0.21209640568626856
0.27937125963465403
0.34847454708948994
0.4184902284220241
0.4873701028317528
0.5525108586449121
0.6112584724585167
0.6612785224671803
0.7007840483561769
0.7286456869045462
0.7444250202837135
0.7483744743272515
0.7414387781532281
0.725277025809268
0.7023038464491558
0.67572617330572
0.6495316847650432
0.6283692545389016
0.6172537736429637
0.6210305759848105
0.6435514932154806
0.686548364468186
0.7482437140652287
0.8218153665861808
0.8939350752242634
0.9437338774807086
0.9427119433259354
0.856311226358767
0.64810834958787
-0.3679957469376447
-0.31028963691227807
-0.2178554252619619
-0.12337794859737634
-0.03810826832585491
0.03738245454927471
0.10661608414081435
0.17353940256050504
0.24080499290558136
0.3092683145030118
0.378166761100403
0.4456097709089636
0.509140106668877
0.5662283255881086
0.6146382944692481
0.6526544559526527
0.6791944989350656
0.6938472112382518
0.6968776768691582
0.6892337050988894
0.6725715254595314
0.6492984329827716
0.6226083029494999
0.5964657954523345
0.5754797185604754
0.564598496185603
0.5685640742459297
0.5910779777801187
0.6336676836408055
0.6942960796660773
0.7658346231536481
0.8346249704137976
0.8794874065206106
0.8717004414838272
0.7766775372928609
0.5583071710074843
-0.4233317972739187
-0.3639414758428403
-0.26885483236679675
-0.1714671648026485
-0.08351698202858665
-0.005874089165865646
0.06483677800723137
0.13253136399667437
0.19991271058244522
0.2679381005459153
0.33597288393718044
0.4022607342824075
0.46447051158060454
0.5201814576074527
0.5672439982980844
0.6040060591881505
0.6294275944203571
0.643122069039067
0.6453659995657146
0.63710943053986
0.6200044861918989
0.5964489680509073
0.5696204524520331
0.543456557959423
0.5225220830300641
0.5116966401783171
0.5156203158274991
0.5378528463208008
0.5797369015763059
0.6390113899770731
0.7082993226543246
0.7736997837169631
0.813848026571055
0.7999747366257786
0.6976981487648205
0.4715240653414435
-0.4778965904235829
-0.41744467057917045
-0.32034787853391783
-0.2206237144892473
-0.13044840513574493
-0.05096925419728961
0.021043272684904107
0.08946129381053519
0.15701772934699143
0.22474736944818113
0.29211864940667365
0.35748629068575793
0.4186251733381639
0.473206998000319
0.5191565557222827
0.5548768327211201
0.5793648160965963
0.5922558169898925
0.5938364709657435
0.5850583929231333
0.5675688369566649
0.5437547216671114
0.5167751098226252
0.4905377593688378
0.4695607719437707
0.45865373663930775
0.4623571821321093
0.484097690850464
0.525051775916866
0.5827676565762245
0.64967347205378
0.7117063286521509
0.7474319617606789
0.7281927946795528
0.6200258711232292
0.38833460932963537
-0.531013923981752
-0.47014497443626985
-0.37171564038474997
-0.2702743085558129
-0.17838208967780123
-0.09743968591577148
-0.024359761180960168
0.04467586080175198
0.11241122905150837
0.17993569752245048
0.24679684528477597
0.3114377824920119
0.3717195208279134
0.4253899208487698
0.47043569655157647
0.5053061409726407
0.5290297170219694
0.5412605164533647
0.5422939082257474
0.5330825568949926
0.5152684734546878
0.4912269465858902
0.46409717294733843
0.43775524230585544
0.4166709183390332
0.4055834702058976
0.40893673484330023
0.43003270677344074
0.46989934236837494
0.5259250103777913
0.5903922014539122
0.6491498077692891
0.6807995809866736
0.6569413541722615
0.5442263521115825
0.3092114962583314
-0.582185012078207
-0.5215383517813839
-0.42246476935742505
-0.3199493189671508
-0.2268820858042742
-0.14489004301632474
-0.07102170816891407
-0.0015206801579910204
0.06635154984489985
0.13371760130848984
0.20018146601876266
0.26425278731673263
0.3238592678574786
0.3768087886398892
0.4211374948409842
0.45533205913566804
0.4784466520595423
0.49015091294611296
0.49074750540757495
0.4811897395974973
0.4631143309613717
0.43888472321428534
0.4116196132511194
0.3851624589608473
0.36393390884987514
0.3526033463471221
0.3555211730328525
0.37587314517133263
0.414555108201357
0.46882392561577385
0.5308613533084903
0.5864951493522575
0.6144589136599864
0.5867421034436198
0.4707874501848479
0.23453769333840188
-0.6310701622174856
-0.5712565722024562
-0.472216331220775
-0.36927428387821626
-0.2755906171743535
-0.19298842459678903
-0.11864283763386443
-0.048864433129962526
0.01906536348946276
0.0862830084556068
0.15242762437869706
0.21605457586339105
0.27513949287615047
0.32753450560552877
0.37131282923681674
0.4049895609087187
0.42763870549885197
0.4389421131640626
0.4392082711080001
0.429390826229281
0.41112140548607373
0.38675182836422206
0.35938025212329733
0.3328172368853791
0.31143424549211096
0.29983178375383657
0.30227032161756173
0.32182739625530776
0.35928196548827523
0.4117852356823339
0.4714589136438448
0.5241702084788981
0.5488710182209107
0.5180596586482955
0.40013030947285255
0.16462114734772712
-0.6774672256348339
-0.6190498299098838
-0.5206919195511044
-0.4179589293278043
-0.3242195065795099
-0.24145976967643537
-0.16696931425636097
-0.09712818013076518
-0.02924970525238014
0.037799021130093625
0.10367261740376896
0.16695260578302035
0.22564465670058517
0.27762993133961184
0.32100664585092026
0.35430947037154953
0.37662636286850915
0.3876480034426877
0.3876872204092931
0.3776977665901846
0.35930659417717803
0.3348544706210467
0.30741945763568923
0.2807795219479482
0.25925744123804806
0.24738629317073427
0.24934025088012818
0.26809623610923844
0.30433028278517643
0.35511132050057764
0.41253758053771983
0.4625700380815428
0.4844563144883552
0.4513103542756991
0.33262104424275063
0.09970983818698571
-0.7212881223136759
-0.664767544941435
-0.567698065694568
-0.4657846062923179
-0.3725401369564094
-0.2900779105670764
-0.21578697692728005
-0.14611657689488747
-0.07842143451187769
-0.011587389060002246
0.05403784316335651
0.11704379699434626
0.17544934423141842
0.2271501730453087
0.2702578664236049
0.3033180374270428
0.32542679549757975
0.3362802800275361
0.33619418624184183
0.32612220552886567
0.3076871890466066
0.28321970109737904
0.25577853877270545
0.22910983808810945
0.20748864562207475
0.19538238991176776
0.19688261990739958
0.21487277001450192
0.2499386440260958
0.2990878649319152
0.35442779555669224
0.4020614775911966
0.42160104520543057
0.3868709254402725
0.2685820223291654
0.0400060765722572
-0.7625346330500271
-0.7083384083536182
-0.6131098868588112
-0.5125909736519679
-0.42037267648531856
-0.3386569159546524
-0.2649144377944149
-0.19566070176406963
-0.12829874781245557
-0.06174610504769946
0.003631268858115584
0.06641433220507316
0.1246195095961879
0.17614336423570898
0.21909977089482446
0.2520369803466896
0.2740536091170449
0.28484794375048544
0.28473709782287776
0.2746745840046712
0.2562798439650922
0.23187429717063351
0.20449860704001788
0.1778682008391255
0.15621169950038954
0.14393289659907502
0.14504435338083568
0.16234263037817442
0.19633473714509325
0.2439856313464862
0.2974406182288889
0.3429873727392178
0.3606631106153103
0.3250862530135686
0.20830184303201724
-0.014320936801235262
-0.8012745251731161
-0.7497506220588134
-0.6568548158394765
-0.5582626720033378
-0.4675752225041391
-0.3870422963713158
-0.31419600004039094
-0.24561238988760253
-0.17874721648288242
-0.1125603289302354
-0.04744982697718999
0.015141743021915507
0.07321401607762815
0.12465174577832536
0.16756068857918055
0.20048384190864194
0.22251690948604552
0.23335711300869966
0.23332157561125347
0.22336355059158194
0.20509984020296343
0.18084392519916825
0.15361968765440223
0.12711323873103395
0.10550834090185876
0.0931473220174947
0.09396729791054984
0.11068403231361489
0.143735949105115
0.19006175365276337
0.24186989866598585
0.2856698268634133
0.3019766192765232
0.26627545551297394
0.15204323216025145
-0.06312513091086988
-0.8376189390075514
-0.789033158574233
-0.6988971437583278
-0.602716633521553
-0.5140334307693895
-0.43510256720483487
-0.36349482522745036
-0.2958387261168889
-0.2296446445610697
-0.16392306543184537
-0.09911607820823336
-0.036702926231875675
0.02128628931583199
0.07271288856771659
0.11566485266507803
0.14867252413912374
0.17082355541277408
0.1818110260580129
0.1819507099288362
0.17219554242479937
0.1541604972923622
0.13015241290785662
0.1031798912741382
0.07690131037000332
0.05545732338444374
0.04313104811394426
0.04378755776749128
0.060067351977922456
0.09234929532690009
0.1375601415212995
0.18799329587836133
0.23041198835273458
0.2458546153377092
0.21073574226270647
0.10004822195660447
-0.1062768427810642
-0.8717018121587694
-0.8262387299543595
-0.7392239843382657
-0.6458905625004588
-0.5596510974310024
-0.48272157577179486
-0.4126867021021704
-0.34621699984668375
-0.28087699657887816
-0.21573384729890843
-0.1512834119183774
-0.0890530413254622
-0.031114058660194493
0.020360932563584882
0.06343330546371852
0.09661389749191249
0.11897749934862659
0.13021013329231584
0.13062492077630253
0.1211744265513923
0.10347261039755955
0.07982099986079473
0.05321449913870932
0.027285451947911
0.006133261184674105
-0.006015883174786122
-0.0053657228298881286
0.010653968586306744
0.04237039670674945
0.08671067897948659
0.1360717958817836
0.17749799739808372
0.19258957387032163
0.15874358743253392
0.052540143306024814
-0.14365985937627795
-0.903661961488444
-0.8614290118511436
-0.7778331379345451
-0.6877330030483914
-0.6043420542258784
-0.529791902541768
-0.4616546818702026
-0.3966303468625447
-0.33233485824922737
-0.26789586230866946
-0.20387072013372037
-0.14184449979457686
-0.08393972927955574
-0.03237223882427681
0.010884783451435455
0.044316420158480904
0.06698015469843506
0.0785522191173247
0.0793418361467834
0.07030113412722255
0.05304383943223607
0.029867481928722777
0.0037548662803408082
-0.021685953099922627
-0.04239492155188927
-0.05420052167906761
-0.053372286045928974
-0.03740580266911011
-0.006018686778999102
0.03772700773102469
0.086347501104912
0.1271908447280025
0.14245139833561374
0.11055294087040704
0.009722128640241525
-0.17517254123311587
-0.9336282814881272
-0.8946625212540112
-0.8147231990491948
-0.7281952879584925
-0.648023626103863
-0.5762095456094659
-0.5102847533958311
-0.44696422026730886
-0.38391054479240855
-0.3203135731243946
-0.2567978938024419
-0.19501410634456162
-0.13714440272522754
-0.08545592025597112
-0.04196344158899723
-0.008213251174924208
0.014830773841113223
0.026832537972715807
0.028096172046775208
0.019573267634961197
0.002878025588083887
-0.01969478035660562
-0.045172894119996684
-0.06997082686912327
-0.090065990311501
-0.10133936086754755
-0.10012346577197256
-0.08397576603727273
-0.0526528537306475
-0.00919720080259102
0.03903958760607104
0.07972803222902419
0.09568280457138129
0.06639035590870336
-0.02822799696486309
-0.20073315128103106
-0.9617083559257389
-0.9259853982727926
-0.849886115645133
-0.7672255392741393
-0.6906117880473607
-0.6218699952390513
-0.5584626388216535
-0.49710374804700547
-0.43549589470691036
-0.37289085101278274
-0.3099842260062089
-0.24849819745921928
-0.19068155497772193
-0.13885958111668975
-0.09509473938415108
-0.06096962968563417
-0.03747313167427265
-0.024956003257117387
-0.02312035379813523
-0.031015287985735426
-0.047025535530262785
-0.06885796245756068
-0.0935494204012493
-0.11753534960161616
-0.13682882792578688
-0.1473612707649639
-0.14552565377280263
-0.12893787071726795
-0.09738857085938638
-0.053893462879019555
-0.005661544072934872
0.03531506701312926
0.05249213055619002
0.02644708327190521
-0.061166375112168936
-0.22028931260244786
-0.9879806203988846
-0.9554251966092031
-0.8833022755159188
-0.804764769800187
-0.7320180475002772
-0.6666657050173994
-0.6060716990081558
-0.5469319520666766
-0.48698071147944905
-0.42552957572188477
-0.36334712839061184
-0.3022314525621446
-0.24450335876980395
-0.19255186552935052
-0.1484922412525694
-0.11394766909983413
-0.08993525047029934
-0.076822537044646
-0.07431899421304614
-0.08147466897305655
-0.0966727816013048
-0.11762090122191869
-0.1413637194464983
-0.16435612217784784
-0.18264519608550578
-0.192210911808148
-0.18950441924901054
-0.17219709003841788
-0.14010956697511073
-0.09622504865818679
-0.047601768216899466
-0.005883036669139818
0.013043767376034994
-0.009131649421861579
-0.08899507701135691
-0.23383131752494887
-1.01249006004935
-0.9829876473846225
-0.9149380675245993
-0.8407450190373974
-0.7721479738515816
-0.710484871119309
-0.6529918522295305
-0.5963287255272322
-0.5382517453073759
-0.47812858986782214
-0.4168010464569306
-0.3561457754715459
-0.2985595508825075
-0.2464994772204974
-0.20213778417777956
-0.1671418166040029
-0.14255968902957106
-0.12877767847092933
-0.1255137057913187
-0.13181912294090942
-0.14607539961457805
-0.16599010687675045
-0.1886147457435196
-0.21042238421548481
-0.2274926654532633
-0.23585245131422392
-0.23200908795649927
-0.21368694229757235
-0.18073337842252807
-0.13609464020422313
-0.08667209905699028
-0.04375193252986466
-0.02255343898753252
-0.040259784560064966
-0.11167693949884396
-0.24140881068873185
-1.0352472824427907
-1.0086562300217274
-0.9447457469688988
-0.8750893500088635
-0.810901200091596
-0.7532113446756225
-0.6990993319988953
-0.6451703964338805
-0.5891920446423683
-0.5305828402643853
-0.470256408927108
-0.41016908407667146
-0.35279610615105367
-0.30066579155862705
-0.2560105224372997
-0.2205446918762731
-0.19534979081911252
-0.18083256086589922
-0.1767204802865241
-0.18206671737951144
-0.19525099449394986
-0.21398047620897967
-0.23531274496865462
-0.2557380755326917
-0.27136748455845416
-0.27827333210931937
-0.27301750652215684
-0.2533753514948388
-0.2192184131063112
-0.17345271338961762
-0.12281851467519248
-0.0782393438405509
-0.054259316476030474
-0.06692545643728218
-0.1292526649366122
-0.2431501738598524
-1.0562306737646214
-1.0323942651832847
-0.9726653279281279
-0.9077134384715638
-0.8481726373433448
-0.7947254275130526
-0.744267044001281
-0.6933296466929756
-0.6396804565254429
-0.5827824940192846
-0.5236184071457944
-0.46422381141196367
-0.4071535274270409
-0.3550090087253583
-0.3100850238917244
-0.2741452107008962
-0.24830637467430683
-0.23299727880815777
-0.22795608387001084
-0.232238468228952
-0.2442227013100693
-0.2616154840802086
-0.28148012211157275
-0.3003234803655137
-0.3142871025236851
-0.3194877801003553
-0.3125406463309905
-0.29127046558098896
-0.25557110938752603
-0.20830617386966413
-0.15605221875001576
-0.10936711425813991
-0.0821163873643332
-0.08920718175534505
-0.14185940534365432
-0.23928375353208195
-1.0753912302956856
-1.054149141621129
-0.9986281344678829
-0.9385284063315117
-0.883854573735032
-0.8349052418704043
-0.7883652311545026
-0.7406755133354624
-0.6895910185379995
-0.6346117871825631
-0.5767853756858529
-0.5182249008821187
-0.46156454382859013
-0.4094796477071714
-0.36432865554100574
-0.3279259600414875
-0.3014251987215932
-0.28527854108784206
-0.2792359998885972
-0.28235667368360823
-0.29301801204148525
-0.30892660610101513
-0.3271515646816963
-0.3442161582313984
-0.3562920182874784
-0.3595396874348113
-0.3506266426028533
-0.3274259815868691
-0.28985268753862703
-0.2407266874820484
-0.18645971730227293
-0.13724321576522375
-0.10626401258182758
-0.10729036896938586
-0.14974989221503918
-0.23015989704561957
-1.0926595598774371
-1.073858204450254
-1.022561570289941
-0.9674444899754931
-0.9178392782911415
-0.8736283233579205
-0.831262123064449
-0.7870731733296294
-0.7387919670099621
-0.6859473515345934
-0.6296465382449347
-0.572077075565476
-0.5159510101711382
-0.4640171838769413
-0.4186980676907728
-0.38185963697241
-0.3546934615645139
-0.33767634073690556
-0.33057137344684867
-0.33244223839814635
-0.3416665843134127
-0.35595171734974174
-0.37237313832096425
-0.387470845972606
-0.39744660262133064
-0.3985044736519164
-0.38736382129446834
-0.3619454744154592
-0.32218492838111185
-0.27085807102343434
-0.21421200099069193
-0.1620729219280813
-0.12695177864368581
-0.1214831683022416
-0.15331102938767008
-0.21627260231754916
-1.1079544730244344
-1.0914557701052003
-1.0443946160849276
-0.9943750949642198
-0.950021701446899
-0.9107730666828758
-0.8728242348605759
-0.8323832097617283
-0.78714408917227
-0.7366557740113474
-0.682078896828788
-0.6256711795627514
-0.5702198217764246
-0.5185456566383441
-0.4731346113081154
-0.4359043897707001
-0.40808517816093826
-0.3901794738683333
-0.38196477884322194
-0.3825107931720508
-0.3901968157844594
-0.40273222373098955
-0.4172000784603841
-0.4301580155623619
-0.43783853215834834
-0.4364895121516532
-0.4228822425229019
-0.3949851924089224
-0.35275436946660366
-0.2989220536303005
-0.239572055454965
-0.18416827343017525
-0.144551150585426
-0.1322305740172437
-0.1530807402867494
-0.19827944359499552
-1.1211925337598674
-1.1068806963265587
-1.0640635387424504
-1.0192407743690215
-0.9803018597020301
-0.9462196587833738
-0.9129159938576115
-0.8764600780983434
-0.8344981744851337
-0.7865901765513491
-0.7339430803799991
-0.6788794315311935
-0.6242577041740488
-0.5729681212005443
-0.5275585721518148
-0.4899979490214615
-0.4615553170485118
-0.44275978710745456
-0.43340467687716533
-0.4325674582573267
-0.438631007132956
-0.44930871719771653
-0.46169303076760276
-0.4723607949812002
-0.4775764901238404
-0.4736327166634017
-0.4573532875781046
-0.4267547713242056
-0.3818142869668361
-0.32522168521319733
-0.2628998759767021
-0.20395490329629584
-0.15956434056990337
-0.1401256017675408
-0.14976175620095966
-0.17701831417553804
-1.1322979194059484
-1.120083927232729
-1.0815172999656328
-1.0419726822451072
-1.0085865160930847
-0.9798501672617825
-0.9513984139588124
-0.9191495400673404
-0.880691375683756
-0.8355856650800809
-0.785078034697021
-0.7315495001189403
-0.6779248098069461
-0.6271598933035398
-0.5818621813047167
-0.544050513055826
-0.5150326615987483
-0.4953651081128152
-0.48485850158323396
-0.4826001679313788
-0.48697900218402074
-0.4957150068761824
-0.5059125483076657
-0.5141700081392137
-0.5167858297535655
-0.5100989154521617
-0.4909868405427655
-0.4575153323296341
-0.40968383457888047
-0.35014165983018475
-0.2846541415948036
-0.22197525465176465
-0.1726292929620072
-0.1459162997968666
-0.14423095215552678
-0.15351943005869986
-1.1412119497232835
-1.131035457124085
-1.0967221869924417
-1.0625150995870978
-1.0347898238471505
-1.0115475166574424
-0.9881266104627133
-0.960284912672929
-0.9255423764277634
-0.8834535881917365
-0.8352945319657759
-0.7834974112588212
-0.7310471569973636
-0.6809606408942862
-0.6359014680839086
-0.5979364586905254
-0.5684114640658263
-0.5479109183391575
-0.5362644183065147
-0.532571573172219
-0.5352302888842604
-0.541970468403127
-0.5499117378473646
-0.5556771676999837
-0.5556019667709533
-0.5460737030252063
-0.5240256683356707
-0.4875744723396427
-0.43674374249714604
-0.37414484180461727
-0.3053897110391203
-0.23888721753015557
-0.18451966591081023
-0.1505073167203147
-0.1375427847488456
-0.12901096926547795
-1.1479016922300662
-1.1397302154116271
-1.109665258313097
-1.0808267108750653
-1.0588326910517702
-1.0411931844134115
-1.022946055227299
-0.9996820942629796
-0.9688453830875478
-0.9299746721132452
-0.8843676087629625
-0.8344994314632342
-0.7834080833915805
-0.7341655156283854
-0.6894871612257784
-0.6514850883399941
-0.6215421006122406
-0.6002709650590664
-0.5875219304793531
-0.5824096714342313
-0.5833446728412311
-0.5880707767776471
-0.5937270648432544
-0.5969653650219783
-0.594161370038695
-0.5817545533638839
-0.5567366879081386
-0.5172777297034319
-0.46342804312132285
-0.3977643340628085
-0.32575014170309624
-0.2554572364200066
-0.1961387001098471
-0.15495474383223365
-0.1309253652583101
-0.10491668335794191
-1.1523671355111573
-1.1461924722281578
-1.1203563057592563
-1.0968804282599396
-1.080640752704375
-1.06866358564218
-1.055687617251094
-1.03713348166141
-1.010363116418239
-0.9748912620095831
-0.9320282092545987
-0.8842832426501767
-0.8347390601478439
-0.7865156929098568
-0.7423750210060012
-0.7044708013938722
-0.6742211115080998
-0.6522671840009355
-0.6384816842606229
-0.6319974809178974
-0.6312417992675811
-0.6339772470144027
-0.6373674796326936
-0.6380981475413002
-0.6325901578707548
-0.6173391084722489
-0.5893989296201114
-0.5469962182240976
-0.4902113889276878
-0.421590514856587
-0.34645450663052496
-0.27254700019411493
-0.20850591069174695
-0.16045297964009006
-0.12576771467258718
-0.08284381377616006
-1.1546465491170583
-1.1504785031351732
-1.1288281843947625
-1.1106617208239125
-1.1001410063577735
-1.0938252942486406
-1.086161619917895
-1.0724010854333095
-1.0498191779282289
-1.0178991038806828
-0.9779545187734421
-0.93251893589316
-0.8847104275309134
-0.837688905250458
-0.7942562018271879
-0.7566032945629405
-0.7261812265822466
-0.7036595180472172
-0.6889350316237776
-0.6811622846242701
-0.6787900026733251
-0.6796052051281916
-0.6808022194642528
-0.6791066590440091
-0.6709904847562674
-0.6530107245744028
-0.6222881647711999
-0.577110270975774
-0.5175916650981847
-0.4462525940124695
-0.3682778964117286
-0.2910929240623891
-0.2227356214217494
-0.16831243187608708
-0.12359679833891926
-0.06455967925317072
-1.1548198205215066
-1.1526774351511175
-1.1351355565276822
-1.1221656114525942
-1.1172573820242562
-1.1165294708932985
-1.1141513766889648
-1.1052093876336775
-1.086890408912228
-1.0586393494768909
-1.021763725282879
-0.9788106070927448
-0.9329228705964105
-0.8872908132983117
-0.8447485050574758
-0.8075186559630414
-0.777082235019599
-0.7541364745365998
-0.7386041667967633
-0.7296652201527447
-0.725795209802104
-0.7248120527506904
-0.723947875526725
-0.7199755456849511
-0.7094251226750633
-0.688921568874017
-0.655658366130613
-0.6079891256757276
-0.5460677783455831
-0.4723944063813058
-0.39202514623855533
-0.31207777249901003
-0.24000648475383657
-0.17992698086070186
-0.12604302989331356
-0.05195537503862381
-1.1530097798221464
-1.1529104283645975
-1.1393523391572467
-1.1313927569392712
-1.1319057793079164
-1.1366061389428885
-1.1394069451815674
-1.1352387711703391
-1.1212001506568863
-1.0966917620900527
-1.0630052456908357
-1.0226896401829362
-0.9789007585569373
-0.9348483652214099
-0.8933896887998969
-0.8567725242975796
-0.82650386401837
-0.8033075670949481
-0.7871339514337573
-0.777192287906962
-0.7719909133767043
-0.7693859752464751
-0.7666555943328727
-0.760628403571286
-0.7479009060438845
-0.7251738156806289
-0.6897204163665566
-0.6399669187242526
-0.5761127271619415
-0.5006443715179044
-0.4184975264237193
-0.3364939559849777
-0.2615213001714783
-0.19673028105223012
-0.13479307033677343
-0.04699514322612715
-1.1493817946995628
-1.1513286309277195
-1.1415684385353562
-1.1383453312758356
-1.143989418170913
-1.1538592712273628
-1.1616401686139233
-1.1621206854559223
-1.152313655508169
-1.1315704470290717
-1.1011568038333388
-1.0636111163798174
-1.0220888264878705
-0.9798066515030043
-0.9396343580830478
-0.9038368408828636
-0.8739421859112066
-0.8506991408506832
-0.8340868938037025
-0.8233481963866065
-0.8170305754736938
-0.8130365788253767
-0.8086996119531112
-0.8009138655107917
-0.7863520228908413
-0.7617997951760904
-0.7246187737885142
-0.6733155387158368
-0.6081423307197121
-0.5315798080674939
-0.4484523807163143
-0.36529826614613337
-0.288456659820424
-0.2201401781820237
-0.15152893180025678
-0.051650139406518726
-1.144142244864043
-1.1481106835180075
-1.1418867045285608
-1.1430237909379242
-1.153395717572831
-1.1680640263697926
-1.1805224567921342
-1.1854361026008822
-1.1797372935821575
-1.1627238303303378
-1.1356251504717374
-1.100955194420733
-1.061854086521947
-1.0215311718811342
-0.9828563689565888
-0.9481021317050441
-0.9188114813839955
-0.8957554856389294
-0.8789431498819583
-0.8676548618306175
-0.8604842130549208
-0.8553891301100136
-0.8497687009437197
-0.8405937983957821
-0.8246245003814578
-0.7987423044091734
-0.7604071510529862
-0.7082152255184854
-0.6424803171382598
-0.5656861021430524
-0.48255599400998417
-0.3993580967225969
-0.32190221802176605
-0.25149077081457727
-0.1778526299728792
-0.0678155374272232
-1.1375368700849235
-1.1434609456806282
-1.140421444381158
-1.1454260176117286
-1.159996341721108
-1.1789679069472176
-1.195687199432515
-1.2047192652775693
-1.2029236521728108
-1.1895410660528984
-1.1657536761083902
-1.1340357699981898
-1.0974953208664144
-1.0593178974117197
-1.022359146418519
-0.9888877224708077
-0.9604539506632157
-0.9378476036333432
-0.9211078727971467
-0.9095568339080151
-0.9018413676129771
-0.8959845151790609
-0.88946254664201
-0.8793355119211383
-0.8624636535809351
-0.8358367015349051
-0.7970246637128807
-0.7447241911824972
-0.6793208500614764
-0.6033115944126806
-0.521330322811352
-0.43938953504638906
-0.3627897030977666
-0.2919519507530455
-0.21519591762024126
-0.09721018449486125
-1.1298504321824194
-1.1376100740838806
-1.1373003035712652
-1.1455508115048485
-1.1636525401028899
-1.1862981060440307
-1.2067392059212174
-1.2194692348324254
-1.2212851376296714
-1.2113675696337818
-1.1908396880910026
-1.1621192459315781
-1.1282630341227358
-1.0924140367218929
-1.0573968422631952
-1.025462814984498
-0.998160188255446
-0.9762925190332264
-0.9599287548836531
-0.9484364326943412
-0.9405231693066507
-0.9342875375366428
-0.9272955650753231
-0.9167103671877633
-0.899506745602118
-0.8727968741259005
-0.8342743649809891
-0.7827489872434958
-0.7186900087426951
-0.6446194739474718
-0.5650946313820566
-0.48588810359795676
-0.4118121693188281
-0.34243661970233746
-0.26471497736070415
-0.14125834648237587
-1.1214096423345825
-1.130820104908409
-1.1326718539876937
-1.1434082504017544
-1.1642284581027655
-1.1897778671432397
-1.2132741308802035
-1.2291723195076902
-1.234219265913666
-1.2275329554986454
-1.2101647076138813
-1.1844568313099757
-1.1533933307648074
-1.120053004715735
-1.0872098480877967
-1.0570819414200656
-1.031203923279093
-1.010386601244433
-0.9947271868893452
-0.9836419580927387
-0.9759067766390959
-0.9697067390243135
-0.9627112323199168
-0.9522017234887991
-0.9352836483252985
-0.909207703843906
-0.8718066040969684
-0.8220178526953009
-0.7604082343694031
-0.6895384513758557
-0.6139035470562555
-0.5390533870275463
-0.4693344269556585
-0.40349620327178654
-0.32717035816522577
-0.2009534713613209
-1.1125918839805677
-1.1233967826124198
-1.1267218299042348
-1.1390400392338842
-1.1616157131147602
-1.1891553080330621
-1.214911477402621
-1.2333391010236414
-1.241149471458174
-1.2373953047050517
-1.2230417931033384
-1.2003344411488044
-1.1721598385054521
-1.141507747566422
-1.1110788340985571
-1.0830389674253604
-1.0588951798967507
-1.03945702269389
-1.0248471049560621
-1.0145329744271125
-1.0073661089340091
-1.0016295576625476
-0.9951106180179007
-0.9852257764833992
-0.9692288989524982
-0.944527246139103
-0.9091102315031532
-0.8620598512943924
-0.8040563174504346
-0.7377145328183454
-0.6674835831348811
-0.5987093000320087
-0.5352960926642634
-0.4752055710156461
-0.4027929101689884
-0.2767043504427978
-1.1038429117539987
-1.1157125384394477
-1.1197016234577322
-1.132553655403413
-1.1557732198989055
-1.184248855754907
-1.2113454728096598
-1.2315604865355485
-1.2415859776335365
-1.2404064061082831
-1.2288846173624273
-1.2091449913001613
-1.1839485229207836
-1.15616730304515
-1.1284022092847086
-1.102744538766896
-1.0806567341049416
-1.0629361912773587
-1.0497263110954402
-1.040547383418752
-1.034333493861702
-1.0294773350516502
-1.0238995071834684
-1.015169524299809
-1.0007092220434404
-0.9781025082106154
-0.9455153279154495
-0.9021932491874566
-0.8489481310005832
-0.7884668327051049
-0.7251707802364045
-0.664222338939803
-0.6091092740110323
-0.5570390260404828
-0.4911370095988274
-0.36816457584485773
-1.0957074315248418
-1.1082442575301843
-1.1119733968152445
-1.1241748496963406
-1.1467870117807657
-1.1750142098520466
-1.2024188885331126
-1.2235879953843145
-1.2352120593043854
-1.2362034056508957
-1.227303820015319
-1.2104886797093095
-1.1883610363760388
-1.1636422733662493
-1.1388026962458784
-1.1158326626635346
-1.0961295374345403
-1.0804647887265644
-1.0689958402928383
-1.0612957814254196
-1.056387629325753
-1.0527854565456891
-1.0485592576720142
-1.0414508531441784
-1.0290713326411831
-1.0092034444822358
-0.9802118595897121
-0.9415272973949179
-0.8941140152600084
-0.8407510511759568
-0.7858527903095632
-0.7344208180448826
-0.6895535441290555
-0.6477396530220764
-0.5909229731974068
-0.4740467815783389
-1.0888772690331994
-1.1016307866335615
-1.1040769912117772
-1.114323894612955
-1.1349556444146536
-1.1616385985643054
-1.1882257295113106
-1.2094443493743616
-1.2220018919485907
-1.2247331661552756
-1.2182370275020273
-1.2043077178863102
-1.1853531182727512
-1.1639057620376976
-1.1422695877357798
-1.1223029873356067
-1.1053136482279922
-1.0920299131631221
-1.0826138103556144
-1.0766894549413437
-1.073374111410009
-1.0713147532055314
-1.0687473790153181
-1.0636065639920178
-1.0537156569004558
-1.0370805995907983
-1.012289461899453
-0.9789823717046249
-0.9382994950465895
-0.8931350035964812
-0.8479194749545116
-0.8075188239118757
-0.7746715785529741
-0.7451850125388149
-0.6998712427313635
-0.5919238181250199
-1.084262718031805
-1.0967560284529316
-1.0968247168216796
-1.1037218846000494
-1.1209076894960308
-1.1446690204210561
-1.1692496525689664
-1.18957137480484
-1.2023771258425544
-1.2064165877114739
-1.2021198833980522
-1.1910629289302068
-1.1754155171838756
-1.1574772799650515
-1.1393442050895892
-1.1227062948800743
-1.1087521603567592
-1.0981457700509536
-1.0910411324469962
-1.0871093051959582
-1.0855657110732846
-1.0852012188065454
-1.084434735011101
-1.0814150701736707
-1.0742025055493147
-1.0610527176190159
-1.0408044310257092
-1.013334288299097
-0.9799848638266676
-0.943791429062893
-0.9092269145233904
-0.8810494303187326
-0.8616696194764087
-0.8462529457119708
-0.8145316782744909
-0.7180197496399294
-1.0830936265838909
-1.0948644468788342
-1.091431095261969
-1.0935343892576748
-1.1057588302839747
-1.125182175180846
-1.1465459909019242
-1.1650232474188353
-1.1774103511780512
-1.18236116966869
-1.1801064654389497
-1.1719606638716857
-1.1598059418288227
-1.1456581625326647
-1.1313571144025443
-1.1183817566404715
-1.1077666507922987
-1.100085383934256
-1.0954674841813334
-1.0936240115167335
-1.093870595133281
-1.0951521011911125
-1.0960872707639617
-1.095061485401763
-1.0903982158129044
-1.0806316062981074
-1.06488096238244
-1.0432895602251193
-1.0174321024714916
-0.9905142248805402
-0.9670806299474562
-0.9518126064768729
-0.9468278062813007
-0.9466921095137477
-0.9301121372264501
-0.846994382211791
-1.087057835457812
-1.097716873018806
-1.089685701682755
-1.0855608443818054
-1.0913171623485984
-1.105004886519222
-1.121976366273968
-1.1377142210880729
-1.1490847339290067
-1.1546312126260927
-1.1543485855850026
-1.1492396097568947
-1.1408416703323996
-1.1308281618471843
-1.1207267778911911
-1.111755620040772
-1.1047537846145359
-1.1001729170227008
-1.098097056468864
-1.0982668472052217
-1.10009778507019
-1.1026975182839158
-1.1049012480751783
-1.1053538962954244
-1.1026698423750565
-1.0956925994263238
-1.083854717629196
-1.0675993908841033
-1.0487666187113764
-1.0307652581543016
-1.0182448086338443
-1.0158442249410378
-1.0254263684706504
-1.0410028030298164
-1.0403114377307285
-0.9717259342299264
-1.0984857286872391
-1.1077956583048636
-1.0941784191466553
-1.0824792399612972
-1.080346484859314
-1.0869950075449542
-1.0985060651228955
-1.1107311806858147
-1.1206203061007147
-1.1265862659453738
-1.128344679034225
-1.126528274048227
-1.1222636590786248
-1.1168140900428059
-1.1113305285644908
-1.1067122046631204
-1.1035539221013195
-1.1021473831275517
-1.1025047832563413
-1.1043817542835852
-1.1072903335722744
-1.1105079283972488
-1.113102144439258
-1.1140007760013468
-1.1121381308173377
-1.106700103065678
-1.0974679330250554
-1.0852213193437112
-1.0721023987751814
-1.0617599970920328
-1.05898540235891
-1.0684136364596506
-1.0916947213631925
-1.1223346717123195
-1.1371628135607834
-1.0830974491008116
-1.1205908965942766
-1.1285694713091257
-1.1085876776038717
-1.0881569322409594
-1.0768986432456846
-1.0753940823969683
-1.0805756427351052
-1.0887226524863438
-1.0968786909370583
-1.1032997264416335
-1.1073702905509897
-1.1092852338355434
-1.1096842969803433
-1.1093426937837987
-1.1089600594277846
-1.1090493864386743
-1.1099038707589208
-1.1116098399299392
-1.1140750531821244
-1.1170505678695921
-1.1201379768086053
-1.1227890553123347
-1.124318633693522
-1.1239607493635337
-1.1209997510240324
-1.1149989444589303
-1.1061265037221402
-1.0955386417138537
-1.0857203588773578
-1.080601386662634
-1.0851561321250005
-1.1040584301896206
-1.1387916393486588
-1.1824089935001107
-1.2108950659185196
-1.1697936296009048
-1.1577782491704316
-1.1648293824953457
-1.1380436065004547
-1.1080397719606865
-1.0867273564617563
-1.0762644161080825
-1.074559604250148
-1.0783772948337982
-1.0848594370015685
-1.0920708903190868
-1.0990035650908145
-1.1053356383016113
-1.1111323514067162
-1.1165913401254972
-1.121875017206614
-1.1270321454568202
-1.1319873187953784
-1.1365675323437596
-1.1405362872187852
-1.143614660399454
-1.1454823934162106
-1.1457672342991743
-1.1440444238516716
-1.1398772685201133
-1.132931106543695
-1.1231835703203359
-1.1112307946515603
-1.09864903636151
-1.0883109743567017
-1.0844726691364408
-1.0923376957116762
-1.1166662424754363
-1.1588259094236115
-1.211474460883573
-1.249819809202719
-1.2181159453124188
-1.2160323559453752
-1.2231093292474264
-1.1895794871825167
-1.149633206151571
-1.1177974346351303
-1.0980246838852339
-1.0893264957672184
-1.0890063810142898
-1.0943026280537305
-1.1030452563717623
-1.113760647737387
-1.125518952136699
-1.1377101516111239
-1.1498515929784878
-1.161469788277695
-1.172059248348833
-1.1810979788735854
-1.1880899480887308
-1.1926062498810657
-1.194305753708108
-1.1929296723982867
-1.1882796089997334
-1.1802021831012257
-1.1686122040749314
-1.1535874721213495
-1.135558566464971
-1.1155933421875155
-1.095735221627007
-1.0792936516481835
-1.0709012230356831
-1.0760418314089022
-1.09961481903914
-1.142928192398617
-1.1983066798197783
-1.2402544959249815
-1.211825133133927
