Predicted value
-0.9908122076808699
-0.7506686617300922
-0.7223129229584924
-0.6863008196311693
-0.622959602794845
-0.5569462936149314
-0.5028659215254851
-0.45647403867648073
-0.40203653379333293
-0.3220024986758272
-0.20377754057448172
-0.04266453490569866
0.15821063326570606
0.3897460557379562
0.6394051061374011
0.8937168042905688
1.1403262281494433
1.3694243408726567
1.5745300055124085
1.7526643831097664
1.9039753766178098
2.0308639548341336
2.1366623560958704
2.22394488611966
2.2926420512711214
2.338294188633107
2.3510131561497074
2.315973183571077
2.216434793281831
2.0403056988714994
1.79098906185253
1.502874023170814
1.2618308384539825
1.2328686224959178
1.7035425525848549
3.1679599978793522
-1.0790553352027503
-0.8233165627519137
-0.7526984717890262
-0.6503449265581072
-0.5017725664155535
-0.3397852455353867
-0.18845896433088516
-0.052480702752226716
0.07685099011637142
0.2126284910026266
0.36563871266181236
0.5410819243426905
0.7380753196599441
0.9508518659252667
1.1706828970254533
1.3878532718975922
1.593310806932708
1.7798275056507462
1.9426406078082215
2.0796034446854303
2.1908929737391203
2.278316642007656
2.3442603227709755
2.390346890504812
2.4159548303188343
2.4168905821875297
2.3847054677403676
2.3073493681233375
2.1719700486244626
1.970592215586537
1.7090872459125865
1.4194097232354546
1.1751155235082154
1.1121336631047267
1.4635703759706384
2.6342951464966884
-1.1645009543260092
-0.9076385855971911
-0.819838826759018
-0.6844378634405053
-0.48877477716770423
-0.27033519022556485
-0.059633459931870636
0.13204166970063191
0.30790067399501675
0.47736871552745175
0.6495765583546036
0.8298846943908775
1.0189708652136762
1.2135269548491956
1.4076902658730757
1.5945969286835413
1.7677082432980438
1.9217561784123585
2.0532729763578774
2.160726701958974
2.2443007983273344
2.3053528245414943
2.345587405365159
2.3660035932682892
2.3657474915765726
2.341126366058878
2.285206189139878
2.188570608892871
2.04187852246048
1.8407193576138758
1.5928871845571684
1.3277385911561734
1.1073896741015523
1.0416488317932742
1.3157870964663059
2.2579449709017676
-1.2046856094398017
-0.9545818582344672
-0.8653323635220436
-0.7192338272273906
-0.5031179802283154
-0.2565360026364929
-0.014046776069678746
0.2083556407155558
0.4096840659735337
0.5963946655137031
0.7761423232864857
0.9542224944499438
1.1323662395203913
1.3090538560463876
1.4805590506374968
1.6421654113475341
1.7892333745886067
1.9179729145581308
2.0258851800347593
2.111888482859648
2.1761595452297633
2.2197191253819146
2.243791607789039
2.2489908872963076
2.2344472639054778
2.1970985088949124
2.1315060253434353
2.0306732007087205
1.888352440862255
1.7031364603941523
1.4842098569398101
1.2581753932891826
1.0765296816283048
1.0257069611988432
1.2492308085812218
2.0099490836433858
-1.18880046424714
-0.9489159748555923
-0.8671799214392305
-0.7245218112165667
-0.5057708304222738
-0.2506266966740648
0.0041649230403811854
0.23943033450793993
0.45105886496064496
0.6431456825455831
0.8220620562104727
0.992899985035309
1.1580724822217294
1.3173396946644664
1.4685508029300394
1.6085928074369575
1.7342500622126082
1.8428388909392805
1.9325798583320415
2.002718086146614
2.053416740581521
2.0854479260341776
2.099706168212159
2.096590191266661
2.0753536561286894
2.033618843454939
1.9673602258663059
1.8717460683650224
1.743192792527981
1.5827524717954589
1.4005045705201664
1.2201701210534828
1.0834122797645236
1.0558495915469952
1.2448589830899541
1.8584267068049884
-1.1227434395661509
-0.8937587409716428
-0.8237616086948982
-0.6926694244340594
-0.48247403422999285
-0.23167584948994108
0.022204681270428905
0.25802527705110917
0.4694345190852847
0.6586894839511594
0.831070128632498
0.9913894386804585
1.1424753769099487
1.2849861718128341
1.4179186404299584
1.539345598614885
1.6471101579821101
1.739350295551453
1.8148164547784544
1.872988717605263
1.9140140314119476
1.938483801290746
1.9470734749900709
1.9400842360758959
1.9169752169637717
1.8760544683238485
1.8145879360055797
1.7296363332977633
1.6198599071419468
1.4882616882370527
1.3453713905728577
1.2119402466768687
1.1205616477618783
1.1184260818271503
1.2819089222767919
1.773619573967379
-1.0197331632583833
-0.8007555657319055
-0.7435524919292799
-0.6278801753322735
-0.4325700715496087
-0.1940325069997851
0.05048245856622771
0.27881036905186607
0.4830762285972613
0.6641433715776742
0.8263846678307564
0.9743029206888049
1.1109533991032494
1.237609208758066
1.3540913525485319
1.4593403551958364
1.5519794828286915
1.6307518145115873
1.694794750884131
1.7437555997749072
1.777765014817283
1.7972854552248525
1.8028534237023521
1.794750866751587
1.7726834377739307
1.7356111360515922
1.681948480754995
1.6103754453135413
1.5213996690769005
1.4195135228841147
1.3153113176802207
1.226531826226681
1.1774459478951074
1.1990443450672688
1.34141573515622
1.7303840269469934
-0.8947369960259316
-0.6841558149972956
-0.6388140422333862
-0.5394974086921592
-0.3619398960845527
-0.1399321093288007
0.09029297718173349
0.3062746214690445
0.4991895546484014
0.6688804698471534
0.8189841008554001
0.953692213288723
1.0761593827439375
1.1880663933243465
1.2898163041856026
1.3809770322861774
1.460741050127662
1.5282930503370291
1.5830504659242197
1.6247783538688614
1.6535924739188759
1.6698652215134167
1.674050851589953
1.666461354583954
1.6470613024926573
1.6154071178809497
1.5709108190975178
1.513609374523032
1.4454943419962984
1.3721386658245243
1.303877513479493
1.2554408732469953
1.2435096312419058
1.2849508281029662
1.407872688791647
1.7090599136693485
-0.7614419476271094
-0.5575051357192408
-0.5219725450423561
-0.438060559772426
-0.27874914433467
-0.07495930013871735
0.13860005689192043
0.3397158449773686
0.5190714165273588
0.6757982767696921
0.8129516874632797
0.9344312456108178
1.043407044092481
1.1418184344199442
1.230471289519314
1.3093810165004482
1.378150881108923
1.4362847434833856
1.4834007398953095
1.5193459000292866
1.5442232070063695
1.5583437582899686
1.5621185823388486
1.5559180326699733
1.5399588377928686
1.514326544314825
1.4792807330774882
1.4359716925839259
1.3875495485429623
1.3403140696476263
1.3040787712148487
1.2906125156015051
1.309722555189725
1.3660811731159839
1.4697322686263552
1.6953676503802455
-0.6308601852797634
-0.4320354484687404
-0.40375773119694347
-0.333180371121483
-0.19106587539242406
-0.005427083003702343
0.19086846590759285
0.3762507928806219
0.5412635291289144
0.6845803413456206
0.8088119793479837
0.9175966197666593
1.0140683074746908
1.1003197950961547
1.1774287662877667
1.2457247964494351
1.30510404104857
1.3552986016889068
1.396068982278966
1.4273185925025245
1.4491399797976314
1.4618038524061039
1.4657039128979676
1.4612824634925237
1.4489896059196228
1.4293681207771538
1.4033826678162433
1.3730763461328501
1.3424727491503108
1.3182990621400588
1.309642649368352
1.3253983549424861
1.3691969301467097
1.4353004757359138
1.5192317550719443
1.6797788359590513
-0.5109336922473519
-0.31610743293325105
-0.2924479152464189
-0.23257227612162168
-0.10568358818645474
0.06299767313014992
0.2426152949148116
0.41251807024634746
0.5633792676407458
0.6936192019000014
0.8055230877163528
0.9025046027810324
0.9876331768708299
1.06308265465589
1.1301081992143869
1.1892558632040986
1.2406277914175037
1.2841174253013041
1.3195851421298015
1.346972632710887
1.3663642709759385
1.3780052625741985
1.3822883279496372
1.3797313141708656
1.370992149599622
1.356999389012846
1.3392917406858866
1.3206100103454768
1.3056063146375845
1.3011875207309913
1.3155634565197414
1.3548756512130369
1.4172520899611278
1.4881871942796245
1.5518688653259978
1.656654641802318
-0.4067048628759118
-0.2152631576228603
-0.19377103872301848
-0.14179023390044532
-0.027685999328190818
0.12589028886786124
0.29015171156464314
0.44554618356816356
0.5830764729955169
0.7010719432430049
0.8015937704707791
0.8878701752704903
0.9628933738228223
1.0288702238477365
1.0871666331986594
1.138474460455645
1.1830384753553476
1.2208647215183275
1.2518828060051497
1.2760600572105762
1.2934746915583928
1.3043567512693028
1.3091075157536918
1.3083175364203283
1.302824030549289
1.293873640785214
1.2834617901933985
1.2748578152157242
1.2731359070013468
1.285182571319233
1.3182259386320965
1.3758020161943703
1.4511818437568778
1.5225945746217595
1.5657382554651067
1.6233373186623805
-0.32076723120820005
-0.13259472339514977
-0.11115978080113807
-0.06435234381854014
0.03956087993109837
0.18020499334172546
0.3308376475892999
0.47311153807188233
0.5985021032801594
0.7053742835986992
0.7956502478532241
0.8724111331696497
0.9385700189075535
0.996336269875815
1.0471403322997548
1.0917694928922672
1.1305654926650301
1.1636118543032268
1.1908855550873403
1.212370843312212
1.228141472399937
1.2384192843169748
1.2436189544591791
1.244397068101097
1.2417412161302452
1.2371542793630959
1.2329857000775641
1.2328893989041434
1.2421909860318345
1.2675994903128458
1.3152980503796665
1.386385378330564
1.4698890612256503
1.5381374708037228
1.560858158622114
1.57930349183894
-0.2538159010013366
-0.06924108591693838
-0.046165903764054536
-0.0020570583660262523
0.09419607905244427
0.22416362454588373
0.36306436387369295
0.49380396745938154
0.6084279900585199
0.7054332083265901
0.7866726735136832
0.8551163115640313
0.9136028869944792
0.964326250176943
1.0087502455323667
1.0477222884962272
1.081648637002408
1.1106652793952927
1.134781150714603
1.1539914919607215
1.1683669511428436
1.1781256758852083
1.1836974435078946
1.1857962368440307
1.18553245116018
1.1846102988344236
1.1856451894165605
1.1925553855299043
1.2107797181879907
1.246730415035191
1.3055167638316714
1.3859824043402071
1.473488654828878
1.535692309693487
1.5385599622892467
1.5254354393811207
-0.20519080811338045
-0.024899756569960255
0.001085668502597044
0.04463524482606494
0.13556076411157222
0.2570310329730474
0.38610319554192063
0.5069408657673713
0.6122207368466676
0.7006423916873354
0.774045996738994
0.8353225170235806
0.8872451017286999
0.9319827020441178
0.9710123030516226
1.0052172166883508
1.0350454963089848
1.0606680139208247
1.0821149320436918
1.099388514533611
1.112557345527561
1.1218386371433133
1.1276769996696334
1.1308345006716265
1.1325191693673295
1.1345889963950155
1.1398513105112331
1.1523901359732895
1.177648128486521
1.2216539787795115
1.288442482260225
1.3747924621380343
1.462936513534642
1.5169570667165446
1.500975638341215
1.4634319444696535
-0.17335581457918003
0.00170908568675276
0.031470882505335133
0.0762282390164708
0.16388259408658157
0.2788587047533839
0.3999053722539294
0.5124175332728751
0.6097354300750824
0.6908115031665127
0.757517148675229
0.8126924010611658
0.8590553247667153
0.8987463515134947
0.9332430596160508
0.9634484345902731
0.9898366956235205
1.0126014188992827
1.0317866260712871
1.0473989874986316
1.0595057892930708
1.0683248598778092
1.0743142284206362
1.078274909368836
1.0814903524371429
1.0859320475583984
1.0945381411640531
1.1114791780629885
1.1421173060349301
1.1920384859760793
1.2642247924335637
1.3535832001105255
1.4397129394331711
1.4840913277275698
1.450633588613584
1.395358658771983
-0.15628916761590267
0.012455085229954036
0.046502276113556895
0.0938611249939269
0.1799893225504589
0.29024217775127087
0.40490156961336804
0.510544939848397
0.6011863758910005
0.6760641018410267
0.737114259048784
0.7871495400521173
0.8288438686850613
0.864309190085408
0.8950164601588645
0.9218778162206932
0.9453831122928684
0.9657403291866328
0.9830023637434692
0.9971785981330443
1.0083355589033385
1.0166924385486018
1.0227187036655656
1.0272458771765636
1.0316137769481057
1.037873981688523
1.0490460006376303
1.06932457287306
1.1039284184751057
1.1579643841810048
1.2334007460970942
1.323463729141607
1.4055706613397154
1.4394398240040551
1.3901587686045829
1.3233254210954726
-0.15178098008255006
0.009494844927555344
0.04803822773555575
0.09904115058955185
0.18507065310524337
0.2921143899579943
0.40182606554944983
0.5019020862786414
0.5870239146469516
0.6567346177530824
0.7130594500594059
0.7588029508171441
0.796605320017233
0.8285521800268656
0.8561042214801005
0.8801761900781521
0.9012666531836455
0.9195924456400695
0.9352120240944282
0.9481364051085115
0.9584317154925356
0.9663187496019738
0.9722762491579657
0.977158792604063
0.9823466352069267
0.9899442945878317
1.0030134238263435
1.025725148078141
1.0631098090758784
1.1197772411416314
1.1967333495198236
1.285709037878195
1.3623464353436516
1.385333207944256
1.3220649477596609
1.249271775082711
-0.157644858679293
-0.00495048470717841
0.03806463857049124
0.09343915209856368
0.18049324810207956
0.2855825337621518
0.391575443200372
0.48721493442217595
0.5678309638975249
0.6332794076000352
0.6856912062063738
0.7278777540933277
0.762454832436818
0.7914849650929581
0.8164172273445889
0.8381651389067752
0.8572315688434864
0.8738385736257586
0.8880480049080208
0.8998718422914109
0.9093760387111198
0.9167829271000769
0.9225784253697665
0.9276338174315465
0.933356788928062
0.9418831917842043
0.9562864143330934
0.9806783992765696
1.0198709690366492
1.0779736795348658
1.1550899990363714
1.2416322479988247
1.3118292521802644
1.3239550113529088
1.2486234487336942
1.1748398830020375
-0.17185644179931697
-0.028747654813162486
0.01854102417920018
0.07874259649405008
0.1676657834595508
0.27180754739334195
0.37510297774804335
0.4672647849986789
0.5442436321843164
0.6062074147916946
0.6554027754811306
0.694659125477432
0.7265756985968136
0.7531954771657305
0.7759559509291287
0.7957673671743453
0.8131341933723147
0.8282813906770675
0.8412728215583373
0.8521210192939849
0.8608918930791956
0.867809093560677
0.873363820248076
0.8784388185558374
0.884458829618009
0.8935742265097435
0.9088471618810452
0.9343049662337733
0.9745227807911462
1.0331178881054106
1.1093564058436505
1.192497848224428
1.2556755289352488
1.257262022287717
1.1717920611872286
1.1013145791806531
-0.19263348487866266
-0.05994674328569677
-0.008699998027203724
0.05655710791847729
0.1479469905873803
0.2519210225792699
0.35334515137779937
0.44282400780169395
0.5168950503330867
0.5760306031334543
0.6225975836967788
0.6594511344968104
0.6891802473311764
0.7138117816679103
0.7347724168975829
0.752968213058006
0.76890366562034
0.782805207655964
0.7947378483270219
0.8047144307424017
0.8128008857057896
0.8192218974516813
0.8244723251980632
0.8294421683370389
0.8355651431989447
0.8449933791426004
0.8607609846732586
0.8867934986624869
0.9274207159052188
0.9857840518067672
1.0603797780131645
1.1394678453229683
1.1953611203749337
1.186945525500086
1.0931888884580359
1.0296123347250459
-0.21847173776598458
-0.0968325734467179
-0.04201138171052674
0.028346482257992873
0.12258824621693844
0.22697256990069484
0.32717469280740086
0.4146147199817879
0.4863790447708723
0.543231644574737
0.5876598317275725
0.6225491769031654
0.650483169152813
0.673475543536606
0.6929432635541914
0.7097879616117799
0.7245133177663418
0.7373463846222694
0.7483527933671539
0.7575455553075868
0.7649906471928722
0.7709134977274001
0.7758112960480695
0.7805780128367736
0.7866502045725502
0.7961723407632183
0.812138689167709
0.8383624079619368
0.8789266432481541
0.9365193531177962
1.0089347292092863
1.0835729258501634
1.1321606642802093
1.1144221313934262
1.0140978507080591
0.9603036473209956
-0.24814923559942192
-0.1379439051924225
-0.07995918583490069
-0.004598319396085565
0.09270241485232122
0.19790051660521402
0.29737409727435904
0.38328533254338004
0.4532294060567352
0.5082453122848639
0.5509372940837176
0.5842234644574704
0.6106850719112216
0.6323251598087127
0.650552117085399
0.6662632731946346
0.6799610961105897
0.691872775805243
0.7020642572445818
0.7105486398794425
0.7173919470614875
0.7228200905151608
0.7273315399195216
0.7318217482174372
0.7377255844845148
0.7471731555130161
0.7631110909358442
0.7892347402627922
0.8293848635864485
0.8858224181827365
0.9557059114446731
1.0257016079625942
1.0671460759125448
1.0408446975868606
0.935494894520871
0.8936563173486936
-0.28070946951426473
-0.18207032499066084
-0.12132812852691925
-0.04116946865149056
0.059251600346069314
0.16551949985370745
0.26462403562870807
0.3494001330611844
0.41791058007578263
0.4714499616456252
0.5127331547046421
0.5447107667940733
0.5699637356133416
0.5904862298067404
0.6076790906208548
0.6224356329071382
0.6352569741945233
0.6463701875469385
0.6558413577080596
0.6636836283401055
0.6699630582862222
0.6749058236886344
0.6790108762034506
0.6831733205112372
0.6888231070317726
0.6980714298126753
0.7138126108643397
0.7396227177119097
0.7791084674020048
0.8341327637643364
0.9012822905536121
0.9666015650334214
1.0011975368232717
0.967125755950524
0.8580863013787298
0.8296899060954891
-0.3154316599070147
-0.22823474794692816
-0.1651125496027418
-0.08043860429503913
0.023047753282775862
0.13051959003414693
0.22950193527341284
0.3134377727608402
0.38081616021493075
0.4331659078695448
0.4733040406393435
0.504211845044415
0.5284707202512933
0.5480671755270546
0.5643953338094486
0.5783448233594508
0.5904154087360296
0.6008339257554961
0.6096665055331023
0.6169263125919094
0.6226794260064883
0.62715211446396
0.6308432257235406
0.6346462153608343
0.639983904091776
0.6489456944700459
0.664371325329594
0.6897190652624713
0.7283728120455041
0.7818276559035081
0.8461590238286684
0.9068885632730782
0.9350218406373867
0.893967672667659
0.7823526423651054
0.7682342120142035
-0.3517942830022916
-0.2756675415138859
-0.21049845320293115
-0.12164442243370306
-0.01523858063296708
0.09347274025092349
0.19248701525116868
0.27579538163181755
0.3422722895227319
0.3936581341557473
0.43286195266053185
0.4628924857859394
0.48633139547722054
0.5051581996046695
0.5207609048302758
0.5340257505493655
0.5454512056484373
0.5552638222124563
0.5635297308043324
0.5702621048239398
0.5755270285762591
0.5795507353001729
0.5828315554467162
0.5862604080758743
0.5912515561374452
0.5998709993342811
0.6149034063689769
0.6396928772829383
0.6774136496356603
0.7292236461065595
0.7907438979396181
0.8470596246993595
0.8691743271318364
0.8218953681856879
0.7085937889487349
0.7089867601873624
-0.3894362326486689
-0.32377662802400087
-0.25684078646657615
-0.16417537176267702
-0.055064862551483
0.05484344142676092
0.15396901147093747
0.23679587253993375
0.30254381744148917
0.35314141324862736
0.391578368865242
0.42088656265898183
0.44364693389045473
0.46183220613182274
0.47682464886608056
0.4895073466299653
0.5003775456239457
0.5096615046992815
0.517425332415107
0.5236822051317183
0.5284981998005707
0.5320994237678821
0.5349834109982274
0.538037969611134
0.5426679617364367
0.5509153094009234
0.5655104242231012
0.5896883744398855
0.6264281078124041
0.6765808129649191
0.7353661575226332
0.7875080298277434
0.8040817917645633
0.7512887557004695
0.636971921151018
0.6515660549598897
-0.428118579098554
-0.37211657745610915
-0.3036388607025865
-0.207550161579207
-0.0960009732232047
0.01500138521410524
0.11425864947911515
0.19669672491045645
0.2618417045284168
0.3117865048990259
0.3495893191657724
0.3783000277836559
0.40049724711827783
0.41814671811532433
0.4326251538456431
0.4448126443377565
0.4552052788042285
0.4640290289413873
0.4713499728856954
0.4771812871628572
0.4815890319044639
0.48479912805866804
0.4873081343005875
0.4900004027804613
0.49427097607365383
0.5021376956229809
0.5162784436985539
0.539825405042083
0.5755772853015563
0.624108366000133
0.6802862669873172
0.7285385851946177
0.7400646831971742
0.6824131132478257
0.5675506780970077
0.5955587121204737
-0.46768880640628946
-0.42035866336035205
-0.3505118468830855
-0.2513978919791165
-0.13771308041066987
-0.025765327997365372
0.07359857996612278
0.15569912569602734
0.22033069321695922
0.2697265626143837
0.3070006544597017
0.3352151242572367
0.35694420375989233
0.37414616249842614
0.38819217414309176
0.39995942497230963
0.4099428960372066
0.4183682821057391
0.4253016285049002
0.43075611067205183
0.4347977654255799
0.4376522892531153
0.4398151587395377
0.4421670872673959
0.446093176634176
0.45358765042014715
0.4672782079449622
0.49020094015828786
0.5249896609909354
0.5719707564747953
0.6257056975962108
0.6703822027479067
0.6773576067055117
0.6154464040077889
0.5003294996438445
0.5405596034985243
-0.5080486307079342
-0.4682630927550901
-0.39717555407003424
-0.2954389443386279
-0.17994799174125625
-0.06723734516400347
0.03217398826714231
0.11395678843686476
0.1781366586681191
0.22706323851751617
0.2638930557450405
0.2916944048143899
0.31303474006812876
0.3298641484026283
0.3435481546853976
0.35496107393673476
0.3645968093162084
0.3726807877295132
0.3792790216651241
0.3844046849444777
0.3881237870030555
0.39066177765240173
0.3925129939386792
0.39455443779165617
0.3981613493954061
0.4053051065426495
0.41856597017500996
0.4408911025999932
0.474764836088581
0.5202937976498
0.5717762335747301
0.6132092909387294
0.6161276620877418
0.5505031341484741
0.43527285138009164
0.4862048624217641
-0.5491259695201005
-0.5156540889564811
-0.44342118813506226
-0.3394672921861783
-0.22251858577950204
-0.10925209430804991
-0.009877556806976417
0.07158408663292812
0.13535333468371852
0.1838722263639139
0.22032655491241035
0.24778434813502018
0.26880366482146806
0.28532554264213744
0.29870965713566716
0.3098274402604517
0.31917173143396366
0.3269676958120693
0.3332813136360055
0.33812575690698926
0.3415670053674094
0.3438302504417036
0.3454086642863561
0.34717553583567645
0.3504964512834073
0.3573209096226114
0.3701847182345863
0.3919534708382299
0.4249773507616914
0.4691705440827428
0.5186085678062178
0.5571417678959524
0.5564904923767087
0.48765472470412696
0.3723344527128525
0.432198064892932
-0.5908512906732128
-0.5623981543703529
-0.48909644425419047
-0.3833345685008635
-0.2652906164498354
-0.15169294096841435
-0.05245721025518185
0.028663349435961938
0.09204829694077471
0.14020814904386042
0.17634448784099957
0.20351849926436255
0.22427608400926796
0.24054826255792405
0.25368859976080027
0.26456560204455193
0.2736710471834237
0.2812298417522196
0.28730793427268736
0.29191849485524246
0.29512747238813575
0.29715979467692605
0.2985074632188161
0.3000400956075575
0.30311390895458673
0.30965760505824563
0.322165655532099
0.3434295283247924
0.37568045946070977
0.41866683829170886
0.4662801345208381
0.502263703645174
0.4985241366375934
0.4269466107081951
0.3114768818587698
0.37833016823417637
-0.63313836569762
-0.6083856205911433
-0.5340890672739635
-0.4269360168287092
-0.30817099407503423
-0.19447954016558247
-0.09549695742696965
-0.014748698916616758
0.0482682023843643
0.09610879916958723
0.13197689104618157
0.15892014209960564
0.17946944554066216
0.19554477575351295
0.20849328851715224
0.2191805031395089
0.22809712997302248
0.23546781798281302
0.24135848426712928
0.24578229702489743
0.2488051737999004
0.2506517772042417
0.25181294330173576
0.2531546841568141
0.2560241754126049
0.2623304647405396
0.27452987146104985
0.2953472044554017
0.32690983231622606
0.36882652468862576
0.4148422268225079
0.44863070729142096
0.44228089617681166
0.36841240104989115
0.2526870512903826
0.3244939012148148
-0.6758693410821202
-0.6535154645126456
-0.5783128818098298
-0.47019832660092314
-0.3510975296723946
-0.23755935287348567
-0.13895267253800922
-0.058615296725931354
0.004043350241888398
0.051598798677037094
0.08724340309545933
0.11400455631982939
0.1343952446305549
0.15032333403215317
0.1631292528054642
0.1736754611016433
0.18245159164098906
0.18968203542242895
0.19543267822434
0.1997166863294349
0.20259994578842813
0.20430685427856382
0.20532709315908856
0.20652314680721517
0.20923349797329321
0.21534871248269621
0.22729016974202632
0.24772349112830047
0.2786871903596893
0.3196763734782684
0.36432649123989386
0.39627821918776945
0.387797464372229
0.3120854657096046
0.19598806637156096
0.27069329637064676
-0.718883985614474
-0.6976832984620943
-0.6216962187173305
-0.5130692803146031
-0.39403006297938753
-0.28090023826839194
-0.18279803299335334
-0.10291469967370609
-0.04060833633129263
0.006692771230473904
0.042155755608591805
0.06878093177516026
0.08906044927240346
0.10488898652052131
0.11759991650399848
0.12805256340335727
0.13673547005258208
0.14387276849116937
0.1495303131760814
0.15372126847309847
0.15651148893567918
0.15812510833598153
0.1590506663727327
0.1601472026177376
0.1627448642372758
0.16871691987053655
0.18045303568639742
0.20056713093351752
0.23102389332876705
0.27123076604106144
0.3147508962675894
0.3452288660335989
0.33510355737391395
0.2580082876926457
0.14144792696951924
0.2170489694088129
-0.7619729459693714
-0.740772404781237
-0.6641726236742808
-0.5555091011556117
-0.4369428602579512
-0.32448400445097975
-0.2270191707005478
-0.14763581569413725
-0.08567779592712327
-0.0386018689307466
-0.0032800535935038344
0.023254019932680392
0.04346871134693005
0.059244423153745035
0.07190714139596331
0.08231297576792493
0.090949366265555
0.0980401847562871
0.1036512543356383
0.1077957374524076
0.11053945720390815
0.11210628472946729
0.11298363184266866
0.11402717781843988
0.1165590946686158
0.12243654463805159
0.13402072178277705
0.1538813686922843
0.18392449063125094
0.22349617951610712
0.2661252499402683
0.2954990033395706
0.28422923321487326
0.20623984507982573
0.08918543017098157
0.16379960981860542
-0.8048748271364645
-0.7826476634594862
-0.7056737111046814
-0.5974833696952635
-0.4798181521097214
-0.36830078906314184
-0.2716099344843714
-0.192774299054384
-0.13116166868448204
-0.08428240843409479
-0.04906181365518586
-0.02257439902535613
-0.0023785715815944075
0.013390699970682748
0.026051681227973335
0.03645718838181934
0.045093545488342775
0.05218436298758007
0.05779543256602462
0.061939914755499335
0.06468360124639679
0.06625010186163825
0.06712571444991475
0.06816284293672506
0.07067604618120948
0.07650757698883574
0.0879934210878982
0.10766674382799149
0.1373902259458737
0.17647548021666032
0.2184563025388605
0.24710451612847031
0.23521101386411647
0.1568611901481689
0.039373500938795214
0.11129997384485879
-0.8472768974728742
-0.8231522043202394
-0.7461240122928112
-0.6389573680634264
-0.5226406757884302
-0.41234413957357074
-0.3165676393708382
-0.23832898680567274
-0.177059382336929
-0.1303485090021929
-0.09518929412420135
-0.06870415955523682
-0.048481282329265865
-0.03267210471855457
-0.019966416594006303
-0.009514774523815443
-0.000831983517976493
0.006305304179542102
0.01196284879861215
0.016153808954085618
0.018943944978680433
0.020556606696720013
0.021476991939588297
0.022554314505152464
0.025095883879754463
0.030930248897789614
0.042371483433533974
0.061923881199266846
0.09142245896119806
0.13017199910227029
0.1717524217124252
0.2000658837576636
0.18809683895285173
0.1099792802626034
-0.007759967847926763
0.060015484650758566
-0.8888191939041716
-0.8621065967219617
-0.7854376543920716
-0.6798917039976727
-0.5653930857977645
-0.45660666646771714
-0.36188918487857735
-0.2842985688384398
-0.22337038533853967
-0.17679997544130077
-0.14166250022715787
-0.1151353969984198
-0.09483964143700536
-0.0789442576330078
-0.06614742673941557
-0.05560315723128938
-0.04682739619522862
-0.039597059774074114
-0.0338464192345231
-0.029562317878740398
-0.02667902669062938
-0.024973454569667465
-0.023961489860560393
-0.022797023660746072
-0.020179630523808903
-0.01429325072673967
-0.002842387278804844
0.01665621531367452
0.046025937273663706
0.08459332199862617
0.12602777386341657
0.1544124449302223
0.1429497895426663
0.06572899946413391
-0.051933831296292254
0.010513360477760967
-0.9291017689185769
-0.8993103671991546
-0.823516694416382
-0.7202390627055711
-0.6080520983721582
-0.5010761488252174
-0.4075674334733136
-0.33067839313347314
-0.2700914384462778
-0.2236345382408221
-0.18847992017212023
-0.1618672162056843
-0.14145324456999145
-0.1254257193618298
-0.11249154649949794
-0.10180826393094469
-0.09289297311831364
-0.08552285509248145
-0.07963221261635055
-0.07520789090975175
-0.07218419227880771
-0.07033828331955229
-0.06918712545424872
-0.06788763091965838
-0.06514589426858963
-0.059157125033160715
-0.0476410341146053
-0.028127441012483573
0.0012118197457222383
0.039754685577170115
0.08130589149449795
0.11018572939411855
0.0998504319433858
0.024273198760406428
-0.09281816722759198
-0.03654997685494124
-0.9676947781396965
-0.9345456088362845
-0.8602509186551272
-0.7599419307473805
-0.6505852388448887
-0.5457319798919233
-0.4535877511605833
-0.3774573197006979
-0.31721388789545174
-0.2708455823923602
-0.23563670388778482
-0.20889628943994035
-0.18832003431519745
-0.1721154366636581
-0.15899845089347664
-0.14813021686267053
-0.13902900054650857
-0.13147224818055162
-0.12539429390476137
-0.1207819848606278
-0.11756965483607838
-0.11553472789237117
-0.11419522784868169
-0.11271100971657684
-0.10979433307256398
-0.1036504654827961
-0.09201094376863439
-0.07241059637252881
-0.04299967876545471
-0.004318170523402193
0.037622454365711294
0.06744165757651771
0.05889755061495794
-0.014199515913789817
-0.13004183193260627
-0.08044560224680858
-1.0041510578705983
-0.9675824169219718
-0.8955189040905388
-0.7989311335226792
-0.6929480660119685
-0.5905418501989483
-0.499924624683888
-0.4246145499864378
-0.3647208561274494
-0.31841976554990903
-0.283122722321294
-0.25621533816442615
-0.23543516643179344
-0.21901054403369355
-0.20566677443706172
-0.19456866028255757
-0.18523563740867507
-0.17744541609889994
-0.1711323614932004
-0.16628332267058749
-0.16283266544626968
-0.1605580730362528
-0.1589786267391497
-0.15725705906768914
-0.15411146393387462
-0.14775599146449728
-0.13593065368522622
-0.11616718481274962
-0.08657718125272519
-0.04758688287560448
-0.0049729347496113635
0.026251351900272675
0.020206970242563647
-0.04947960011675232
-0.16320351226187044
-0.1203933898399607
-1.0380207895849414
-0.9981858559940044
-0.9291901259572096
-0.8371250275125033
-0.735081755107666
-0.6354585780000519
-0.546538284247196
-0.47211637338915563
-0.41258430002706803
-0.36633448098361976
-0.3309204666466557
-0.30381146130798353
-0.28278973642083854
-0.26610544420945387
-0.2524934939094815
-0.24112239031760854
-0.23151273567714803
-0.2234425004819538
-0.21684608002784522
-0.21171032537857573
-0.20796963574435343
-0.2054019591093754
-0.2035274408734946
-0.20151165190751014
-0.19807823952337592
-0.1914491418614936
-0.1793696011547917
-0.1593602317395926
-0.1294767681167277
-0.08999929557754645
-0.046416238896072604
-0.01329974304044613
-0.016091885542022667
-0.08134440104315764
-0.191886748816803
-0.15558846879072163
-1.0688677969247264
-1.0261241366758216
-0.9611278866689632
-0.8744291916969109
-0.7769109320008357
-0.680417012069935
-0.5933712776525508
-0.519912789353157
-0.46076190207775275
-0.41455513410520134
-0.3790027575720732
-0.3516642808716168
-0.33036933812382446
-0.31339074097659125
-0.2994731883587491
-0.28778889130297153
-0.2778596006810703
-0.26946353905630815
-0.2625351302835545
-0.25706122752508265
-0.25297626632414866
-0.25005847223258937
-0.24782908202676782
-0.24545651207743988
-0.241669770700573
-0.2346976385926361
-0.22228756098994407
-0.20194125830662102
-0.17164153278264357
-0.13148949169054694
-0.08663002996439938
-0.05111476659154754
-0.04986208319877756
-0.1095694385233867
-0.21567942336273366
-0.18523338469770118
-1.096286974475674
-1.051177659812448
-0.9911928382678954
-0.9107364712867072
-0.818341667030579
-0.7253309512465486
-0.6403449620133235
-0.5679339828967853
-0.509193777173756
-0.46303221594710425
-0.4273302465271336
-0.3997438843215584
-0.3781524318297128
-0.3608520009295606
-0.34659715381736217
-0.3345637588272945
-0.3242746764177188
-0.3155083667777295
-0.30819927960370097
-0.30233427038761107
-0.2978478167053445
-0.29451844663987753
-0.2918685497706081
-0.2890694706351814
-0.28485553011908854
-0.27746165141040996
-0.2646348305991102
-0.24385061593114887
-0.21300230104466072
-0.17197929129716574
-0.12552639332899146
-0.08709072371394067
-0.08096830656685869
-0.13394356585457132
-0.23419817268693774
-0.2085764540770447
-1.1199223102801397
-1.073148573310392
-1.019246875643271
-0.9459272429101632
-0.8592595589905575
-0.7700900496897926
-0.6873559037170814
-0.6160866541190431
-0.5577989975940839
-0.51169817323403
-0.475848703052115
-0.4480085521126203
-0.4261085048916268
-0.4084683233791602
-0.39385235022378134
-0.3814399877331593
-0.3707551374711791
-0.3615764742217257
-0.3538384692251158
-0.3475279807061786
-0.34257953851198814
-0.3387720175888894
-0.3356290749211273
-0.3323251818246504
-0.32760014276192995
-0.3196946983803004
-0.3063533284374126
-0.2850189510825312
-0.253479750318419
-0.2113814890487272
-0.16301200244957884
-0.12112648224742975
-0.10928938679563487
-0.15428838747436
-0.24711810131467135
-0.22495665602811962
-1.1394849388611707
-1.0918704862835538
-1.0451571930704755
-0.9798697953800223
-0.8995278695722125
-0.8145567078701541
-0.7342722070680566
-0.6642502290153457
-0.6064719614367428
-0.5604640929678445
-0.5244860963423147
-0.4964022677957996
-0.4741960127645442
-0.45621069875498216
-0.4412201559711928
-0.42840709858606063
-0.41729636234893536
-0.40766680260303767
-0.3994529056936602
-0.3926415331782333
-0.38716728444728654
-0.38280945496087315
-0.37909316259305115
-0.3751963736731645
-0.3698648655497222
-0.36134541421693867
-0.34737877032378495
-0.32536999841779246
-0.2929881601323089
-0.24960509307384135
-0.19899564977921538
-0.1531337859807258
-0.1347345325271912
-0.17048220456833635
-0.2542080046534772
-0.2338551692826359
-1.1547706503617534
-1.1072179971915705
-1.0688003235114953
-1.0124207553615614
-0.938985707188939
-0.8585629877645181
-0.7809298278585753
-0.7122730104598552
-0.6550786560576896
-0.609216239926948
-0.5731494935037014
-0.5448520170516964
-0.522360091899245
-0.5040401344942487
-0.4886748998388212
-0.4754500667772593
-0.4638912506806317
-0.4537774400988205
-0.4450431272307244
-0.43767517769020037
-0.4316082880107578
-0.4266222902785257
-0.42224406905815604
-0.41765569234639177
-0.4116098431258956
-0.40236030385319244
-0.38764407235295106
-0.3648248815444739
-0.33144100012651456
-0.28656279106145605
-0.2333984666282339
-0.18305150338619267
-0.15726343892458017
-0.18248858643203747
-0.25537106664470033
-0.23495331593316016
-1.165676284169956
-1.1191157176612574
-1.0900660187606308
-1.0434255329411255
-0.9774463068643976
-0.9019076369669826
-0.8271289702820284
-0.7599683646212447
-0.7034528976891343
-0.6578125078119605
-0.6217218119664895
-0.5932648895802174
-0.5705300365588161
-0.5519055215733765
-0.5361821283588534
-0.5225480015339582
-0.5105293253752838
-0.49990515911666195
-0.4906099879776504
-0.48263068219316585
-0.4759020774381001
-0.4702047176090231
-0.4650677139695833
-0.45967816650232085
-0.4527971934632234
-0.44268756364873313
-0.4270840908612946
-0.40330805620011223
-0.3687585067257125
-0.322180797348435
-0.2661669671468697
-0.21086319735187406
-0.1769102674807017
-0.19038940722317593
-0.2506906417565688
-0.22819619220604753
-1.1722144491627646
-1.1275465093046935
-1.1088608771650064
-1.0727188169554274
-1.0146955088018719
-0.9443533596384748
-0.8726307133906819
-0.8071110785941061
-0.7513926604721319
-0.7060788677135534
-0.6700584770674175
-0.6415250020019484
-0.618616526783265
-0.5997412013863763
-0.5836965452044872
-0.5696724933361377
-0.5571955255489544
-0.5460446932126968
-0.5361544573470114
-0.5275116925482847
-0.5200514346870968
-0.5135551937462243
-0.5075549724254156
-0.5012442587847749
-0.49339491524582507
-0.4822819869822584
-0.4656417378053442
-0.4407549482142192
-0.4048773011990705
-0.3564111123627083
-0.29728889424262966
-0.2366178947090095
-0.1938112142932289
-0.19442182221210724
-0.24048024481344799
-0.21386062293693753
-1.1745260306684195
-1.1325586915846129
-1.1251116798820227
-1.1001252104456558
-1.0504905994836604
-0.9856245300023962
-0.917154064558893
-0.8534340675595893
-0.7986566404407147
-0.7538059186995693
-0.7179840452367886
-0.6894902574899681
-0.6665085805463988
-0.6474641670984946
-0.6311595227603922
-0.6167855016761071
-0.6038685401751152
-0.5921875881496046
-0.5816770601331163
-0.5723238327182016
-0.5640632268721728
-0.5566780748804216
-0.5497041987655723
-0.5423433744808229
-0.5333815064461923
-0.5211108611237701
-0.5032753895101294
-0.47712120268135677
-0.43976194315794204
-0.3892460344424725
-0.32681160793117026
-0.260453633634482
-0.2082349980460644
-0.19501815731368752
-0.2253362229376181
-0.19262523527264094
-1.1728899548129108
-1.1342720151087253
-1.1387684486912761
-1.1254601564142837
-1.0845597404632885
-1.025405602044864
-0.9603736882749118
-0.8986256507587077
-0.8449612290170343
-0.8007456609500059
-0.7652888545286299
-0.7369889443084416
-0.7140701746066959
-0.6949707902178279
-0.6784960282370074
-0.6638365835472679
-0.650518447971185
-0.6383203652649081
-0.6271766759284454
-0.6170742518867762
-0.6079488120610402
-0.599584993527792
-0.5915236929376444
-0.5829775483647732
-0.572751025332364
-0.5591605924287248
-0.53996732109257
-0.5123932530956449
-0.4734180749705634
-0.4207344824642249
-0.35486241592681356
-0.2826229463543531
-0.22061507179625534
-0.19284701884102545
-0.20619073630950907
-0.1656393687337377
-1.1677296669520492
-1.1328822126005684
-1.1498072767951424
-1.1485313538682071
-1.116602263804263
-1.0633405209061968
-1.001918603707329
-0.9423276502390415
-0.8899780919069868
-0.8466086176594586
-0.81172575290253
-0.783816145934546
-0.7611364303071987
-0.7421328959798863
-0.7256107208653401
-0.7107591591035876
-0.6971033078062029
-0.6844215978590036
-0.6726482638798829
-0.6617701587247822
-0.6517235422088267
-0.6422954883581997
-0.6330336173936835
-0.6231648155987065
-0.611518096047496
-0.5964435506900455
-0.5757326304039592
-0.546599620836456
-0.5059064735536637
-0.45099929345990747
-0.3816697776105788
-0.30351886680681567
-0.231581664613981
-0.1888530632919056
-0.1843615906085984
-0.13458618038338782
-1.1596157196138466
-1.128663920702803
-1.1582329939848812
-1.1691408921548694
-1.1462901501172478
-1.099033479877542
-1.0413721781243275
-0.984134590078072
-0.9333325590209944
-0.8910614243930886
-0.857006927364151
-0.8297298865589089
-0.807509188932975
-0.7887929161155982
-0.7723828582126413
-0.7574653693295045
-0.7435641799631793
-0.7304573160675909
-0.7180788735240535
-0.7064156589618674
-0.6954046443345733
-0.6848361410651765
-0.6742665973160501
-0.6629414799201578
-0.6497220486318672
-0.6330042876138635
-0.6106277495642467
-0.5798219504710193
-0.5373568690292592
-0.48025413305841025
-0.40758369415387896
-0.32369931360330073
-0.24199086249701734
-0.1842917680841316
-0.1615941079230494
-0.10173362427182808
-1.149263729254255
-1.121971687986167
-1.164081692278187
-1.1870883253403812
-1.1732710164015756
-1.1320513859033225
-1.078273761683601
-1.0235942847183874
-0.9746030286843411
-0.9337249842075309
-0.9008008149319267
-0.8744468690019598
-0.8529517078365818
-0.8347577262812091
-0.818659499921196
-0.8038389024472857
-0.789817852702563
-0.7763739230321935
-0.7634410442985163
-0.7510059301402453
-0.7390064558169392
-0.727237147023347
-0.7152658874168466
-0.7023621195053884
-0.6874289844854313
-0.6689238546024759
-0.6447571738378475
-0.6122042684015411
-0.5679798068774937
-0.5088179883953726
-0.4330928175430493
-0.3439067730611923
-0.25294682480761027
-0.1807541915928859
-0.14008856803259853
-0.0699649514690395
-1.1375267203891186
-1.1132386259628009
-1.167423042226114
-1.202174858172935
-1.197172921650113
-1.1619283954216655
-1.1121223151939377
-1.0602101088433207
-1.013321582913545
-0.9741732634284037
-0.9427290306456314
-0.9176375897705898
-0.8971821065350878
-0.8797906416141414
-0.8642463303690725
-0.8497249656439906
-0.8357463154376595
-0.8220875399543006
-0.8086824002592383
-0.7955174418979146
-0.7825316359140162
-0.7695248651828279
-0.7560795795622038
-0.7414957326738696
-0.7247300873894991
-0.7043204355550796
-0.6782764803892432
-0.6439583342932085
-0.5980741332255769
-0.537124413363854
-0.45883487786821003
-0.3650791011131898
-0.26581190548818007
-0.18017510349912175
-0.12250479249151819
-0.04277797946691947
-1.1253805031454727
-1.1029720033652408
-1.1683621651635354
-1.214208720330676
-1.217611254418246
-1.188172873007744
-1.1423823928811747
-1.093445258803792
-1.0489760244332704
-1.0119328040603048
-0.9823632285832982
-0.9589205703985367
-0.9398651155023798
-0.9236009332660244
-0.9088952749907703
-0.8949163948592639
-0.8811817988975215
-0.867468440291494
-0.8537099539917994
-0.839892603728411
-0.8259566165470119
-0.8117085015424871
-0.7967489018990286
-0.780415967544968
-0.761734003440198
-0.7393439677662681
-0.7113891100893039
-0.6753622831343427
-0.6280269180314143
-0.5657218101321164
-0.4855959855694929
-0.3883460186399151
-0.28219794696646616
-0.1848160403369521
-0.1119332114875875
-0.02423964372171428
-1.1139002095117823
-1.0917447258409005
-1.1670406005626455
-1.2230116841320424
-1.234197925202804
-1.2102771424189311
-1.1684928987014547
-1.1227293947926233
-1.0810136335505705
-1.0464831122551832
-1.0192218811258973
-0.9978554910840634
-0.9806016984689039
-0.9658302134113939
-0.9522880331129034
-0.9391348052656758
-0.9258860737987468
-0.9123190661598314
-0.8983674291919609
-0.8840169816145262
-0.8692092799170101
-0.8537587706180368
-0.8372883150345729
-0.8191829968329868
-0.79855068735547
-0.7741619465942481
-0.7443338437803227
-0.7067491315358106
-0.6583018996755343
-0.5952601604842284
-0.5142933147847867
-0.41500459262622635
-0.3039304375750362
-0.1972128921575678
-0.1118193402438701
-0.018879356962139063
-1.1042254511820118
-1.0801812065229308
-1.1636356580644274
-1.2284265836242434
-1.2465531103056742
-1.2277305166671229
-1.189879220233878
-1.1474682851867775
-1.108847203108438
-1.0772583541465433
-1.0527672318891554
-1.0339352701365365
-1.0189163552308067
-1.006035244674875
-0.9940148264164509
-0.9820058264642885
-0.9695228048875977
-0.9563441892801087
-0.9424039453743784
-0.9276872247553973
-0.9121368171592356
-0.8955763130089105
-0.8776550104053584
-0.8578144611597889
-0.8352639311575003
-0.8089333743045284
-0.7773596002652047
-0.7384813277459124
-0.6894120219701223
-0.6264589526598895
-0.545934803618479
-0.4464658640583574
-0.3329757586202969
-0.2200757411335486
-0.12582618194499512
-0.03150164396583226
-1.097510805553674
-1.068935686026483
-1.1583572578485548
-1.2303257241560905
-1.2543200025486083
-1.2400364444156382
-1.205969805222418
-1.167057618016756
-1.1318645115198611
-1.103651429577459
-1.0824033369172927
-1.0665777975371797
-1.0542425710114298
-1.0436673745889296
-1.033548286317523
-1.023028066200779
-1.0116223305543737
-0.9991123251238091
-0.985432927884862
-0.9705683376113206
-0.9544621912853838
-0.936948091185178
-0.9177058332971688
-0.896243290780356
-0.8718901394150678
-0.8437681113592235
-0.8106844132327763
-0.7709076624100962
-0.7218716470321042
-0.6600508942420973
-0.5815491306783093
-0.48416411883886545
-0.3713207127231385
-0.2561271699947697
-0.15761698534434643
-0.06689570617934569
-1.0948575998751326
-1.0586607429364048
-1.1514414041804726
-1.2286204164099013
-1.257183623007596
-1.2467354179871217
-1.2162192230957152
-1.1809032557929773
-1.1494436084020672
-1.1250227855754074
-1.1074774545612203
-1.0951194128767447
-1.085908281826075
-1.0780502092933841
-1.0702138191907535
-1.0615368586457807
-1.0515396439428841
-1.0400089068054368
-1.0268814963884747
-1.0121403151398956
-0.9957290034035883
-0.9774913539673517
-0.9571410116538048
-0.934261559526396
-0.9083222353897714
-0.8786701707599178
-0.844436668388259
-0.804299994624567
-0.7561250408728055
-0.6966968423988511
-0.6220798340915231
-0.5294205951366731
-0.42079342006116405
-0.3078646399596816
-0.21053952171106594
-0.129417506461192
-1.097222460254454
-1.0499637935931183
-1.143139980885282
-1.2232728306810614
-1.2548960657389485
-1.2474369062943234
-1.2201416222219208
-1.1884522846903893
-1.1609785299464916
-1.1407187087401762
-1.127289528445893
-1.1188147854101531
-1.1131258576524408
-1.1083598234972039
-1.103160511013612
-1.0966666085120829
-1.0884091348271194
-1.0781845344995469
-1.065933419421345
-1.0516370187777038
-1.0352374461633174
-1.016587669409135
-0.9954370022836475
-0.9714524702468025
-0.9442605322447067
-0.9134664337659693
-0.8785795839883166
-0.8387700814814766
-0.7924504509215236
-0.7368699385542994
-0.6682397588401815
-0.583255418256583
-0.48281624058819805
-0.37723355806887626
-0.28719336671066953
-0.22241941210103044
-1.1052981799530126
-1.0433502105889894
-1.1337080389796823
-1.2143134155077788
-1.2473130863075845
-1.241866536572726
-1.217361814448769
-1.1892428356770568
-1.1659239459309987
-1.1501079376306735
-1.1411187922343777
-1.136852291827405
-1.1349956733539917
-1.133616484001742
-1.131341411890707
-1.127320410284254
-1.1211046025823248
-1.1125066468850162
-1.1014738314829893
-1.0879853572503866
-1.071979292001316
-1.053314864874224
-1.0317761766536264
-1.0071180455431334
-0.9791379293515459
-0.9477278234202177
-0.912825481014815
-0.8741723300180744
-0.8308445440422206
-0.7807122396838874
-0.7203271003966988
-0.6461463163887539
-0.5580857053531945
-0.46520140133931365
-0.38886467696312244
-0.34750450101387076
-1.1193636992741889
-1.0391539011120676
-1.1233928200346097
-1.2018709571340989
-1.234451443159414
-1.2299398288274566
-1.207696805150148
-1.1829866819304107
-1.1638736488933248
-1.1526521764605981
-1.1482835541080127
-1.1484012701134223
-1.1505398449317934
-1.1527045740374813
-1.1535199362257265
-1.1521636904014911
-1.148221284394032
-1.141531355410334
-1.1320524614066516
-1.1197615452330036
-1.1045887281460751
-1.086393730476471
-1.0649902338059793
-1.0402194018129374
-1.0120562220471343
-0.9806995025757345
-0.9465559900565733
-0.9100079193465658
-0.8709015747101189
-0.8278766405608394
-0.7780136268402695
-0.7177416877394898
-0.6461830282869597
-0.5712312673047185
-0.5148201817257015
-0.5035888789012369
-1.1391032106465642
-1.0374606722928505
-1.1124343738047724
-1.186228976039784
-1.216583912603513
-1.2118820888459942
-1.1912895881471801
-1.1697082366506828
-1.1546979638329353
-1.1480367464471546
-1.1482613093817926
-1.152719010765407
-1.1587945489611655
-1.1644495757111704
-1.1683315931382576
-1.169671392674546
-1.1681096986014268
-1.1635255147915806
-1.1558957265020637
-1.14519508953958
-1.1313399957997117
-1.1141807529092131
-1.0935488978901782
-1.0693614028023504
-1.0417654623598194
-1.0112720177059071
-0.978779866057298
-0.9453613858841731
-0.9117173559484183
-0.8773825615168528
-0.8401312189310929
-0.79655090126396
-0.7451336881753609
-0.6926675696731871
-0.6614656833117426
-0.6857679114331928
-1.1634008050829387
-1.038037741720109
-1.1010971250548627
-1.1679329694590526
-1.1944008916976308
-1.1884271178304373
-1.168831026502969
-1.1499784297056976
-1.1387807791449887
-1.1364039283649117
-1.140913279577665
-1.1493628773757114
-1.1590074123738854
-1.1677995422346996
-1.1744493155439497
-1.178277741732751
-1.1790110652945844
-1.1765895046569637
-1.1710188825539212
-1.1622724188061084
-1.1502444847587487
-1.1347602635305791
-1.1156479898718905
-1.092876423272069
-1.0667416249038428
-1.038048979352216
-1.00818406356461
-0.9789250029799877
-0.9518725293553435
-0.9275383946240942
-0.9045073678827912
-0.8796590578732719
-0.8509585942203363
-0.8240701042647484
-0.8213971186303249
-0.8840040187907615
-1.1901283343188616
-1.0402960894710351
-1.0897669683918205
-1.1479899407048904
-1.169285981843653
-1.161147276312716
-1.1419267907943893
-1.1253042479527497
-1.1174202608708583
-1.1187558790842034
-1.1268826992351113
-1.1385790033695424
-1.151013295776272
-1.1621860686568717
-1.1709289434244274
-1.1767065935773315
-1.179373711626468
-1.178961502901068
-1.175520378784736
-1.169023680264228
-1.1593321865881572
-1.1462222747295328
-1.129484481966321
-1.1090960859909793
-1.085452555156144
-1.059602149833936
-1.0333695150101379
-1.00920252398273
-0.9895862354455187
-0.9760205711973291
-0.9679372792485466
-0.9625504324299969
-0.9572961421358537
-0.9565690852881727
-0.982407934192874
-1.0816884075822393
-1.2159625633167712
-1.0433333856817457
-1.0791719148084455
-1.1282272979480803
-1.1437805937352374
-1.1329969217629818
-1.1136974883135915
-1.098767429886065
-1.0934914429210973
-1.097629457215814
-1.1082728581750434
-1.1219768589003238
-1.1359007414617368
-1.1481797706433547
-1.1578524334323679
-1.1646023871050644
-1.1684728425414197
-1.1696279595500396
-1.1681854411528274
-1.1641220410904234
-1.157249157113203
-1.1472599525106078
-1.1338547320790693
-1.116949321011473
-1.0969525333082046
-1.0750559966493984
-1.0534150212989248
-1.0350365331751645
-1.0231845787353753
-1.020252910043434
-1.0264343896877632
-1.0391791651076188
-1.0552288000542929
-1.07736782502442
-1.1265700559862193
-1.2541817705792786
-1.2362962938536683
-1.046137154448879
-1.0708192905333704
-1.1119159849025917
-1.1223529726425405
-1.109193974035835
-1.0897450471684986
-1.0760527717238269
-1.0725177484336315
-1.0781959306054327
-1.0897632166768747
-1.1036528775568342
-1.1171367681281303
-1.1286121503125073
-1.137444651062769
-1.1436413761464004
-1.1475170810507924
-1.1494273445440994
-1.149589601790982
-1.147989847774144
-1.1443689688868441
-1.1382883077279435
-1.1292810209465642
-1.1170952917357737
-1.1020172218560529
-1.0852164006844267
-1.068986430582219
-1.0566784723315958
-1.0521040601384475
-1.0583065106414082
-1.0759783767011057
-1.1025035209348841
-1.1335258616471022
-1.169597705648362
-1.2295833731728902
-1.3675159191877353
-1.2453509879520994
-1.0480748370843096
-1.067793328876228
-1.1048170949828333
-1.112644719118649
-1.0986250899075451
-1.0796819866139713
-1.06707272320283
-1.0643672091761638
-1.0700095996831336
-1.0803952015969687
-1.0920017516922007
-1.1023951593198151
-1.1104151726117886
-1.1159209737537146
-1.1193860821980905
-1.1215103027790874
-1.122921203251022
-1.1239816785293049
-1.1246965982994714
-1.12470854126507
-1.1233798895507396
-1.119967493765351
-1.1138974652394322
-1.105130216757917
-1.0945593291604314
-1.084311003611035
-1.0777246459528564
-1.0787557831660497
-1.0906473448050582
-1.1140877100429458
-1.1458088709913468
-1.1796234501272131
-1.2128398499986108
-1.260698374978308
-1.3775475927480643
-1.2366607520648891
-1.0498649150273494
-1.0761292905196829
-1.1168879772020137
-1.12744879460735
-1.11604472617174
-1.0995086424710738
-1.0884868119208084
-1.0858842442579286
-1.0897275351916997
-1.0963603866628642
-1.1025579141214603
-1.1064400190718091
-1.107539142320253
-1.1064347794152853
-1.104260287645566
-1.1022541687306058
-1.101425908157771
-1.1023475212689764
-1.1050579398860467
-1.1090654269102154
-1.1134423753086342
-1.1170181189335628
-1.1186789876228076
-1.1177686377057354
-1.1145337753504119
-1.1104775566894438
-1.1083843017352928
-1.1117210072825374
-1.1232052809697803
-1.1426919918346148
-1.1652941279532323
-1.181813534862037
-1.1847793430609195
-1.183668405570824
-1.2300074491489283
-1.2041860809896274
-1.055318175859517
-1.1070811309190791
-1.1649902976702595
-1.1877846780388044
-1.1854549522447808
-1.175244620714416
-1.1675400125463113
-1.1648975918500595
-1.1652563274635668
-1.1652612640902458
-1.1623508980524342
-1.1555611013113252
-1.1454576741447058
-1.1336454961183184
-1.1221768355539057
-1.113035011699155
-1.107760023048514
-1.107220625441478
-1.1115129281418445
-1.1199648817685284
-1.1312374076154392
-1.1435269194510167
-1.1548803223229478
-1.163619098963153
-1.1688202185750756
-1.1707128852196043
-1.170738643909023
-1.1709440897794074
-1.1724362726406277
-1.1729796415373062
-1.1645987270494276
-1.1333178176584715
-1.0646633213116123
-0.9593944105927665
-0.862094102306429
