Predicted value
-0.5873683990198846
-0.2281672384195252
0.023452771532058866
0.20850650224339967
0.3535958787528214
0.4754163695217844
0.5840480440766337
0.6853008397437497
0.7823382497791287
0.8767631910450773
0.9693140943607722
1.0602880490767577
1.149780889622773
1.23781120008049
1.3243760975645613
1.4094711006836498
1.4930941599246421
1.5752447867848254
1.6559229321952829
1.735128596560863
1.8128618679147064
1.8891239455751867
1.9639224786270915
2.037288995853756
2.1093220907494037
2.1802771162680457
2.250731203343642
2.3218612092727486
2.3958814911122728
2.4766979496381136
2.570844365462121
2.68877641494183
2.846607673866587
3.06838015589174
3.388969254646487
3.857729127687316
-0.60701466398392
-0.26807818900625313
-0.0371877110059422
0.12687875406029323
0.25088549148445144
0.3516517750934452
0.43934927986402006
0.5198534925880509
0.5963730650081784
0.6705406888671986
0.7431134349899902
0.8143993531709001
0.8845002405991772
0.9534376181470806
1.0212098703964707
1.087812971116863
1.153244995357838
1.217505476708216
1.2805943679302887
1.3425116694264747
1.4032574671648355
1.4628329341057467
1.5212455611615077
1.5785262596105276
1.6347717810048359
1.6902328972807734
1.7454767373346656
1.8016603510848301
1.860961732335305
1.9272239419119082
2.006877396884542
2.110214594547808
2.2531002855317968
2.4592081632831846
2.7628822615203084
3.212727211451508
-0.6202932945567067
-0.29719329582100823
-0.0826593783277131
0.06473755460120742
0.1719241485114254
0.2558434825953063
0.32675883727999655
0.3906112488228646
0.4506545274531959
0.5085511397942766
0.5650767966766862
0.6205505083385745
0.6750800347287016
0.7286898335099119
0.7813795567312749
0.8331456333231575
0.8839862628978348
0.9339010011356598
0.9828898026301336
1.030952667781245
1.0780896804919742
1.1243019873647009
1.1695969211392363
1.214004775589063
1.257620460324015
1.3006901662627657
1.3437710202640036
1.3880002648678094
1.4355195306253508
1.4901090384123648
1.558095841756807
1.6496092588903446
1.7802652152838143
1.973369084175218
2.2627335393720323
2.6962136857344503
-0.6291058879890652
-0.3181861282789959
-0.11639884110438616
0.017892182847541287
0.11177594937613199
0.1823193430392041
0.23987724971430494
0.29045625512429685
0.3373553279851098
0.38226670980051963
0.4259847514068078
0.46883942348592617
0.5109444487461452
0.5523272216408966
0.5929886616864576
0.6329256529740469
0.6721365196786343
0.7106208395721049
0.74837856907917
0.7854097085973881
0.8217143399646578
0.8572935834253642
0.8921546135468287
0.9263271065976083
0.9599041302453416
0.9931272943910336
1.0265437238557371
1.0612708538012947
1.099413951526005
1.1446903979555232
1.203323883075859
1.2852805460557437
1.405927487206762
1.5882017595582392
1.8653846770067943
2.284581818064471
-0.6349210179528267
-0.33317942455061966
-0.14117530842551057
-0.017065347629974328
0.06640182388900859
0.12641689605470913
0.17342636019507526
0.21350235149846336
0.24998899716744755
0.28460831358629407
0.3181732915969854
0.35102486232527624
0.38328271123894736
0.41497716958201714
0.4461104243379711
0.47667981475887944
0.506683789582407
0.5361219486719709
0.5649942502834923
0.5933006948120998
0.6210413620306106
0.6482173458254139
0.6748356625913429
0.7009253710920285
0.7265776970529132
0.7520296693573346
0.777818410788709
0.805041549130642
0.8357679884285613
0.8736522696580419
0.9248147192631464
0.9990582973496719
1.111501279069949
1.2847123972446284
1.5514416058594693
1.9580449570783682
-0.6388527463268612
-0.3438388967038226
-0.1591995451633947
-0.04288425712330424
0.032520693723141994
0.08432980266466775
0.12308116647962178
0.1549124698218543
0.18321299838058397
0.2097345434205669
0.23530873578948705
0.2602874670569017
0.2847963854501021
0.30886875900369326
0.3325080421683688
0.3557120293570508
0.37847929387009854
0.4008094576624619
0.4227024808212711
0.4441583637392253
0.4651771841240604
0.48576000950417
0.505913698101898
0.5256666911759498
0.5451083725095727
0.564471189968435
0.5842822642983183
0.6056194159045899
0.6305151855798077
0.6625612743494655
0.7077746451156802
0.7757950789213126
0.881492025759441
1.0470658982420404
1.3047352904440115
1.7001067281811026
-0.6417279164732411
-0.35145419739427236
-0.1722183833791515
-0.06176292721085701
0.007488257670978073
0.05297347192053024
0.08532241776654897
0.11073832932837849
0.13265565078188185
0.15285594827230511
0.17218949265303363
0.19101913593742734
0.20947648911228778
0.2275977570028068
0.24538766152688618
0.26284445225829967
0.27996682706010123
0.29675442997877305
0.3132072229326552
0.32932520631201656
0.3451084557595122
0.36055801244553987
0.37568057641995456
0.3905039714365358
0.4051157393363355
0.41974374696735384
0.43490511303773605
0.45165785057461216
0.47199813711767
0.49945483374232263
0.5399415398087399
0.602934857296848
0.7030554110404718
0.8621352934429115
1.111861738668208
1.4970917461839623
-0.6441434329015028
-0.3570083840821887
-0.1815962540769153
-0.07544238303391274
-0.01080832413914039
0.029868028627030987
0.05730798294375163
0.07778032239585977
0.09476464964586276
0.11007230571949675
0.12457220147584844
0.1386381493720804
0.15240772315450454
0.16592006443889942
0.1791811626103751
0.19218972240355692
0.20494456624419352
0.2174453602702994
0.22969206823142446
0.24168469051540745
0.25342330069982244
0.26490891359707147
0.27614807108452033
0.2871679794110233
0.29805433847543605
0.3090304341080911
0.3206033829794975
0.3338113907385479
0.3506142716720597
0.3744780469053655
0.4112129522566885
0.47013241064301947
0.5656082217389302
0.7191041577390461
0.9617760928965485
1.3377315003308907
-0.6465146445633008
-0.3612371219126657
-0.18838510360800287
-0.08528681716279393
-0.024041455509324898
0.013036892737486393
0.036761140707190915
0.053465621450120814
0.06667509611542784
0.07823068060933822
0.08901992579663995
0.09942760457829825
0.10959725346013552
0.11957095084851688
0.1293559535957606
0.1389514215973438
0.14835630184170975
0.15757028255840533
0.16659332932819002
0.1754254425364727
0.1840666936957464
0.19251807126041715
0.20078595893536208
0.20889694546450951
0.21693488880451983
0.22511849376805693
0.2339448749879942
0.24443243073498672
0.2585046120429819
0.27956460008723116
0.3133192671440114
0.3689188570673782
0.46048634437265007
0.6091171810457775
0.8454358814290827
1.2128003922938706
-0.6491158646897468
-0.3646787750795271
-0.1933839607467053
-0.09235253657001499
-0.03352133522806831
0.0009193600296696072
0.02187406778315047
0.03574267054820036
0.04609508796061541
0.05480221080711196
0.06277022995817928
0.07039487875858526
0.07782565647366263
0.08510757830036328
0.09224916855821368
0.09925004230354256
0.10610927108748801
0.11282656523112912
0.11940189214643514
0.1258352522163849
0.1321267148883904
0.1382772422588619
0.14429305986018753
0.15020013893137
0.15608049548687392
0.16214825332169516
0.16889052503107113
0.17730590150741926
0.189281470531817
0.20815757332943483
0.2395377186346032
0.29240897123844234
0.3806454804970176
0.5249743781876048
0.7554888187416664
1.1147972225823597
-0.6521139790695898
-0.3677164486912817
-0.1971893258941277
-0.09744661292211337
-0.04026278220017705
-0.007704311612331077
0.011224922871777003
0.02299035323346723
0.0312070575951801
0.03777570162412201
0.04362111619648359
0.0491499951008353
0.05451780036202032
0.05977248396757727
0.06492383770424073
0.0699719317891912
0.0749159623362614
0.07975566175806281
0.08449099929777429
0.08912197533594479
0.09364865725490513
0.09807198079306984
0.10239801331033811
0.10665210854078691
0.11091444055668538
0.11539455213536094
0.1205695538344153
0.12741822916802822
0.13779130266440706
0.1549662755986415
0.1844432931631154
0.23504624108601377
0.32040044356414904
0.4608647121661216
0.6860008414125347
1.0376677253783986
-0.655596016958336
-0.3706129588618233
-0.20023746300624032
-0.10117641900082448
-0.045041939016840477
-0.013776695572847853
0.003707040811906583
0.01394025158423682
0.020583173353227745
0.025566246666575827
0.029832942406172996
0.03380091480439235
0.03763158864558752
0.041375852707883735
0.0450447662452239
0.04863885463564006
0.052157438555659706
0.05560027250942665
0.05896732757132944
0.06225860411948699
0.06547416747114915
0.06861492700673452
0.07168679191365349
0.07471449842105726
0.07777637865901937
0.081077394387199
0.085084654125562
0.09075713401005053
0.09990919531600183
0.11575549936842479
0.14369282781775675
0.19238188732924744
0.27519917694045604
0.4121351880113083
0.6322203551515477
0.9765640460880368
-0.6595914843966411
-0.3735396279483593
-0.2028395876772906
-0.10399114055792391
-0.04844403850785026
-0.01801714868017645
-0.0015311361437485246
0.007610530013741468
0.013113244888022773
0.016937223907281924
0.02004457795911219
0.022863921719689293
0.025562642732877262
0.02819456656738806
0.030772019944372727
0.03329598340271504
0.03576590218163718
0.03818155287681528
0.04054290839384758
0.04284996910842301
0.04510279827271035
0.0473022789091324
0.04945416203261063
0.051582566367370505
0.053763982101290006
0.05619878997636005
0.05934409647491058
0.06413907035464624
0.07236170963803414
0.0871638357000023
0.11383886664904155
0.16088433008746644
0.24142789989358296
0.37509174721864186
0.5903749467615274
0.9276373399009541
-0.664090188591025
-0.37659972454485685
-0.20521086133014887
-0.10621626328664197
-0.050903322078253314
-0.020967099492637028
-0.005136655148238376
0.003250091332744537
0.007943693532685337
0.01093414176026063
0.013202186908764998
0.015187404098176798
0.017063143631870475
0.018886167869144682
0.020670070998358662
0.022416288719247862
0.024124390833729165
0.025794176029011042
0.02742561904190143
0.02901872024565923
0.030573540827372216
0.03209093745146733
0.033576502960377175
0.03505373857340145
0.03659729253622259
0.03840296457316321
0.04091785912891744
0.045061337582952284
0.05257503470486479
0.06654793191950212
0.0921700837934086
0.1377758388659635
0.2162440458562197
0.34682855570675286
0.5574970832055881
0.8878599433832921
-0.6690562141614014
-0.3798472940012799
-0.2074940216612327
-0.1080819488462524
-0.05273610696658254
-0.023027752444424423
-0.007594339447822592
0.00029176186651880156
0.0044262635676177615
0.0068289308446409566
0.0084991545965843
0.00988747038722877
0.011173191279459236
0.012416016423161041
0.01363080747390161
0.014819455292268097
0.01598165424287206
0.01711722510445433
0.018226144445032493
0.019308412635435496
0.020364088797670033
0.02139400323816725
0.022403590626870827
0.023415734678154734
0.024503241695505842
0.025857330385578477
0.027915103155430936
0.03157611400629262
0.03854563445489048
0.05184980597599085
0.07657531959419153
0.12089334478593651
0.1974339051110256
0.3250825313033595
0.5312755782401037
0.8548738346036774
-0.6744386474782513
-0.38330205486726593
-0.20977840334959177
-0.10974613199547323
-0.05416791196148017
-0.024491194304361082
-0.009261827741759768
-0.001686632964886435
0.0020752605819213017
0.00407339296832018
0.0053257950990074346
0.006293962981566669
0.007163172438393178
0.007996059409958987
0.008808753019039724
0.009603599287074221
0.010380417141368732
0.011139049452196435
0.011879474618784585
0.012601693009532145
0.013305761681364757
0.013992484582717745
0.014667138211045889
0.015351988775797428
0.016118000638263658
0.017151811487430616
0.018880521692720777
0.022183877877125932
0.02873078830450294
0.04148455449953728
0.06542850394488024
0.10857062705404058
0.18329212222756497
0.3081101999906791
0.5099298553096892
0.8268623505188666
-0.6801795839877456
-0.3869609697438538
-0.21211503055773648
-0.11131309286488968
-0.05535546756820964
-0.025565800358992072
-0.010398334504480028
-0.002994341230389771
0.0005322085055854566
0.0022606296535924685
0.0032275931240298224
0.003905555368283742
0.0044857549682599486
0.0050337646550171556
0.005566981018539189
0.006088205241116557
0.006597380812750217
0.007094372695245681
0.007579161119039891
0.00805174645010181
0.008512183680276043
0.008961250400002075
0.0094040649342458
0.009862275987529713
0.010405005978949545
0.011214311579823048
0.012707291121936862
0.015743883850045173
0.02195663477513475
0.034246005471810226
0.05749195988077637
0.0995393093526067
0.17252042712859475
0.2945842035252912
0.49210427359814296
0.8024423733332736
-0.6862198953459243
-0.3908070355586541
-0.2145283939160752
-0.11284818421893546
-0.05640435711645747
-0.026396752934484125
-0.011188009489857726
-0.0038538485428005875
-0.0004630825643615798
0.0010933782760961836
0.0018708448946725836
0.002352734186556467
0.0027362474931639795
0.0030898943361405214
0.003432338772678116
0.0037668371459189526
0.004093457508558686
0.004412086913935172
0.004722707423695025
0.005025319401377222
0.005319975773745314
0.0056074277732429696
0.005892635552347182
0.006196630310654699
0.0065866925250656965
0.007240297849229642
0.008564542577297333
0.011399558575785349
0.01734152760281038
0.029228071282896208
0.05183579001480106
0.09284631608616326
0.16414319757902313
0.28350700460125644
0.4767800122974507
0.7805744303055817
-0.6925031783433815
-0.3948157782486357
-0.21702545948359284
-0.11438932321425285
-0.057382959836164524
-0.02708240430971798
-0.011758689001354794
-0.004421986205803324
-0.0010959499074680655
0.00035828460477793753
0.0010146682527358895
0.0013675783753972605
0.0016201790736886208
0.0018439166598420587
0.002058722658257795
0.002268308572929697
0.0024728670192481197
0.00267230714208326
0.002866612834291406
0.0030557844569815517
0.003239872871836194
0.0034196029533031776
0.0035997766813706017
0.003800807750709472
0.004088134696024397
0.0046346521532965625
0.005837454379040928
0.00851686586153647
0.014232705106029787
0.025759753786963817
0.04777124876115027
0.08778564325329219
0.15743766018617686
0.274139549459005
0.4632022263055047
0.760488374015504
-0.6989782559900095
-0.39895988023072126
-0.2196023956048695
-0.11595579064370559
-0.058333295489104715
-0.027687139736004198
-0.012196750300444866
-0.004806750011661132
-0.0014956343674131178
-9.476377608379501e-05
0.0004884526898293645
0.0007593528131204529
0.0009270634542264661
0.0010659677159661797
0.0011972645899480112
0.001325120741017507
0.0014498533472597224
0.001571393645077195
0.0016897273585358883
0.0018048548463148089
0.001916824905015404
0.0020263360510896925
0.0021380320920368783
0.0022717092176022247
0.002490964020294779
0.00296411011842744
0.0040782397308793275
0.006633869967691821
0.012154456081241423
0.023351939795890227
0.04479619442650343
0.0838424941348488
0.1518767366844605
0.26594285176586435
0.450820394701929
0.7416225224343347
-0.7056005527354031
-0.40321231585382494
-0.22224944562790638
-0.11755481795415074
-0.059279302720759514
-0.02825132415721724
-0.01255870372916401
-0.0050805148003402875
-0.0017500943818618121
-0.00036902800162148846
0.00017391527358453514
0.00039503367035297445
0.00050941680863125
0.0005943845818248253
0.0006724034487503145
0.0007480952351049432
0.0008219016816684663
0.0008937761163757632
0.0009637060945024714
0.0010316919722976122
0.00109778048128158
0.0011626437799105707
0.0012307675031948933
0.0013213303359540668
0.001496086928501576
0.0019187698814820352
0.002966469376138727
0.005419895144275426
0.010766139185398545
0.02165430327378933
0.04255089718236646
0.08064801600996248
0.1470827323608584
0.25853065571690503
0.4392399814901116
0.7235743402740108
-0.7123326206147657
-0.40754832024705595
-0.22495432009871397
-0.11918638343149467
-0.06023301987992584
-0.028798848308039256
-0.012880084731074274
-0.005290253047277395
-0.001917531781119987
-0.0005337315800048825
-8.981505026906932e-06
0.0001839771142132782
0.0002661966571735187
0.00031793380784596575
0.0003629224922554298
0.00040623969695081626
0.0004484517254065798
0.0004895339970899405
0.0005294758984862112
0.0005682777834144267
0.0006059843183139299
0.0006432413036450924
0.0006843762019293285
0.0007479501930604135
0.0008938759851562696
0.001281305161193227
0.0022773258647787293
0.004642840449478949
0.009828577661930203
0.02042079932633291
0.0407826516736592
0.07794305073980637
0.14279024396980236
0.2516315206368229
0.42818371624201795
0.7060609350307724
-0.7191440511227488
-0.4119464705977521
-0.22770443129742501
-0.12084658384877434
-0.061199077632654135
-0.029342726147643418
-0.01318213995858079
-0.00546529349821881
-0.002035206804384472
-0.0006339156439905357
-0.0001129090724305028
6.603202449758749e-05
0.00012992278576200614
0.00016195668594159207
0.00018713511826935246
0.0002109902301458719
0.0002342128877403049
0.0002568006020522125
0.00027874459077658275
0.0003000452053024639
0.00032074504698814736
0.0003414635582981807
0.0003663700292650834
0.00041340813485688676
0.0005406486409959511
0.0009026621129903209
0.0018565346568116022
0.004143361247788365
0.009177507379686834
0.01948239492662658
0.03931780657763323
0.0755494793056688
0.1388168353965081
0.245058843914652
0.41746098045039093
0.6888878229009621
-0.7260109688188703
-0.41638911590000616
-0.2304882458170387
-0.1225298965622266
-0.06217785726275019
-0.02988913605173573
-0.013476738043621046
-0.0056230882056647604
-0.0021260480890494928
-0.0006978785801979286
-0.00017142872880224802
2.4810231421332755e-06
5.682857411391129e-05
7.774418927861244e-05
9.149672907744073e-05
0.00010407350176266004
0.00011628993619812458
0.00012816563491573649
0.0001396936468201589
0.00015087432087045367
0.0001617481933438606
0.00017290834870910322
0.000188365904509806
0.00022544703078825672
0.00034038055127125325
0.0006831560135985551
0.0016008574861059305
0.0038147725658843465
0.008702903493829938
0.018725832193981426
0.03803997781341792
0.0733478982621662
0.13504019066674797
0.23868750388298898
0.4069439535903204
0.6719245913378317
-0.7329152670481306
-0.4208623515996188
-0.23329598729998668
-0.12423059950674448
-0.06316761709339894
-0.030440242827623476
-0.013769876373455213
-0.005773393232658809
-0.0022034964697725057
-0.0007426720907289217
-0.00020512913951891196
-3.072761433526983e-05
1.9473142811126048e-05
3.454018767248963e-05
4.2009847898221595e-05
4.832459259226531e-05
5.442441331317453e-05
6.035100412519255e-05
6.609924514265759e-05
7.166948289464506e-05
7.710018857734328e-05
8.295808866365145e-05
9.309612820829949e-05
0.00012422297232783132
0.0002307255025534824
0.0005580122488567274
0.0014431652419374962
0.0035876647006491537
0.00833314961301774
0.01807736195300114
0.03687335732573193
0.07126051457830167
0.13138060567797888
0.23243595927191438
0.39654933112867996
0.6550862464492173
-0.7398437137094588
-0.4253556993151629
-0.23611988142974952
-0.12594357277598076
-0.06416584197368955
-0.030996086425096665
-0.014064100343838435
-0.005921209766185576
-0.0022749592700319547
-0.0007780599808201174
-0.0002260809368395968
-4.7921692480563e-05
1.3211697565303186e-06
1.3651496210584751e-05
1.7873081739197743e-05
2.0883556297992e-05
2.3747474140220953e-05
2.6528620862468995e-05
2.922370778874942e-05
3.183307901815121e-05
3.43931406658112e-05
3.7444261208804365e-05
4.4681213212965866e-05
7.219515686909587e-05
0.00017253103151286748
0.0004865163494474704
0.0013412311037369964
0.0034183481349972077
0.008023143178384056
0.017490518257774573
0.03577016543635483
0.06923828449828111
0.12778782225156884
0.22625278713469385
0.3862245750053685
0.6383191847163867
-0.7467870257128294
-0.4298616189272795
-0.23895409881494914
-0.1276646654638524
-0.06517002724014856
-0.03155577618060552
-0.014360101048458869
-0.006068778414485373
-0.0023441943699345305
-0.0008092851597588161
-0.00024097981654643902
-5.7217450884946544e-05
-7.13188576436704e-06
4.217515740888592e-06
6.9020156966145134e-06
8.274404910112822e-06
9.523800329336588e-06
1.0736079083211319e-05
1.190978370542539e-05
1.3045255865081361e-05
1.4176836596264537e-05
1.5818536380225683e-05
2.1506955293905253e-05
4.671574860235962e-05
0.00014214791344569952
0.00044404994445882974
0.0012694997970700043
0.003280362933657382
0.007745551836506822
0.016937128579414516
0.034701421683620004
0.06725145187034434
0.1242313407883498
0.22010677666743725
0.3759377954544597
0.6215908696540634
-0.7537389846235273
-0.43437495078966193
-0.24179451849190997
-0.1293907751835373
-0.06617806897702938
-0.0321181865437014
-0.014657711196388212
-0.006216870040372616
-0.002412890680259735
-0.0008389344805119733
-0.00025329046801621875
-6.293730955739493e-05
-1.1046068615105179e-05
2.606823229272191e-07
2.321672530693133e-06
2.944853667174053e-06
3.443905375022681e-06
3.926796315505649e-06
4.393900231986405e-06
4.845556363581087e-06
5.314040663323484e-06
6.287005616640133e-06
1.1142878811576793e-05
3.473781058744603e-05
0.00012593285588879624
0.00041639349168224725
0.001213195635760215
0.003158397372263256
0.007484547930607137
0.016400869434507206
0.03365032686325649
0.06528276187514077
0.12069347095966923
0.21397982213796773
0.36567049144602987
0.6048824250403542
-0.7606956429893215
-0.4388923596156299
-0.2446384053988306
-0.13111975515744115
-0.06718839675027329
-0.032682311483189445
-0.01495647721862373
-0.006365571596365005
-0.002481663734374016
-0.0008681401166230951
-0.000264649764297805
-6.721090038044723e-05
-1.3031828840200069e-05
-1.2983315780992093e-06
5.957878880429684e-07
9.13642068887343e-07
1.0934733017862473e-06
1.2653417803474403e-06
1.4314524576094415e-06
1.5921421427019645e-06
1.7776217076072858e-06
2.4491856419277146e-06
6.8270890448143086e-06
2.9149977329835847e-05
0.00011643696324597836
0.0003957725060915767
0.0011642304860232087
0.0030440616089438283
0.00723145185139911
0.01587278338702356
0.03260765765316368
0.06332273724517001
0.1171644934932986
0.20786197421000033
0.3554124955204094
0.5881834772328767
-0.7676546509734165
-0.4434118287239477
-0.2474840693306406
-0.13285023497726425
-0.06819995326895693
-0.03324740014612819
-0.015255948020811391
-0.00651472506730145
-0.0025506419169147396
-0.0008973101731335184
-0.0002757388514420284
-7.098573101994778e-05
-1.429635632602947e-05
-1.919718674621627e-06
1.784562466007712e-08
2.3460993415591254e-07
2.933792859178441e-07
3.4630540589475626e-07
3.9742445680024093e-07
4.4707081777758735e-07
5.233902797575593e-07
1.0613193365182372e-06
5.122940598315979e-06
2.6329394552975776e-05
0.00010985785175392126
0.0003782117538312024
0.0011184629433055589
0.002933054747842342
0.006981809891117135
0.0153482705966836
0.03156867475994171
0.061366505913306765
0.1136394102277817
0.2017481153071424
0.34515857736566363
0.5714886898635486
-0.7746147161632243
-0.44793223377682817
-0.25033055055855147
-0.13458141605741514
-0.06921209762488365
-0.03381296583591381
-0.015555787652138256
-0.006664141782357941
-0.002619780371244867
-0.0009265401417912222
-0.00028679010377992295
-7.462759258802516e-05
-1.5335393163856514e-05
-2.225706235077653e-06
-1.5740090310751796e-07
4.2957046073552444e-08
6.273533921715509e-08
7.617723461329976e-08
8.915010465065128e-08
1.0198589848607348e-07
1.4076532599881852e-07
6.140668851427365e-07
4.425800697279488e-06
2.4579602324490268e-05
0.00010441070012463636
0.0003618415180594828
0.0010739418610139315
0.00282334767841573
0.00673351844107037
0.014825156422450678
0.030531135976010086
0.05941176157122866
0.11011585421985623
0.1956358213169936
0.3349062591660563
0.5547955348790997
-0.781575195782434
-0.4524530089020817
-0.2531773584824521
-0.136312881437818
-0.07022448486597016
-0.03437873397641263
-0.015855790280377285
-0.006813683021171131
-0.002689005856821794
-0.0009558206298313912
-0.00029785634428151637
-7.824989174660306e-05
-1.6321297664553764e-05
-2.4459721763414896e-06
-2.153171751884678e-07
-7.37595395643725e-10
9.696984488211704e-09
1.2321355094233642e-08
1.4834098486159757e-08
1.7564733834428624e-08
4.452888996678067e-08
4.77947069012836e-07
4.063556903439558e-06
2.3187489029584348e-05
9.934302960974613e-05
0.00034587158493740497
0.0010298409222616247
0.0027140796127725505
0.006485683874405583
0.014302516030552697
0.029494086892720827
0.05745752186745477
0.10659281680725122
0.18952405889853605
0.32465448453386536
0.5381029344771466
-0.7885358099917534
-0.45697390515032776
-0.25602427436785125
-0.13804444192384835
-0.07123695466243625
-0.03494457242766619
-0.01615585128036926
-0.006963270998358565
-0.002758266753017333
-0.000985125506357613
-0.00030893625675967786
-8.187545199533647e-05
-1.73003579920666e-05
-2.649594304153645e-06
-2.4709561662311525e-07
-9.106012096568922e-09
8.67625576855462e-10
1.251619369418413e-09
1.5757610199304144e-09
2.167139712404798e-09
2.497630322307028e-08
4.2586575785731693e-07
3.7924006471874105e-06
2.1893206681806962e-05
9.437962782845251e-05
0.0003300120527123192
0.0009858562109466328
0.002604933295483936
0.006237976271389536
0.013780007511974567
0.02845717428679944
0.055503422939473704
0.10306992416324093
0.18341244493585201
0.3144028617390036
0.5214104889884557
-0.7954964575122851
-0.4614948315873033
-0.25887121739225466
-0.13977602657191568
-0.07224944571672973
-0.03551042930529531
-0.016455927948042803
-0.007112871957291321
-0.0028275380177797383
-0.001014438211030027
-0.0003200215297211357
-8.550397782225132e-05
-1.8280061750426276e-05
-2.8516104732584e-06
-2.7509146757648553e-07
-1.1587964322693552e-08
-4.4152646530656835e-11
5.7822765389063794e-11
7.896332694890406e-11
3.439282357369563e-10
2.073818421647022e-08
3.907662417503088e-07
3.539820755514821e-06
2.0619022510359825e-05
8.94377732774595e-05
0.00031417544401372404
0.0009418957266965413
0.002495812436040851
0.005990295284241869
0.013257526694529887
0.027420290394518782
0.05354935366488288
0.09954706203961261
0.17730086228778388
0.304151270980234
0.5047180761845751
-0.8024571104349701
-0.466015762950776
-0.26171816487887806
-0.14150761522930444
-0.07326194033882488
-0.036076289320585084
-0.01675600733461466
-0.007262475227738791
-0.0028968111980519832
-0.001043752446586131
-0.0003311079603188607
-8.913329941673614e-05
-1.9260210786384595e-05
-3.053732808716375e-06
-3.028657523635299e-07
-1.3531996588840151e-08
-1.1303584217944659e-10
5.175309634387902e-13
8.746195446116004e-13
2.1026463472692465e-10
1.8449073249715658e-08
3.578638151214408e-07
3.2896746560327734e-06
1.9347497455089738e-05
8.449879178790414e-05
0.00029834191094310126
0.0008979385092622308
0.00238669502322263
0.005742617912149423
0.012735049649192058
0.02638341042001789
0.051595288442365994
0.09602420409097367
0.17118928392624186
0.29389968460814847
0.488025667856158
-0.8094177637801019
-0.470536694701619
-0.26456511271865624
-0.14323920420649322
-0.07427443524822605
-0.036642149591547706
-0.01705608694608703
-0.00741207869317524
-0.00296608454426247
-0.001073066819890546
-0.00034219450133577046
-9.27627049620849e-05
-2.0240418165691306e-05
-3.2558887408124086e-06
-3.306497478835476e-07
-1.5462714488109763e-08
-1.4644037633735602e-10
-5.552593743633672e-15
1.074714999381517e-14
1.734077476314696e-10
1.6275490070544248e-08
3.250947765485883e-07
3.039678944069937e-06
1.8076138925996816e-05
7.955999210237867e-05
0.0002825085740935559
0.0008539815016052398
0.0022775778328771655
0.005494940774364365
0.012212572849135444
0.025346530700911238
0.04964122348449556
0.09250134641537261
0.16507770584526835
0.28364809852330125
0.471333259820788
-0.8163784171327956
-0.4750576264594292
-0.2674120605648215
-0.14497079318950404
-0.07528693016289925
-0.03720800986724723
-0.01735616656177613
-0.007561682162323212
-0.0030353578936942326
-0.001102381195940947
-0.00035328104463833556
-9.639211234771645e-05
-2.122062695486675e-05
-3.458045667321605e-06
-3.5843433731963145e-07
-1.739364076481956e-08
-1.7968270777969097e-10
-1.0811749831306384e-14
5.3623717488409615e-15
1.3773505289742323e-10
1.410340183000904e-08
2.9232752870217655e-07
2.7896853036628764e-06
1.680478273433054e-05
7.462119500519225e-05
0.0002666752400683034
0.0008100244969935377
0.0021684606457830265
0.005247263640021711
0.011690096052697352
0.024309650985584262
0.04768715853055101
0.08897848874382867
0.1589661277684682
0.2733965124427288
0.45464085178977925
-0.8233390704936917
-0.47957855822488904
-0.27025900841809863
-0.146702382179104
-0.07629942508365373
-0.03777387014853518
-0.01765624618257574
-0.007711285636118745
-0.0031046312473255646
-0.001131695575757885
-0.0003643675912893641
-0.00010002152267869663
-2.220083830123442e-05
-3.6602047778250977e-06
-3.862207525105451e-07
-1.9326049515363588e-08
-2.1407919053094326e-10
-8.568581597699354e-13
-5.424040755230256e-13
1.0180342360893177e-10
1.1931323143563727e-08
2.595605439400288e-07
2.5396921649117826e-06
1.5533427267933465e-05
6.968239884192978e-05
0.00025084190717067123
0.0007660674936881932
0.002059343460159025
0.004999586507298016
0.011167619258012082
0.02327277127212902
0.04573309357858214
0.08545563107434942
0.15285454969380677
0.263144926364354
0.4379484437610123
-0.8302997243392929
-0.4840994904440871
-0.2731059566950078
-0.14843397156309052
-0.07731192037041007
-0.03833973076830112
-0.017956326115190303
-0.007860889395926985
-0.003173904862028165
-0.001161010192565458
-0.00037545435171119836
-0.00010365112442145861
-2.3181219561165236e-05
-3.862513164478303e-06
-4.1413666724297845e-07
-2.1369042004470337e-08
-3.4100441412420426e-10
-7.703745292732779e-11
-6.009133163235473e-11
2.2343215222609698e-11
9.730327654795978e-09
2.2677839334709765e-07
2.289696750496209e-06
1.4262081555232977e-05
6.474362360091974e-05
0.00023500860550304206
0.0007221105310597974
0.0019502263237981122
0.004751909431562744
0.010645142527179765
0.022235891628530447
0.04377902870161287
0.08193277348415184
0.14674297170184833
0.2528933403712428
0.42125603581920856
-0.8372603847733974
-0.4886204288544355
-0.2759529107770935
-0.15016556637765838
-0.07832442072453144
-0.03890559610359443
-0.018256410422873296
-0.008010497201723444
-0.0032431822050174985
-0.0011903282313370039
-0.00038654423915297184
-0.0001072835696188518
-2.4164172089145164e-05
-4.067132011324418e-06
-4.4411361303800663e-07
-2.5235015151750944e-08
-2.0642386173632765e-09
-1.5342340747055562e-09
-1.2967420594576176e-09
-1.0416832925828055e-09
6.7259226415655754e-09
1.9336261127876736e-07
2.0392261039284064e-06
1.2990407630977537e-05
5.980465579022612e-05
0.00021917523552887478
0.0006781536130092831
0.0018411093335207749
0.004504232592038014
0.010122666111306232
0.02119901236726018
0.041824964262962686
0.07840991637688544
0.14063139422605442
0.24264175491615067
0.4045636284258999
-0.8442210885602836
-0.4931414081578629
-0.27879990336531296
-0.15189719738417276
-0.07933695502916968
-0.03947149322073287
-0.01855652441648741
-0.008160132670294794
-0.0033124852603832796
-0.0012196701048443356
-0.00039765615644764924
-0.00011093631254404742
-2.5165762977606388e-05
-4.288802609111051e-06
-4.896284580131315e-07
-4.319779349905839e-08
-1.651594182091315e-08
-1.4424321277432345e-08
-1.2743462729223006e-08
-1.1165716883673716e-08
-4.261184376649493e-09
1.5296867450339947e-07
1.78270909217116e-06
1.1713546373269888e-05
5.4861286920037204e-05
0.00020333817801138873
0.000634193648173846
0.0017319898644591303
0.004256553768971813
0.009600188134376285
0.02016213189466077
0.03987089888995284
0.07488705853947111
0.1345198161515665
0.23239016892106068
0.3878712204785316
-0.8511819797518702
-0.4976625648848282
-0.2816470637015309
-0.1536289867687691
-0.08034963864759662
-0.04003753089298969
-0.018856770512172712
-0.008309892093513228
-0.003381904428595099
-0.0012491205550197336
-0.00040886941985549425
-0.00011468347665058445
-2.6255155738655433e-05
-4.591961393804579e-06
-6.106234272868742e-07
-1.3093825660936086e-07
-9.534851332448765e-08
-8.660408338986585e-08
-7.869428799102965e-08
-7.131390782179283e-08
-6.109812456953216e-08
7.059360565307214e-08
1.4877740263660093e-06
1.0401524516468744e-05
4.988570928263652e-05
0.00018747155793550008
0.0005902064613657427
0.0016228452083874832
0.004008851488235202
0.009077688123492446
0.019125230506200915
0.037916813413552936
0.07136418110551399
0.12840821868176006
0.22213856342625335
0.37117879262142417
-0.8581434895451814
-0.502184309332603
-0.28449478185828914
-0.1553613050542821
-0.08136282322796198
-0.04060404256885235
-0.0191574646337768
-0.008460074545608954
-0.003451722609288295
-0.001278946981926158
-0.00042043660488958286
-0.00011876348792415025
-2.7657301853086485e-05
-5.188760363801255e-06
-1.0071260593528513e-06
-4.770345055689192e-07
-4.163656393022765e-07
-3.857778141694092e-07
-3.5742914168077843e-07
-3.310168325166234e-07
-3.0524114941583255e-07
-1.8781954431531615e-07
1.0270882374102177e-06
8.93305864891644e-06
4.476201370131623e-05
0.00017146416533695533
0.0005460848668106792
0.0015135715286990034
0.0037610245873663174
0.008555066915315324
0.018088210362641202
0.035962610643601026
0.06784118685890715
0.12229650389956055
0.21188683913866416
0.35448624351050045
-0.8651066939233475
-0.5067076691734181
-0.2873440388289615
-0.15709508818727144
-0.08237740130205463
-0.04117187899738169
-0.019459417379675523
-0.00861145210631576
-0.003522674995597538
-0.0013098493241421102
-0.00043302402761519567
-0.00012381067195975213
-2.9976168488580485e-05
-6.654440302402911e-06
-2.227282796080964e-06
-1.6041706837629013e-06
-1.4784212076019078e-06
-1.388601188873344e-06
-1.305037529412598e-06
-1.2274298698863341e-06
-1.1565435540849535e-06
-1.0264540297695955e-06
1.0506468790334244e-08
6.930409469006712e-06
3.912323478643004e-05
0.00015495817669512117
0.0005014785508140875
0.0014038243894822422
0.0035127328761938824
0.008031986933370866
0.01705073486916185
0.03400795333488867
0.06431773627201055
0.11618432836285349
0.201634647069661
0.3377932169785678
-0.8720739495332381
-0.5112349032226661
-0.2901969990632651
-0.15883240971758122
-0.08339535898564714
-0.041742942326080855
-0.019764450394904497
-0.008765769384003743
-0.003596432625029347
-0.001343428514112495
-0.0004481659812175827
-0.00013129614848494476
-3.462316771695707e-05
-1.0344171427654232e-05
-5.573487803701089e-06
-4.765430707566498e-06
-4.488754686704011e-06
-4.259935030047865e-06
-4.047467429758373e-06
-3.851053956488628e-06
-3.6735250350805384e-06
-3.4753141091194772e-06
-2.566925901769546e-06
3.410206188637336e-06
3.200411978208931e-05
0.0001370029914843623
0.0004554480992786256
0.0012926720972661894
0.00326304891607126
0.007507521528034851
0.016011874699359097
0.032051906018430595
0.06079288426745542
0.11007073392008461
0.19138101252770226
0.32109871832829545
-0.8790499371258936
-0.5157705129246231
-0.293057991378107
-0.16057743251414344
-0.08442069987909136
-0.042321083566115886
-0.020076268780838426
-0.008926592249650738
-0.0036764288175591808
-0.0013829920002048726
-0.00046905072185088564
-0.00014429566083493233
-4.4568209448963074e-05
-1.912870962032489e-05
-1.382402232748588e-05
-1.2653300581235523e-05
-1.2060736234327726e-05
-1.1540713043355614e-05
-1.1059895490804419e-05
-1.0617988077313658e-05
-1.0219886308776762e-05
-9.852381624603322e-06
-8.984151236852144e-06
-3.874133469598935e-06
2.1183767101582075e-05
0.00011539670941418186
0.0004058039338155317
0.0011779307161693393
0.0030097877342297177
0.006979478010256841
0.014969422768506319
0.030092240534429493
0.05726437493097933
0.10395343022313189
0.1811236040514118
0.3044003683056586
-0.8860432737223748
-0.5203228113432821
-0.2959350368210843
-0.16233789754883085
-0.08546089681920718
-0.042913519359925614
-0.02040184492620683
-0.009100660778948597
-0.0037691832765129247
-0.001434851054050854
-0.000501793030124135
-0.0001687394392678569
-6.556891426354511e-05
-3.8605006451859094e-05
-3.242710960307024e-05
-3.0579215876288626e-05
-2.9380954429568557e-05
-2.8304617487162014e-05
-2.7315038321879153e-05
-2.6411923864345928e-05
-2.5602234701507273e-05
-2.4899120268597016e-05
-2.392943026656865e-05
-1.9569607945241687e-05
2.044499924247282e-06
8.553903461110427e-05
0.0003479511988268225
0.0010549988901975072
0.0027483295336071796
0.006443206201235169
0.013918686575390566
0.02812421011858946
0.0537273952945317
0.09782752615951834
0.17085744044321471
0.2876930836873124
-0.893068889457733
-0.5249062448291123
-0.298842118063861
-0.16412734392028033
-0.08652906543738197
-0.04353296197742545
-0.020753507845230744
-0.009299940836201675
-0.0038863188220558736
-0.0015103055574543047
-0.0005573899552573963
-0.00021534180619761463
-0.00010807698354606
-7.898224805670428e-05
-7.136952629162213e-05
-6.832764955824427e-05
-6.60516843199253e-05
-6.399183126857613e-05
-6.211109246733184e-05
-6.040917727680477e-05
-5.88951113649914e-05
-5.76084021629498e-05
-5.633407186052813e-05
-5.2566068633289696e-05
-3.428218144793348e-05
3.856271329646161e-05
0.00027300378067555075
0.0009149515400778364
0.0024696901635172484
0.005889642773092271
0.012850503509165475
0.026138532771317703
0.050172523863995684
0.09168344063482545
0.160572760902613
0.2709669038609021
-0.9001514027896842
-0.529544701059063
-0.3018024242453059
-0.16596829447196565
-0.08764709452438024
-0.04420069839935658
-0.021151974951313768
-0.009544612510161731
-0.00404751046097371
-0.0016285576779206062
-0.0006546030681615232
-0.0003024559786263037
-0.00019006952307562295
-0.00015789367167676538
-0.00014797288378360892
-0.0001429408298519049
-0.0001388680136503083
-0.00013518254433838892
-0.00013184559276960668
-0.00012885687073456046
-0.00012622746898229817
-0.00012402325293970216
-0.00012218741728551528
-0.00011883141512104457
-0.00010377497760855146
-4.155399881539973e-05
0.0001648646486982277
0.0007415841060832306
0.0021575252924834463
0.005302271379916517
0.011748152966798495
0.024118251389774963
0.04658253479403953
0.08550364681854325
0.15025170537123272
0.2542036032975041
-0.9073297684264919
-0.5342760788071443
-0.30485284785991085
-0.16789668507359623
-0.0888500129798648
-0.04495090021007066
-0.021630610168232162
-0.00986728171876528
-0.004284655760098879
-0.0018208462859137878
-0.0008240621976677881
-0.00046015239848810045
-0.00034110724262497496
-0.00030443990965900816
-0.0002909273917358813
-0.00028274819845966654
-0.000275848270904319
-0.0002696336266970673
-0.0002640636054816966
-0.00025913792147879187
-0.0002548697305184527
-0.0002513512560233857
-0.0002486838651612283
-0.0002455965159590314
-0.00023375088177461883
-0.00018226387434363924
-4.104403862113577e-06
0.0005070232925832552
0.0017836768812662129
0.004652599584123559
0.010582758457624818
0.022034055775480337
0.04292763452363059
0.07925781813235167
0.13986336459873078
0.23737164042001627
-0.9146635159207175
-0.5391584395866276
-0.3080500562858271
-0.1699678628723728
-0.0901919216242552
-0.04583649580737559
-0.02224124337535163
-0.010318753727105329
-0.004647609274421186
-0.00213614913048995
-0.0011139421910680825
-0.00073587691548018
-0.0006079808984660675
-0.0005648305290196539
-0.0005459353320784241
-0.0005330186563947705
-0.0005219018803479487
-0.0005119689300328463
-0.0005031773138835733
-0.0004955267485507012
-0.000489032454945381
-0.0004838130144861433
-0.00048012796682952064
-0.00047732377492830765
-0.0004689040543358903
-0.00042856673445620236
-0.00027928276312110266
0.00016543624434510283
0.0013017847013460685
0.003893665879737749
0.009306683294043147
0.019837560155037366
0.039158614289407756
0.0728958489187554
0.12935666212930813
0.2204188940701666
-0.9222409433820942
-0.5442781092025503
-0.3114785098590653
-0.17226452957094762
-0.09175387036251414
-0.04693699013421333
-0.02306194138926211
-0.010975764061088536
-0.005211882074832732
-0.0026488596631953827
-0.0015976257162316227
-0.0012021082494634277
-0.0010623720981201962
-0.0010100568606091504
-0.0009834045946595779
-0.0009636834881721918
-0.0009465903568315482
-0.0009314870352001936
-0.0009183292005025628
-0.0009071165718192136
-0.0008978664351423488
-0.0008907237298863232
-0.0008861061681965639
-0.0008839777179516093
-0.0008796839369004078
-0.0008515037721151782
-0.0007324102090636173
-0.0003557222413076336
0.000638391291686335
0.0029509937116934015
0.007844324991290043
0.017451929278316118
0.03519729924020585
0.06633811788988533
0.11865042340272303
0.20326252957967184
-0.9301896801740381
-0.549760148254968
-0.31526085101621065
-0.17490706004232662
-0.09365411710395886
-0.04836867473610318
-0.02420717999157573
-0.011951123338310603
-0.006088770214803557
-0.0034689099732652037
-0.0023838314980493534
-0.0019665023608753593
-0.0018110246374621961
-0.0017461011356303968
-0.001708706445901053
-0.0016796535953231989
-0.0016545148368866903
-0.0016326299136217323
-0.0016139526715430851
-0.0015984828321612937
-0.0015862397465496111
-0.0015773947121182168
-0.0015725236135014327
-0.001572207923503541
-0.0015736351420690526
-0.0015596652339384708
-0.0014732732222153305
-0.0011675854786991435
-0.0003191340957264385
0.0017103042983970529
0.006079606134301287
0.014759136496890871
0.030923562894346918
0.059462248130920506
0.10761987047112077
0.18577521736775282
-0.9386900847644267
-0.5557816647294971
-0.3195711449376245
-0.17806668433862102
-0.09606126444945595
-0.0502977324396724
-0.02584092991168571
-0.013406797867936067
-0.007438443260274829
-0.004754880560422547
-0.0036297586470317084
-0.00318508464801904
-0.003008997879593092
-0.0029272643589877104
-0.0028755912095157913
-0.002834336297374687
-0.002798947312859556
-0.0027687419074682606
-0.0027436720960058872
-0.0027237376024129654
-0.002708959842843802
-0.0026995364727043997
-0.002696201549117974
-0.002700154049814553
-0.002710423416934208
-0.002714450632885728
-0.0026652127584084868
-0.0024356435435395982
-0.0017386383334856822
1.1862933666858416e-06
0.0038393432257009374
0.011583018485486438
0.026158054421651172
0.05208549362977123
0.09607865446349634
0.16776679802748393
-0.9479919990924662
-0.5625884989923402
-0.32465151131673664
-0.18198208238071936
-0.09921083344758422
-0.052956806321421364
-0.028193237154245484
-0.015570517483002769
-0.009486595772900223
-0.006730711615168321
-0.005557873882758222
-0.005079129259784036
-0.004876654302943886
-0.004773278238884931
-0.004703440723711867
-0.004647044462770372
-0.004599412583660901
-0.004559840646348977
-0.004528278834430011
-0.00450472687427452
-0.00448920824711786
-0.004481946966361858
-0.004483835261618629
-0.004496689615543938
-0.004521381412473423
-0.004549932652484158
-0.004545322433951353
-0.004400291885149725
-0.003864099604155986
-0.0024242021194375556
0.000871549915742482
0.007667163460418234
0.020639655704264567
0.043941749034182596
0.08375540189296267
0.14896034903711441
-0.9584354388799473
-0.5705158717623805
-0.3308327493488966
-0.18698000531981138
-0.10342590068474684
-0.05666567188234039
-0.031580949614206
-0.018756575951795886
-0.01254534087367268
-0.009706709090576783
-0.008477049469758037
-0.007956448251527925
-0.007721119233074144
-0.0075909548504571695
-0.0074991272925735
-0.007425084103917131
-0.007364023849393821
-0.007315219997436752
-0.007278620900431657
-0.007254226287179039
-0.00724206170399531
-0.007242377522278121
-0.007256224144128477
-0.007286035557127889
-0.007334525087807559
-0.007398295753912841
-0.007450328691454791
-0.0074031724069457214
-0.007042448751332443
-0.00591845420316321
-0.003182402957647635
0.0026465328813131414
0.013996545344140859
0.034652036609061666
0.07026360520800645
0.12896145954933722
-0.9704758602471499
-0.5800136489533025
-0.3385596237655524
-0.19350060572946684
-0.1091424956009942
-0.061856724453319155
-0.03643331753765488
-0.02339156745995967
-0.017039105712151784
-0.014105622124481538
-0.012808845558497463
-0.012237901810708414
-0.011963041918791663
-0.011801221528220999
-0.011684345360684724
-0.011591405799825151
-0.011517476847853342
-0.011461809881670138
-0.011424351422451592
-0.011405101201428203
-0.011404086829997426
-0.011421585037552738
-0.011458804398684044
-0.011518796405898592
-0.011606116327923145
-0.011721948200171353
-0.011849275196290098
-0.011920453201029304
-0.011757467318205865
-0.010973453976448886
-0.008822990912914504
-0.003988429294439096
0.005709597750145954
0.02368717219039177
0.05506353264736994
0.10721936118129465
-0.9847147067813313
-0.5916769436542311
-0.34842154872646863
-0.2021282304088629
-0.11694052920368862
-0.06910607081867767
-0.04332327505464251
-0.030045885052047444
-0.023536373816166377
-0.020494656296759565
-0.019119821349674194
-0.018490034327616513
-0.01816958350875336
-0.01797248774797184
-0.017829384299752053
-0.01771881038688464
-0.01763571544888596
-0.017579328771124506
-0.01754959504356667
-0.017546513999872927
-0.017570115316521785
-0.017620702080902554
-0.017699641040094014
-0.01781060119152918
-0.017959979746130363
-0.018153541756979502
-0.01838427243535931
-0.018604335044257327
-0.018672077940360535
-0.018263477502378875
-0.016736475009415004
-0.012936600691240566
-0.004933312835940051
0.010321150317362682
0.037414667478879816
0.08297839436067782
-1.0019360078393025
-0.6062828449383004
-0.36118947861449907
-0.2136285046439696
-0.127581103275313
-0.07917109485080823
-0.05300529372086712
-0.039471893560460006
-0.0327882088882164
-0.029624379773406498
-0.02816085506617616
-0.027464839675429002
-0.02709465911982145
-0.026861395463653924
-0.02669441849419831
-0.026571810273393583
-0.026488395678061397
-0.02644338190203792
-0.026436711804079843
-0.02646838512027764
-0.026538433592190873
-0.026647186665204672
-0.02679616925888672
-0.026989667875595758
-0.02723592166844968
-0.02754527670819869
-0.027920720243761365
-0.028334222916362815
-0.02868049633556013
-0.028698356830144107
-0.02784910922116391
-0.025141462801326436
-0.018893701017969288
-0.006426382318891331
0.016317012095260236
0.05521811158840416
-1.0231498683352998
-0.6248341356450805
-0.37785989024429234
-0.22899261527425813
-0.14205113072990497
-0.09303545158805918
-0.06646078674873172
-0.05264978042139907
-0.04577458863804636
-0.04247557658745366
-0.04091455311406556
-0.040147762682983035
-0.039727568053352084
-0.03946211449888643
-0.03927950433964979
-0.039157364476729434
-0.03909039522425234
-0.03907778168452229
-0.03911946488508635
-0.03921544456446495
-0.039365754529298726
-0.0395707505829686
-0.03983211581753118
-0.04015475424027094
-0.040548746946501346
-0.04102902102464087
-0.04160856576124393
-0.042279159175773254
-0.042971876130656006
-0.04348837290476384
-0.043393317861092434
-0.041858599355283924
-0.03745132599392905
-0.027860376433501657
-0.009560591785508388
0.022580130965821947
-1.049643762561378
-0.6486109367651006
-0.3997068196884485
-0.24948978183799622
-0.16161628295499736
-0.11196253265082545
-0.08495213437509065
-0.07084218287177549
-0.06375967568622072
-0.06031520312671639
-0.058651934032005706
-0.057815152423387056
-0.057351258300496
-0.057065460146459565
-0.05688459281413331
-0.05678582804375279
-0.05676374158675028
-0.05681749645389725
-0.05694703184153107
-0.05715234749060216
-0.0574334792728322
-0.05779080934959796
-0.05822617898544492
-0.05874510969258332
-0.05935952450852215
-0.0600889315393482
-0.06095632210925172
-0.06197328161593303
-0.0631072481746894
-0.06422271801447331
-0.064987723040227
-0.06473733067052778
-0.06228747467121961
-0.05569535390745124
-0.041967169401588685
-0.016720344486008672
-1.0830426197001253
-0.6792312945530316
-0.42834299883226473
-0.27672899040965104
-0.18788336877277062
-0.13755853816754401
-0.11008649659318075
-0.0956587893281694
-0.08835725543120627
-0.08476271033009139
-0.08299968285786669
-0.08210249659202785
-0.08161158877270004
-0.08132923109242363
-0.0811809909368459
-0.08114358488535078
-0.08121146412667588
-0.08138376958006026
-0.08166043861063166
-0.08204147096177047
-0.08252690457027945
-0.08311714795553113
-0.08381420055455993
-0.08462420138450183
-0.08556091542506138
-0.08664843179999365
-0.08791974387112474
-0.08940624441439256
-0.09111173479796447
-0.09296355120087382
-0.0947330890700093
-0.0959185948868836
-0.09558482757659367
-0.09215730621296331
-0.08317359172921793
-0.06500063380588192
-1.1253787666087929
-0.7187218080006339
-0.4657912218815234
-0.31273115348853875
-0.22287334205558648
-0.17184638646313444
-0.1438906792599914
-0.12913221625915197
-0.12160767803266814
-0.11786810512784976
-0.11601938637203747
-0.11508488489892435
-0.11459907518912515
-0.11436129214459352
-0.11429583568376861
-0.11437896722518262
-0.11460501339487841
-0.11497309302056279
-0.1154831416361538
-0.1161351589874618
-0.11692918507637057
-0.11786565478024852
-0.11894672570861896
-0.12017915438354358
-0.12157854772692253
-0.12317357588017916
-0.12500723424277538
-0.12713072296888672
-0.12958420667955062
-0.1323578615038813
-0.1353264464307139
-0.13815138700449645
-0.140146267309579
-0.1401049266284603
-0.1360962858052252
-0.12523682086854573
-1.1791728741702148
-0.7695994788015521
-0.5145671603569886
-0.3600129514388549
-0.2691062310273833
-0.2173517926375888
-0.18889842336787951
-0.1738065695657561
-0.16606775331662613
-0.16220324028730945
-0.1603002792994453
-0.15937127304292426
-0.15894473323885053
-0.1588170579985911
-0.158911279773377
-0.15920320482088865
-0.1596870352044743
-0.16036186766030835
-0.16122763589109917
-0.16228433964508715
-0.16353202098923708
-0.1649711411589133
-0.1666040159361278
-0.16843801934786817
-0.17049060025823012
-0.17279500982630522
-0.17540424548919129
-0.17838931477930142
-0.18182674557054318
-0.18576955394211153
-0.1901958624247883
-0.19493027562595658
-0.19953520278921966
-0.20317280340575133
-0.20444335823049564
-0.20121286964027255
-1.2475271370093164
-0.8349660534276361
-0.5777749366046016
-0.421683706507794
-0.3296993818637726
-0.2772029508220996
-0.2482515950307822
-0.23284021137182714
-0.2249151634439977
-0.22096794203362352
-0.2190671559566427
-0.21821424745914297
-0.21793176550271826
-0.2180131714081489
-0.2183802301594576
-0.2190082928534732
-0.21989143699084918
-0.22102873721622765
-0.22242012540110723
-0.22406560129615838
-0.22596520903342693
-0.22811943620627295
-0.23053075676919754
-0.23320716225411386
-0.23616794346731312
-0.23945093258555533
-0.2431191290835741
-0.24726334787202014
-0.25199648007767106
-0.2574343817298027
-0.2636585389011433
-0.27065673526201145
-0.2782402052152633
-0.28593942846074777
-0.29288604566426824
-0.29769558555079245
-1.3342320026548127
-0.9186162174009461
-0.65921686052201
-0.5015567393508374
-0.40848051236031363
-0.35524536233454823
-0.3258168654711475
-0.3101243691866245
-0.3020690785930979
-0.2981127095964075
-0.2963052310067898
-0.2956371246265301
-0.2956249766577119
-0.2960593116305288
-0.2968606270617952
-0.2980038188874885
-0.2994828400455673
-0.3012967430891414
-0.3034454580584998
-0.3059289847067429
-0.30874736923099755
-0.31190112558261984
-0.3153928858885995
-0.31923125918577544
-0.3234373782226348
-0.32805365619360544
-0.33315309461105697
-0.33884631576387775
-0.3452825740317155
-0.3526405653939267
-0.36110513946518646
-0.3708272589787483
-0.38186698349672166
-0.3941231129276304
-0.40725864784813737
-0.4206386433313578
-1.4438878552740981
-1.025161095277085
-0.763518832040243
-0.6042767602616562
-0.5101171781605366
-0.4561734631555409
-0.42631958599387487
-0.41041934462655727
-0.40232878567906255
-0.39847985017674037
-0.39690386692412605
-0.39658035727970226
-0.3970199446860419
-0.398010216882752
-0.3994704039194389
-0.40137494657122796
-0.4037176732133833
-0.40649761430748244
-0.4097146980626047
-0.4133689242342804
-0.4174603410847174
-0.4219894889232676
-0.42695915804940965
-0.43237857500490845
-0.4382707144804462
-0.44468257068811956
-0.45169714717793374
-0.4594448736170145
-0.46811136763787997
-0.47793816516996745
-0.48921347936989856
-0.5022514520338619
-0.5173609678832201
-0.534809147035172
-0.5547903499772399
-0.5774191581306869
-1.5820431509154977
-1.160168606244303
-0.8962730128942435
-0.7354649529286559
-0.6402643643130779
-0.5856808191007138
-0.5554966825883683
-0.5395102032615666
-0.5315322692591385
-0.5279650467259438
-0.5268212244608164
-0.5270693633784361
-0.5282141241618659
-0.5300401577601255
-0.5324654267556135
-0.5354639167626035
-0.539029331593665
-0.543160679618843
-0.547857887216007
-0.5531209541431176
-0.5589499307274637
-0.5653453836363929
-0.5723102613418729
-0.5798544078905941
-0.5880026399154346
-0.5968065326461588
-0.6063590916704082
-0.6168105540335465
-0.628382900620961
-0.6413805073121704
-0.6561949508057426
-0.6733035519608019
-0.6932640206579637
-0.7167117972231019
-0.7443726020545981
-0.777110542921863
-1.7553505957462507
-1.330322324579062
-1.0641994753578465
-0.9018835175111941
-0.8057320287509682
-0.7506307757649198
-0.720270518399454
-0.7043839556746011
-0.6967368172425468
-0.693701494367661
-0.6932720358430761
-0.6944060421396695
-0.6966022111809932
-0.699642257125481
-0.7034428750883226
-0.7079775955229406
-0.7132399976792092
-0.7192290678356412
-0.7259447305388971
-0.7333869855493663
-0.7415558852594196
-0.7504520226944003
-0.7600785044987646
-0.7704457922241292
-0.7815805444455675
-0.793538917410512
-0.8064239187442401
-0.8204055928703533
-0.835742283927109
-0.8528012077441068
-0.8720773045618608
-0.8942110743024307
-0.9200090520056851
-0.9504749982061729
-0.9868659932131346
-1.0307956711441295
-1.971743056066968
-1.5436005964726756
-1.275328642897778
-1.1116215521361164
-1.0146745416458804
-0.9592495727493692
-0.9289457998425859
-0.9134303724800674
-0.9064238618273551
-0.904268884268329
-0.9049408485904196
-0.907386394820702
-0.911098258123218
-0.9158552158658143
-0.9215726956964727
-0.9282237729077639
-0.9358019021868675
-0.9443060477207641
-0.9537361322249042
-0.9640921554621076
-0.9753741718898258
-0.9875828008913977
-1.0007213072837693
-1.0148007701234822
-1.0298496899278053
-1.0459288039618406
-1.0631511218885001
-1.0817064955096232
-1.1018896322163374
-1.1241305877883232
-1.1490276660080414
-1.1773845458604866
-1.210256587544781
-1.249015871804148
-1.295450838858688
-1.3519246491741073
-2.2406309889041536
-1.8094777699454947
-1.5392064481076608
-1.3743042675497443
-1.2768040854762621
-1.2213440578440595
-1.1914317335987397
-1.1766687128293452
-1.1707304082147736
-1.1699296612584136
-1.172223240741996
-1.1765468262487921
-1.1823871901833338
-1.189520173122881
-1.197859935248207
-1.2073790966910312
-1.2180709875758384
-1.229934549998077
-1.2429697048419872
-1.2571764518728197
-1.2725548476131066
-1.2891055378041825
-1.3068319454354822
-1.3257457670684736
-1.3458773451626207
-1.367291998000694
-1.3901127372832411
-1.4145492221903389
-1.4409325233659858
-1.4697555365399424
-1.5017199290366163
-1.537792558903937
-1.57927761150028
-1.6279154877775444
-1.6860259878666888
-1.756721798581568
-2.5731232847218015
-2.1391495026850116
-1.8671242468069442
-1.701327648611943
-1.6036302050508509
-1.5485462667150616
-1.519491777099776
-1.506002786828543
-1.5017095500936164
-1.5028951335178953
-1.5074976658774077
-1.5144418663116233
-1.5232085444655632
-1.5335706041259005
-1.5454409380062009
-1.5587917110773317
-1.573616128901083
-1.589913111481371
-1.607682577871226
-1.626924527838329
-1.6476390199702928
-1.6698267263664484
-1.6934912281887187
-1.718644839503498
-1.7453197447124453
-1.7735858431159994
-1.803576148452345
-1.8355201272797954
-1.8697852134952186
-1.9069271427784573
-1.9477509459958648
-1.9933866602583064
-2.0453872960834105
-2.1058615746317506
-2.177660655945146
-2.264646753185598
