Predicted value
-0.6286309393927034
-0.7236663382291244
-0.7243684065668856
-0.6755951689447142
-0.6023358539056769
-0.5166150055435246
-0.42253692395840825
-0.3198528630855253
-0.20638066013423728
-0.079555683071038
0.0626553956251863
0.22128955240509862
0.3962209447001648
0.586176342982796
0.7888446685058703
1.0010176130125799
1.2187195989609672
1.4373038345839464
1.6515076292912183
1.8554750867861483
2.042769257865469
2.206409054404014
2.338978636266617
2.4328681365438616
2.4807135806202774
2.4761092379176057
2.4146653655892614
2.29547561535345
2.123037766311695
1.9096345635564957
1.6781230108472842
1.4649942159071787
1.323444476693202
1.326033234886986
1.5662850916365585
2.158310260665682
-0.9646443464371779
-0.9749742496781018
-0.8915897802498418
-0.7613839541934578
-0.6113545761629373
-0.45532748851687227
-0.29889357107019965
-0.14292414764181505
0.014020541285969745
0.17412346325366168
0.33936234985762703
0.5110005973309595
0.6893739360758275
0.8738611459515657
1.0629545061556858
1.2543690912623937
1.44515006548531
1.6317544719949768
1.8100993524315148
1.9755819790782572
2.123091003549404
2.247039659304212
2.3414637351977197
2.4002374177230026
2.4174683778356236
2.3881382180436903
2.309053550475595
2.1801638138830053
2.006280960671604
1.7991990178299155
1.58015299527152
1.3824704357020006
1.2541477560029426
1.2599189592637028
1.482166613988678
2.019743218082565
-1.1579225933117387
-1.117232679442268
-0.9822999806928538
-0.8014316343040278
-0.6031652670818707
-0.40279154669900713
-0.20716466714534176
-0.01814801640888153
0.16500503995310856
0.344081255361943
0.5209375066225945
0.6969588963931714
0.8728079310756032
1.0483580459054054
1.2227307453406089
1.3943777551319079
1.561168431574444
1.7204589144809317
1.8691338200575833
2.0036242537768345
2.119918039568587
2.2135895440047975
2.2798872555958223
2.313926915360937
2.3110455869238677
2.2673761732845117
2.180700496611002
2.0516294364651677
1.8851372898944923
1.6924401557518596
1.4931495236685868
1.3175461431948934
1.2086983716736754
1.2239851178060857
1.43536655880808
1.9274650629713106
-1.2389452748621927
-1.1717843868462319
-1.0093185307348653
-0.8006955986960089
-0.5755543262355034
-0.35032930636447496
-0.13291852639797025
0.07395635123276612
0.27041144828364816
0.45784196131234156
0.637942335224188
0.8121416816269298
0.9813239284974447
1.1457309826435071
1.3049718226030222
1.458081326016814
1.603590342812441
1.73958370942712
1.8637362238571822
1.9733286624158326
2.0652571677537006
2.136060003556998
2.181995685950943
2.199215421911785
2.1840797165737937
2.133672531976937
2.04656446281914
1.9238663323394118
1.7705929380430714
1.5973190927478125
1.422051400611306
1.2721531820902172
1.1860393537202056
1.2141944749801674
1.4188509747243645
1.8713848491653164
-1.2350597924323816
-1.158700900862851
-0.9859049681239443
-0.7661361042117982
-0.5297277360534587
-0.2939560659021115
-0.06755071226423945
0.14604387522116447
0.34638480409601186
0.5344948612572707
0.7118832549389826
0.8799673837528472
1.0397715624962536
1.191805987430286
1.3360525542805972
1.4720038383718412
1.5987181605418272
1.7148678350733983
1.8187700783073883
1.908401234923439
1.9814053971389924
2.035118375688901
2.0666372605735233
2.072974042512365
2.051338062658657
1.9995950031879806
1.916947707955332
1.8048736353077366
1.6683317442246137
1.517213818599091
1.367956452905903
1.245143981222623
1.1828122947288784
1.2250003865916472
1.424880999172475
1.841523047202784
-1.1701196012877886
-1.0961183536031824
-0.924817295057917
-0.7055216601850763
-0.4688869780553433
-0.23274960581294507
-0.006468865128417212
0.20592184652955464
0.40349729993646555
0.5869375311876341
0.7575583044532833
0.9167272473902592
1.0655479456474914
1.2047202502671053
1.33450713026954
1.4547569593662113
1.5649456948339369
1.6642166129874925
1.751406748275095
1.8250595180591174
1.8834326396716696
1.9245195815595344
1.9461113650198398
1.9459331068874
1.9218953806131236
1.8725028652416875
1.7974598417418397
1.698501201354389
1.5804553163848363
1.452507126746659
1.329570946796796
1.2335966458983922
1.194512793450452
1.250347740433749
1.4458548786617578
1.8286906313392397
-1.0643798169360776
-0.9998706864877764
-0.8377045802016685
-0.6266022044505437
-0.39720332857614765
-0.16764550701232162
0.052271703639385936
0.25805545767665894
0.4483769929658838
0.6236104404585566
0.7848809857872269
0.9334824262226871
1.0705526607034797
1.1969202876296778
1.3130563640576696
1.4190828468846335
1.514803807633941
1.5997377970190727
1.6731403598462404
1.7340152314758632
1.7811216140397068
1.8129933509109335
1.8279937189126474
1.8244365005377412
1.8008091012859118
1.7561353388753385
1.6905121542445207
1.605843208916593
1.5067697201406034
1.4017606990219877
1.304265849850927
1.233748634138382
1.216297217833151
1.2843488898188167
1.4748495401073627
1.824893107607637
-0.934579890564982
-0.8833457026796439
-0.7347552794764873
-0.5365680508500833
-0.3191052426211799
-0.10057022034504401
0.10897257551010844
0.30469389210490705
0.48493988756124984
0.6498200707909165
0.8002800365939948
0.9375265959530781
1.0626999675996902
1.1767110576445416
1.2801815849510119
1.3734412360311639
1.456549652415701
1.5293224597640147
1.5913503551079589
1.6420090332225454
1.680465878226489
1.705697084941696
1.7165361322472958
1.7117808701619037
1.6903910261251325
1.6518092897000507
1.5964353111717973
1.5262702908687367
1.4457269385706688
1.3625612190672205
1.2888233440356953
1.2416398188314677
1.243518849488316
1.3217097746155884
1.5059339171902266
1.8235285779318173
-0.7941562386644985
-0.7575029532828346
-0.6245366696895003
-0.44172670562138394
-0.23880791602113993
-0.033838252533536006
0.1630130310690439
0.34669523869181534
0.5153055774067363
0.6687324097184473
0.8077584024574584
0.9334985344719192
1.0470736186821323
1.1494421314882612
1.2413317757852118
1.3232276369749567
1.395386504032515
1.457857498544893
1.5104981847704546
1.5529833700169076
1.584811263046212
1.6053187473897177
1.6137241709603807
1.6092218170924824
1.591156231771332
1.5593054501113024
1.514297914391568
1.4581758613621514
1.395094789580485
1.3321100894074616
1.2799429232328041
1.2535319022269817
1.272057888998477
1.357968106781127
1.5343131956286928
1.8194361850166567
-0.6535390675853273
-0.631004121372509
-0.5139727625705035
-0.3473418969772818
-0.1600266133107959
0.030247441310290488
0.21335025300499133
0.3841153837878249
0.5404633578488638
0.6821052543439958
0.809681143216489
0.9242154807914938
1.0267959567963683
1.118403250418329
1.199836738016388
1.2716956821884977
1.3343872825108467
1.3881427456790876
1.4330308254564792
1.46896562782724
1.495712283100372
1.5129005588145867
1.5200625483220787
1.5167157851895854
1.5025166338985616
1.4775092125290894
1.442490445267365
1.3994994894837045
1.3524163606818875
1.3076158982014505
1.2745641904170206
1.2661591548416773
1.2984980431772348
1.3895939871786378
1.5563518908605403
1.8088403035417742
-0.5204973510756912
-0.5104165883766252
-0.40841836771867734
-0.25758972132936786
-0.0858261442491506
0.08964175808923923
0.2588508758498648
0.41661465574218975
0.560744188911285
0.6908160977961092
0.8073502302389756
0.9112862126317933
1.0036710233309734
1.0854895927147796
1.157587021289515
1.2206445942021313
1.2751828026368388
1.3215736077240574
1.36005177663478
1.3907218107261736
1.4135631739791696
1.428442416729976
1.4351462966079251
1.4334546923639155
1.4232751219568753
1.4048606406380304
1.3791278497292776
1.3480790727342054
1.31530909464614
1.286538040410375
1.2700529257160975
1.2768551159605817
1.320192301121267
1.413993438011342
1.5695140318352587
1.7892264565788716
-0.40050416677878625
-0.40045940120850254
-0.3117957713202321
-0.17559585138792466
-0.01856813643524205
0.1426908724946616
0.2984961828631743
0.4437261841114089
0.5761439325716192
0.6952322886754301
0.8014140024950364
0.8955525044570187
0.9786510537923773
1.0516866710777604
1.1155309134724316
1.1709222829873238
1.218465314383458
1.258639702546245
1.2918097626805924
1.3182305878716434
1.3380528724901963
1.3513337025937144
1.3580655962461954
1.358240275665196
1.3519662085529467
1.339658501659641
1.3223143172575917
1.3018740057787899
1.2816442630861558
1.2667206744971413
1.2642879570197436
1.2835910484229287
1.335251867128063
1.4294469125015048
1.5722505280107963
1.7591769753609063
-0.2971015339629991
-0.3042680640406838
-0.2267679519222646
-0.10352543484685303
0.04007435549331617
0.18818513712805868
0.33149499527268544
0.4650215272121004
0.5865347440052081
0.695461492131408
0.7921502871239449
0.8773987819806522
0.9521668255983834
1.0174158171852996
1.0740297881515488
1.1227855633840154
1.1643488759182672
1.199280949886937
1.2280463769072105
1.2510185984212152
1.2684843589536816
1.2806533046036268
1.2876833863037447
1.289736457975034
1.2870805791266282
1.2802546804821344
1.270305491352551
1.2590933643283233
1.249639539532592
1.2464483311543995
1.2556786715306056
1.2849544286005439
1.3424848981048434
1.4350077238711432
1.5638568871901455
1.7181877301251105
-0.21224966612729762
-0.22366060293212991
-0.1549285127115218
-0.04270378563297984
0.08905869357606007
0.22535695718025364
0.3573312891876187
0.48020196792062037
0.5917942157770839
0.6915130900645171
0.7796547048087397
0.8569622253748279
0.9243546960771278
0.9827735356327592
1.033105399111662
1.0761512569722704
1.1126203704855575
1.1431348499950236
1.1682362060925862
1.1883902417587757
1.2039911668507606
1.2153701326249882
1.2228174008151564
1.2266306500635276
1.227203629876552
1.2251681465260946
1.2215962777455225
1.2182561818841058
1.2178905808896872
1.2244478372819427
1.2431365124266816
1.2800894266617902
1.3413055447494568
1.4303793735741372
1.5443186844429557
1.6664816952706027
-0.14665029471375132
-0.15939233129914296
-0.09699370873068291
0.0062486297320841246
0.12788915776393528
0.25384338756506286
0.3757676723173992
0.4891378397659332
0.5918757172845605
0.683394897950544
0.7639593321142496
0.8342691519216049
0.895206688302199
0.947691484408542
0.9926061553594218
1.030765369415159
1.0629084008317566
1.089702115855239
1.1117464260808805
1.1295786657614308
1.1436773956329298
1.1544699888372232
1.1623519307189756
1.167728635974779
1.1710919056860127
1.1731415679583297
1.1749564503211452
1.1782050505210881
1.1853618087830704
1.1998556394081241
1.2260183730023666
1.2686160562268216
1.3316286839201597
1.415785819017969
1.514157422550355
1.604830539646721
-0.10003755989065838
-0.11139080586588201
-0.05298621413467612
0.04327895295445895
0.15652168182856765
0.27362841651131725
0.38682092779631444
0.4918731947568052
0.5868382102051054
0.6711643177904377
0.7451015526721424
0.8093181001308299
0.8646645187540434
0.9120383336829914
0.9523138760062747
0.9863119837440232
1.0147917402150972
1.038452277768888
1.0579373317435752
1.073839169329456
1.0867021077970784
1.0970292554954693
1.1052992718976888
1.1120024234824601
1.1177061664456003
1.123158576917619
1.1294312654280767
1.1380893982161235
1.1513518229520538
1.1721649791065445
1.2040553048603753
1.2505403204325978
1.313761528820929
1.3918446788422996
1.4742855479172168
1.5343917287675046
-0.07143301732699207
-0.07896572281418368
-0.022403725971749062
0.06877085708190521
0.1752666132612494
0.28497596594716246
0.39072176741087006
0.48860894221506074
0.5768495352132079
0.6549486713997783
0.7231584772135353
0.78212552176198
0.8326738940828927
0.8756801491116549
0.9120078918495917
0.9424788623339191
0.9678643674242875
0.9888862345895033
1.0062206380502305
1.0205016372526199
1.0323244317404106
1.0422513500585588
1.0508263667214182
1.0586060556264618
1.0662155008451324
1.0744354652610968
1.0843201647586485
1.097330766605662
1.1154449600409948
1.1411635716688684
1.1772762803640962
1.2261641371512761
1.2882998983445828
1.359450114175675
1.4258762782846375
1.456565676317649
-0.05936368268270348
-0.060991069483078565
-0.0043682446320529806
0.08342513980512647
0.18469622986436166
0.2883614468301077
0.38786762229328514
0.4796741648019946
0.5621736461842727
0.6349458558269457
0.698258638921445
0.7527462555287975
0.7992116241323185
0.8385121296556552
0.8714995192905128
0.8989928949036878
0.9217702541039575
0.9405688732881907
0.9560885527999592
0.9689948153643708
0.9799219172351858
0.9894781678030361
0.9982584697282476
1.0068707644919708
1.0159833620605676
1.0263976239171742
1.0391432665385787
1.0555791261026306
1.0774573249189396
1.1068693607900715
1.1459337855173701
1.196000983018334
1.256034211032458
1.3196695416180102
1.3702514548784255
1.3728751831250259
-0.062043825724444904
-0.05605881616808943
0.002245994482352699
0.08815520871046985
0.1855613210658617
0.28440715723770515
0.3787746357088146
0.46549255365981745
0.5431494149778318
0.6114135323756831
0.6705796744538777
0.7212779054250469
0.7642950036243398
0.8004714017623864
0.8306467809002714
0.8556353653357758
0.8762179046105867
0.8931417163187462
0.9071234743621878
0.9188521105994633
0.9289915994927366
0.938185681973663
0.9470686668820177
0.9562879038958215
0.9665435195245005
0.9786482302652567
0.993602614736615
1.0126666207220352
1.037383069100806
1.0694694678231011
1.1104356696903217
1.1607009564885138
1.2178681456078477
1.2736563315286598
1.3087887559652465
1.284867657560213
-0.07752252236742606
-0.06260489465161578
-0.001293651419639337
0.08399892500493845
0.17871925867501393
0.2738248115992684
0.3640329186635408
0.44654870758878984
0.5201663508709922
0.5846527104627127
0.6403382900353946
0.6878557851864695
0.7279804129758659
0.7615380390005835
0.7893566927997214
0.8122444437191342
0.8309820788751183
0.8463229917768209
0.8589956169400677
0.8697060714888519
0.8791407283176222
0.8879704092748069
0.8968596601866033
0.9064857316841572
0.9175716135838409
0.9309344457886884
0.9475429854402093
0.968563042176068
0.9953446817635647
1.0292655344947652
1.0712858538394947
1.1209872355195047
1.1747512906118622
1.2225791357811033
1.2428482139847818
1.1940393355296701
-0.10379985603301224
-0.07900924603760243
-0.013663411974901713
0.07204696602339836
0.16507455759784506
0.2573669583141699
0.3442675017633546
0.4233573282212483
0.49364079031376024
0.55498973365457
0.6077769023255263
0.6526431343303574
0.6903560954143565
0.721729454609623
0.7475803976889691
0.7687102573813013
0.7858980729342369
0.7999004702397335
0.811453827105941
0.8212766855993622
0.8300721267172935
0.8385314901776603
0.8473423115924179
0.8572042414361423
0.8688561820909767
0.8831146276333636
0.9009153558397335
0.9233357095521963
0.9515495113871242
0.9866271914059422
1.0290351180953012
1.0776046151896654
1.127625910338993
1.1675673930520978
1.1737169856451464
1.1017798326349202
-0.1389152020331945
-0.10367240328876497
-0.03354886889401141
0.053386935748767836
0.14553188765362995
0.23578790551916826
0.32010619109116273
0.39643703897059246
0.4639947393751035
0.5227592419466028
0.573149859398192
0.6158197843792377
0.6515325066469723
0.6810917275650861
0.7053048174517033
0.7249662793566579
0.7408523134748437
0.7537207980296855
0.7643132523263866
0.7733570452129535
0.781567582418227
0.7896516031558314
0.7983139463514791
0.8082707919831148
0.8202716245775075
0.8351287076749122
0.8537448497699527
0.8771152028887893
0.906253576298668
0.9419542976859541
0.9842421797834436
1.031279882048043
1.0773871110164104
1.109671805478726
1.1025706627279719
1.0093347954106342
-0.18101129520185041
-0.13507146901505726
-0.05969339930097791
0.029061830308977046
0.12096077636915467
0.2098139638684496
0.29215464444529465
0.3662895924412839
0.4316385250970648
0.4882896034983488
0.5367110197392965
0.5775712877483516
0.6116324361514323
0.6396902019228681
0.6625432619385914
0.6809795258808535
0.6957717730594536
0.7076778106394841
0.7174422861355261
0.7257987124796484
0.7334714775143983
0.7411787611969806
0.7496382780871671
0.7595781833440685
0.7717545129351029
0.78697288385733
0.8061040174032534
0.8300674994993978
0.8597328840379104
0.8956478239324005
0.9374445686636554
0.98269315031408
1.0248551355571245
1.0498381042548213
1.0304490175472703
0.9177841101456148
-0.22837782943962806
-0.17179851477629549
-0.09093166319751088
4.109284348443847e-05
0.09217077996937192
0.18012227101181041
0.2609783669088149
0.3333845485035514
0.39695767223236056
0.4518915196540159
0.4987036355256726
0.5380796550310507
0.5707822042413234
0.5976007828277751
0.6193264991861682
0.6367411144541085
0.6506137700115201
0.6617013705761632
0.6707502839742608
0.6784981989115624
0.6856759646101721
0.6930101666052412
0.7012279748730275
0.7110660187030935
0.7232838869925905
0.7386790407240362
0.7580916256079631
0.7823724314597166
0.8122619033699022
0.8480887323469722
0.889138349166628
0.932458892435622
0.9707581900075433
0.9888921667657969
0.958243894944564
0.82803302115153
-0.2794782191479528
-0.21258441585105128
-0.1262105866262667
-0.032797683031705396
0.059895643052436554
0.14732713196218164
0.22709092803536013
0.29814904970962547
0.36030391459440975
0.4138499550127202
0.45935289625053605
0.4975162245523497
0.5291045917840071
0.5549026859323588
0.5756951121596614
0.5922580459535023
0.6053570264139512
0.6157475861213779
0.6241768637619624
0.6313853067823368
0.6381083478164392
0.6450786718697288
0.6530302834180745
0.6627056199963223
0.674865635375614
0.690298815854615
0.7098166766379086
0.7342079685786693
0.7640984666595233
0.799623892905006
0.8397654782734941
0.881115192049792
0.915724059596891
0.9275344643227155
0.8866969431111051
0.740813556821683
-0.3329629111709315
-0.25631099004855445
-0.16460023497422313
-0.0686783655263509
0.024784870405832535
0.11197264614773977
0.19094748003137002
0.2609620449534976
0.32198992803411014
0.3744191818793378
0.41886109212237044
0.4560367630297635
0.4867137116365752
0.511672931791085
0.5316934897783511
0.5475465898220957
0.5599943709367741
0.5697907831360037
0.577683127728632
0.5844136135767625
0.5907208757661399
0.5973419623409069
0.6050157193412342
0.6144883820694437
0.6265207093595522
0.6418919094336165
0.661387089617605
0.6857395871958567
0.715474178346419
0.7505579170528592
0.789707477447526
0.8291196865949855
0.8602787631224258
0.866341864047617
0.816404975586432
0.656693819213366
-0.3876723102404043
-0.3020140695865503
-0.20529681037029182
-0.10692908890094233
-0.012598843065535978
0.07453035513467557
0.15294256635060957
0.22215217512423982
0.2822871934856334
0.3338205140063989
0.3774051117736841
0.41377862600770776
0.44371174040982514
0.46798257087150447
0.4873654832230201
0.502627328220759
0.5145271479609339
0.523817278782203
0.5312448247067252
0.5375530729939157
0.5434828594574378
0.5497742988154835
0.5571695738662662
0.5664172158208657
0.5782767089464612
0.5935180545728022
0.6129023312170135
0.637113871124933
0.6665893276538043
0.701149751467867
0.7392840988049403
0.7768507112911769
0.8048505833875851
0.8057749436523494
0.7478309397453448
0.5760929250641393
-0.4426320037299165
-0.34887983451425075
-0.2476197769339883
-0.14697995981998585
-0.05177777072495745
0.03540069997058148
0.11341121795584828
0.18199850054243427
0.24142632790255011
0.2922422022113491
0.33513585955918224
0.3708596551402777
0.4001872596650442
0.4238944416533544
0.4427515657670749
0.45752171659461105
0.4689611941020879
0.4778208073292659
0.4848472784575203
0.4907845207358874
0.49637485393175923
0.5023604987663142
0.5094858451600054
0.5185006085666561
0.5301622806790484
0.5452319911438077
0.5644492341542429
0.5884554725372577
0.617611316360037
0.651612920193758
0.6887557463087373
0.7246122732351123
0.7497779663651634
0.7461891721096343
0.681318701904765
0.49929966268414677
-0.4970425701475275
-0.3962364024928643
-0.2910048460466466
-0.18835716109517592
-0.0923541837710152
-0.005082805657116235
0.07263241032692755
0.14073328909007324
0.1995992278654686
0.24984094362379836
0.29217913330660505
0.32737842543158346
0.35621487600776885
0.3794621726851593
0.3978872343676248
0.4122499130989319
0.4233041364798479
0.4317993428009788
0.4384818065031453
0.4440957793265524
0.4493845585929948
0.45509176307207533
0.4619631453714839
0.47074878967928163
0.4822037456367459
0.49708078593442123
0.5161002652287054
0.5398666084145658
0.5686756867101479
0.6021184056542628
0.638328544315486
0.6726416465631714
0.6953199758206354
0.6878485362264875
0.6171101201311946
0.4264932249439081
-0.5502658526699541
-0.44354232587904807
-0.3349942642207577
-0.23067470794160114
-0.13400333953179738
-0.046647625275899496
0.03083407323139875
0.09854617098103402
0.1569624297575785
0.2067444913310518
0.24863751795960126
0.2834154531922457
0.31185577362579614
0.3347301131973944
0.35280235769653473
0.3668295914130786
0.37756372758780893
0.38575302480811297
0.39214331911301337
0.3974790273590488
0.40250407036140345
0.4079629448526405
0.4146021365527298
0.42317150593554576
0.4344234084732744
0.4491028920432682
0.4679135739207167
0.49142835820034325
0.5198889465423387
0.5527992942683375
0.5881611053737743
0.6211185645790219
0.641668201382751
0.6309404315296822
0.5553631421268489
0.35776467343543084
-0.6018091920081147
-0.490373311343145
-0.3792255573457265
-0.27362486576910877
-0.17646530856721374
-0.08907523859350236
-0.011801012981060587
0.055589080474763776
0.11364118081783185
0.1630549209623937
0.20459290284062492
0.23903501329254873
0.26715887905283936
0.28973389426135715
0.3075211864488369
0.32127545887724135
0.3317469376297577
0.3396829007540554
0.34582879788153215
0.3509291132931164
0.3557281453874747
0.3609708871188459
0.36740408896727966
0.37577696310080166
0.3868390636523665
0.4013284202677211
0.41993424821417213
0.4432031408223045
0.47133251921688757
0.5037564618292918
0.5383722184068926
0.5701751745550776
0.5889592291389113
0.575590868862325
0.4961699210042518
0.2931380672276327
-0.6513087556714796
-0.536408163856585
-0.42341961170710285
-0.31696800150736754
-0.2195363164834584
-0.13219376097473132
-0.05512895235893102
0.011981530104782938
0.06973382042749234
0.11885219839025568
0.1601093031747834
0.19428727503639523
0.22216236894349783
0.24450136605507178
0.2620627800932645
0.2755992370396224
0.2858595591212882
0.2935902321606465
0.2995363902534045
0.3044425348324321
0.30905317147528055
0.31411350931004545
0.3203702169249672
0.3285715614091309
0.3394642968110223
0.3537801887030982
0.3721963104164329
0.39523786890977053
0.4230672799186974
0.4550647228462517
0.4890488431450731
0.5199061019174642
0.5372869816026103
0.5218792630631415
0.4395741743034608
0.23259044006038157
-0.698512783125279
-0.5814146761484421
-0.4673687250133245
-0.3605224237417537
-0.263060087089173
-0.1758705701407321
-0.09903847456420317
-0.03218411341407238
0.02531617781425657
0.07419778515172376
0.11523574677992501
0.1492105362100499
0.17689531385402407
0.19905371288856094
0.21644165599870968
0.22980991083979424
0.23990612665257072
0.24747616140618434
0.25326490673977314
0.2580168584410472
0.26247661124500343
0.26738938614526353
0.2735015171419053
0.2815601299206194
0.29230926483551145
0.3064752115577441
0.32472509038874925
0.3475673931721071
0.3751382661319389
0.40677900587421123
0.4402539465535086
0.4703781328502172
0.4867144090056633
0.46985225826438437
0.38558721305646565
0.1760700247357367
-0.7432652948312993
-0.6252359435681862
-0.5109250470826026
-0.4041545783039169
-0.3069195073269129
-0.22000522065206546
-0.1434449289059918
-0.07683756967142433
-0.019554208442326807
0.02913810576780941
0.07000906460992376
0.1038334045789974
0.13137931430985147
0.15340660602622544
0.17066852179151493
0.18391410545539827
0.1938900066448708
0.20134158740833108
0.20701356119772293
0.21165040957922515
0.2159967354024875
0.22079762571828915
0.22679890307206432
0.23474643883377652
0.24538171862082908
0.2594263754372326
0.27753970822514873
0.3002179523586784
0.3275792607667088
0.3589402361115277
0.3920338451193682
0.4216391615810483
0.4372841604042348
0.41953620034776634
0.33420223329190585
0.12351229871966547
-0.7854905910882429
-0.6677773865461758
-0.5539896541439333
-0.44776981013947403
-0.35102879640990436
-0.2645228045990174
-0.1882846696558437
-0.12192592366462449
-0.06483415849901053
-0.01629222271622698
0.02445649236520316
0.05817683838056809
0.0856300427404303
0.1075713078616478
0.12475100264435456
0.1379164990440214
0.1478135604505243
0.1551871474936179
0.16078184425445619
0.16534211568692783
0.16961251934418795
0.1743379106504635
0.1802634891130527
0.18813383335245076
0.1986881015082003
0.21264412526279777
0.23065547755363153
0.2532104288702505
0.28041703682642777
0.31158070291655465
0.34442481936432456
0.37372615737575854
0.3890279782120652
0.3709479886501382
0.28540659039454763
0.07485355947436337
-0.8251786946140842
-0.7089946096757274
-0.5965023645056633
-0.4913037813036734
-0.3953262542108059
-0.30936782158191417
-0.23350988635650904
-0.16740929021705997
-0.11049124874553096
-0.06206743781946053
-0.021401954429022374
0.012256007940628158
0.03965865179576888
0.06155568517345807
0.07869431742650743
0.09182022064586923
0.10167832466914564
0.10901324333043916
0.11456946126867608
0.11909142643817587
0.12332362045893498
0.1280106122896728
0.13389692716096024
0.14172588398699554
0.1522346106520594
0.16613803945105393
0.1840861014924534
0.20656327450551462
0.23367512059969997
0.26472876176932597
0.29745884267474665
0.32667198589456575
0.3419746433299755
0.32410412650722553
0.23919186816817073
0.03004183339790878
-0.8623717673040654
-0.748882116701667
-0.6384323059486987
-0.5347145485427277
-0.43976758730502297
-0.3544985529971722
-0.2790838722538203
-0.21325685629646077
-0.15650053194048835
-0.10816795026681351
-0.06755132940737547
-0.03391802250986983
-0.006526955942333525
0.015365121852804052
0.0325018890252694
0.04562721311082801
0.05548518281682674
0.06282007913119549
0.06837629696758026
0.07289826726108667
0.07713038595290762
0.08181692163195413
0.08770173309405509
0.0955269848528819
0.10602814696149115
0.11991821419023863
0.13784557539721537
0.16029501488264722
0.18737697640967443
0.21841276827027367
0.2511683166349141
0.2805109716838447
0.2961563521800641
0.27902784636928246
0.1955616125871393
-0.010955017638934304
-0.8971514529845163
-0.7874628313083691
-0.6797691839826268
-0.577975249899747
-0.48431976335204197
-0.3998818933949662
-0.3249766864373817
-0.25944326028120307
-0.20284154304976854
-0.15457790173135613
-0.11397980083499804
-0.08033677043496838
-0.052920979914841015
-0.030996657590937858
-0.013824105620399334
-0.0006614392564667687
0.009234522157729406
0.016607700051690304
0.02220238884333051
0.026763002428887052
0.031033861813293
0.03575896199767572
0.041681562752110726
0.049542854193177645
0.060077102627997654
0.07399640073152726
0.0919497353351491
0.11442626658568847
0.14154854215848683
0.17266416864909617
0.20558973258745206
0.23528311675637634
0.25161343576116935
0.23575421465450105
0.15453663028325135
-0.04814409745975431
-0.9296270591390453
-0.8247783399173968
-0.7205151708787731
-0.6210673243794269
-0.5289553223339609
-0.4454885722290218
-0.37116114808240824
-0.305945251866227
-0.2494955399655653
-0.2012829164915385
-0.1606768541293986
-0.12699293440938692
-0.09951866749230924
-0.0775268319474104
-0.06028222989339462
-0.04704520835371507
-0.03707362018722617
-0.029623970911619564
-0.023952098140824066
-0.019313605404784294
-0.014964215812232678
-0.010160140771713724
-0.004158592247156796
0.0037809021273177805
0.014391945984479675
0.02838685025759472
0.046417401731420525
0.06898121141633584
0.09622005502128968
0.12751968113257953
0.16076618876395216
0.1910368995738202
0.2083973399605916
0.19433313041817737
0.11615776057902673
-0.0815052810532506
-0.9599244852044019
-0.860879768913175
-0.760677332801807
-0.6639741869747179
-0.5736470720108309
-0.49128869848567425
-0.4176091004748759
-0.3527385755496011
-0.2964429273661236
-0.24826800063913204
-0.20763161049783432
-0.1738790818920526
-0.14631532389976254
-0.12422277027679283
-0.10687130751437006
-0.09352383211402983
-0.08343941439812601
-0.07587509576722233
-0.07008689949642877
-0.065330448929057
-0.06086146228060747
-0.05593625182728664
-0.04981231586520818
-0.04174956716984566
-0.03101443488787814
-0.016893178040497885
0.0012710680382427362
0.023988471830628407
0.05142710561064482
0.08302250074969521
0.1167486898415398
0.14783057558813967
0.16657178260695202
0.1548301276814766
0.08048602530469331
-0.11099212567892114
-0.9881758260098379
-0.895819228193577
-0.800260530234976
-0.7066752975582156
-0.6183631094442554
-0.5372475734622107
-0.4642878936044781
-0.39979503011790285
-0.3436608199077503
-0.2955155489602723
-0.254831225915914
-0.22098639387114913
-0.1933053591554179
-0.17108133961435776
-0.15358995076654325
-0.14009702417524003
-0.1298630913385842
-0.12214588257338055
-0.11620168595505587
-0.1112861531788082
-0.10665493522871478
-0.10156430680150366
-0.09527181477431736
-0.0870373539115524
-0.07612667140166389
-0.06182329388461122
-0.04346292042582611
-0.020518673942651215
0.007210852487871262
0.03922245289817208
0.07359614780532034
0.10573189192881675
0.12621199375491396
0.11732488205997309
0.047600051485405304
-0.13653599772379693
-1.0145096187306932
-0.9296417886430497
-0.8392607586405514
-0.7491405901007286
-0.6630621348037984
-0.5833217379411157
-0.5111570519273128
-0.4470796714486007
-0.39112071317669594
-0.34300342944644086
-0.3022593423744613
-0.26830344073449014
-0.24048134927048714
-0.21809821401994
-0.20043608137616373
-0.18676417213080201
-0.1763447856587501
-0.16843654336242747
-0.16229610928871674
-0.1571791860713323
-0.15234129103923472
-0.1470385004877109
-0.14052813137764003
-0.13206959899042697
-0.12092718104728577
-0.1063802896846385
-0.08775475671200408
-0.06450280369205623
-0.036382676789691336
-0.0038249851516972753
0.031373996576312554
0.06481612237131765
0.08740193950554175
0.08190731676251452
0.017590657446001783
-0.1580535284591067
-1.039041752758451
-0.9623780059507876
-0.8776589352736333
-0.7913252621790003
-0.7076890520747395
-0.6294552437043536
-0.5581651132850167
-0.49454814141539444
-0.4387862427741578
-0.39070312420708003
-0.3498945693907222
-0.3158149674181582
-0.2878330906505414
-0.265267165620957
-0.24740642720768896
-0.23352401080737464
-0.2228843590905155
-0.21474724414032553
-0.20836985977121592
-0.2030080089985045
-0.19791701999281525
-0.19235260462162457
-0.18557154990149285
-0.1768322928376318
-0.16539680373798582
-0.15053894133832568
-0.13157218941083756
-0.10792365527617902
-0.0793042706103538
-0.046060874043419145
-0.009848664905902582
0.02516233197115517
0.05022943438787317
0.04867120974922402
-0.009447497808449399
-0.17545749927051707
-1.0618671168962388
-0.9940370503736385
-0.9154151779571914
-0.8331649578795406
-0.7521708782264257
-0.6755761606036671
-0.6052466410977155
-0.5421441171890962
-0.4866110192940997
-0.43857790930959367
-0.39770897437066105
-0.36350066376100515
-0.3353466222206138
-0.3125793119822893
-0.2944959700864258
-0.28037424797028554
-0.2694811844632991
-0.2610780315742809
-0.2544227248424757
-0.24877126274699818
-0.2433787617363935
-0.23750042327300444
-0.23039221133084384
-0.22131108012037984
-0.20951583876371763
-0.1942733343891598
-0.17488221230115672
-0.15074027523276576
-0.12150426261247892
-0.08742627698275629
-0.05000346880887829
-0.013152199047463554
0.014779070733146894
0.017705231171230046
-0.033427270004537275
-0.18867121922253605
-1.0830521107139097
-1.024600545503647
-0.9524636568150606
-0.8745714048045272
-0.7964130030764388
-0.7215933448051961
-0.6523194207059403
-0.5897968789459392
-0.5345365262147459
-0.48658105142728386
-0.4456665523779842
-0.4113338850620061
-0.38300317641569903
-0.3600222787158753
-0.3416973029686198
-0.3273111014155167
-0.3161338514509627
-0.3074287006121326
-0.30045461748806807
-0.2944679624029846
-0.2887236805704342
-0.28247637171145723
-0.27498092972680727
-0.26549235959015144
-0.25326548830971435
-0.23755872776894313
-0.21765344434674005
-0.1929140345548774
-0.16293633152115594
-0.12786702749543216
-0.08902874227309743
-0.050059418846238
-0.01887705736436035
-0.010918604211106117
-0.05428339482724166
-0.19764638613987331
-1.1026281912628613
-1.0540172538534889
-0.988708125912625
-0.9154285838263746
-0.8402958527748186
-0.7673934979948573
-0.6992818490819633
-0.6374189871802322
-0.5824900563736178
-0.5346539838720236
-0.4937216271485031
-0.4592802662000687
-0.4307779960641432
-0.40757921004346004
-0.3889998267309904
-0.37432867698936173
-0.3628397243921557
-0.3537985355137502
-0.34646551007715803
-0.34009764114415403
-0.3339498452693085
-0.32727612866218503
-0.31933016515566526
-0.3093646394422844
-0.2966296725377116
-0.2803739239386281
-0.25985917150373994
-0.23441248421948874
-0.2035623433201367
-0.16733976901573486
-0.12687700194849208
-0.08550976897317422
-0.0506907769933887
-0.037158994574426764
-0.07198976683533684
-0.20238430899817755
-1.120586658635921
-1.0821987695852753
-1.024018255392999
-0.9555895158633183
-0.8836720082681259
-0.8128385393559927
-0.7460105134800444
-0.684904042177766
-0.6303826397017056
-0.5827243978226558
-0.5418171051770594
-0.5072961398858716
-0.47863891902789607
-0.45522752282948736
-0.4363886778955824
-0.42141807656424257
-0.40959424058747645
-0.4001858134642101
-0.392455164696331
-0.3856603366160705
-0.37905651025433074
-0.3718972620084935
-0.3634350562707704
-0.3529200535731804
-0.3395971229150921
-0.3227040519402369
-0.3014809547628712
-0.2752139504230387
-0.24335812837977386
-0.20581914822574326
-0.16352384653082533
-0.11948311911611373
-0.08065123057192403
-0.06102171324972099
-0.08657939101318385
-0.2029602080215969
-1.136874901872211
-1.109016387277271
-1.0582268847726486
-0.9948737424347855
-0.9263638158509275
-0.8577632919360371
-0.7923579291962123
-0.7321244682813575
-0.678106881055877
-0.6307041473608967
-0.5898824646222794
-0.5553266270590549
-0.5265445877672159
-0.502937253021744
-0.4838432303207195
-0.4685660751031408
-0.4563897859792558
-0.4465869067606822
-0.4384224959891192
-0.4311562564491688
-0.42404413532564866
-0.4163396654531713
-0.40729434955192695
-0.3961558739272108
-0.3821635853528218
-0.3645435889350499
-0.3425126211034706
-0.31531267381056416
-0.2823199813425948
-0.2433059287430397
-0.19897798732691938
-0.15200107903592333
-0.10879990929354695
-0.08257789694731664
-0.09816657336043706
-0.19955009502516408
-1.151394330470178
-1.1342993107556671
-1.0911283055363872
-1.0330655574868355
-0.9681615017467389
-0.9019734547364388
-0.8381503719185429
-0.7789292271200193
-0.725534585319718
-0.6784868225313045
-0.6378313140543858
-0.6033032187167064
-0.5744420904934049
-0.5506687912978925
-0.5313349601628201
-0.5157531505863213
-0.5032139279842481
-0.4929947604081034
-0.48436434098491243
-0.4765848951232752
-0.4689139134235136
-0.4606055718543719
-0.45091098556057857
-0.43907577172319795
-0.42433387552884627
-0.40589934868826194
-0.3829643477165309
-0.3547241800575648
-0.3204715424997166
-0.27983564887821294
-0.23329199838930062
-0.1831402190626137
-0.1352467982906815
-0.1019836637731457
-0.10697067512110403
-0.19245946796499822
-1.1640002088881163
-1.1578343508066133
-1.1224776595944963
-1.0699130209240402
-1.0088217709412388
-0.9452437962069672
-0.883185701210758
-0.8251413223134284
-0.7725140030366727
-0.7259447988732709
-0.6855583087308978
-0.6511406197408982
-0.622263790571942
-0.5983697534245304
-0.5788244107199835
-0.5629505962582635
-0.5500467289819446
-0.5393964632963858
-0.5302733487850603
-0.5219433091396868
-0.5136665062128948
-0.5046988339224767
-0.49429202113762377
-0.4816904913370582
-0.46612343086668084
-0.44679305721270507
-0.42286642968059013
-0.39349043533921546
-0.3578705700463347
-0.31548728030263556
-0.2665731811797768
-0.2130455219402126
-0.1601868728470198
-0.11950020462036184
-0.11334046515078433
-0.18215273070277252
-1.174503597446739
-1.1793672410808251
-1.1519915160430763
-1.1051277563761874
-1.048066839539
-0.9873164714808489
-0.9272310364893727
-0.8705549216002378
-0.8188664922523478
-0.7729255335153169
-0.7329351731037244
-0.6987325857260889
-0.6699230606121095
-0.6459706897616275
-0.6262569515415229
-0.6101164008475243
-0.5968568180292891
-0.5857695823993924
-0.5761346506387174
-0.5672232005896423
-0.558299624811173
-0.5486230936834577
-0.5374474890399092
-0.5240175135514186
-0.507558905308064
-0.4872630244105192
-0.46227219492956934
-0.4316841968243011
-0.3946149499174548
-0.3503911600940655
-0.29899373010510494
-0.24194315322463586
-0.18391591955577036
-0.13551319317213933
-0.11777777042890325
-0.16928187494870922
-1.1826755919067666
-1.1986056871011284
-1.179349671849497
-1.138385517235535
-1.0855838303906735
-1.0278993456680015
-0.9700201267698444
-0.9149319025071666
-0.8643823728700654
-0.8192468590977657
-0.7798055599565219
-0.7459464658717412
-0.7173086198382699
-0.6933793201971424
-0.6735570072010469
-0.657189561923287
-0.6435958755820802
-0.6320769034066768
-0.6219209405950188
-0.6124064233237159
-0.6028040501881068
-0.5923784109004997
-0.5803877352056405
-0.5660792116616689
-0.5486772659007827
-0.5273643173964606
-0.5012594088551217
-0.46941182602377807
-0.43084712414860166
-0.38473527661295864
-0.33079916401180365
-0.2701513837813042
-0.20684436692205727
-0.15055003109061793
-0.12095875309263018
-0.15471254285345143
-1.1882540582952108
-1.2152242670887456
-1.2041982261296675
-1.169327509907304
-1.1210244680147354
-1.0666642135618893
-1.0112502655271303
-0.9579976399252945
-0.9088157642749015
-0.8646910433363765
-0.8259784949756531
-0.7926161848964922
-0.7642771942073908
-0.7404730019969473
-0.7206204518721514
-0.704082516900159
-0.6901912028748987
-0.6782592343612454
-0.6675856049847656
-0.6574585273552354
-0.6471576808565874
-0.6359559035329019
-0.6231187444969992
-0.6078989601625172
-0.5895227896698245
-0.5671667613092923
-0.5399294089723672
-0.5068137059834239
-0.4667559638678074
-0.4187688035710473
-0.3623137679415566
-0.2980882388187922
-0.22950750864990702
-0.16529309754433485
-0.1237507445669958
-0.13954513612233918
-1.190953096007165
-1.2288713425348643
-1.226154020245584
-1.1975625095980245
-1.1540050593821518
-1.1032448610342531
-1.050578661388966
-0.9994359177313041
-0.9518782649573168
-0.9089974538852209
-0.87122023079514
-0.8385334749338393
-0.8106442987335473
-0.7870892191178569
-0.7673049468942607
-0.7506714559988752
-0.7365361247567571
-0.7242260018097609
-0.7130536059785907
-0.7023200162894543
-0.6913172447291552
-0.6793299904244896
-0.6656349883202934
-0.6494946611324687
-0.6301413446948347
-0.6067500559689911
-0.5784031465727884
-0.5440613104050532
-0.5025749871833848
-0.4528016141420509
-0.39394158633505255
-0.32627420004554414
-0.25257020593116686
-0.1805868216841422
-0.12722215844870266
-0.12512816526577716
-1.1904755519933499
-1.2391782327253684
-1.2448106391507578
-1.2226699143663784
-1.184106864876707
-1.1372350384819832
-1.0876183076718717
-1.0388829857930482
-0.9932314785367098
-0.9518538196981211
-0.9152444912170014
-0.8834373292394246
-0.8561731054869208
-0.8330140474381109
-0.8134181649183906
-0.7967844467944253
-0.7824781372783058
-0.7698435267227702
-0.7582099753716957
-0.74689513434379
-0.7352074421939251
-0.7224479423456239
-0.7079094263678389
-0.6908692321562544
-0.6705713946900657
-0.6461953253356397
-0.6168133104850377
-0.5813499367473798
-0.5385757479331497
-0.48719839015632044
-0.4261613450996449
-0.3553280721304833
-0.27682388312745054
-0.19743606312527429
-0.13264260329423935
-0.11306055958417342
-1.1865290779795836
-1.24577108728838
-1.259746360212516
-1.244204084966691
-1.2108771764658461
-1.1681866400866994
-1.1219336274404978
-1.075921027083478
-1.0324786429605437
-0.9928863405647508
-0.9577013538287398
-0.9270019228747414
-0.9005616384805206
-0.877968830936009
-0.8587041258695686
-0.8421875807582457
-0.8278049891020903
-0.8149211399030609
-0.8028860393843
-0.7910382536420787
-0.7787075281636742
-0.7652166717003241
-0.7498804991035114
-0.7319977806917827
-0.7108313204295227
-0.6855725398333989
-0.6552917961011665
-0.6188861639762053
-0.5750552258953973
-0.522365897285015
-0.4595135820383417
-0.3859539677113112
-0.30317340981307145
-0.21699299388490736
-0.14146994873529123
-0.10517920846725336
-1.178846502395495
-1.2482861860067098
-1.2705347463291468
-1.2617006438341454
-1.233831760814662
-1.1956087377058664
-1.1530365395011948
-1.1100716811679723
-1.0691560129696096
-1.031649300371091
-0.9981654322757109
-0.9688236661502267
-0.9434289630913312
-0.9215957341399682
-0.9028283019659474
-0.8865697835718067
-0.872229314004375
-0.8591957188821601
-0.8468439086889717
-0.8345383338773041
-0.8216357268933651
-0.8074870583105651
-0.7914362919882711
-0.7728115074340672
-0.750902938055322
-0.7249235029030476
-0.6939519940606752
-0.6568692619052128
-0.6123161652413067
-0.5587320578439583
-0.49457826480841016
-0.4189172979731582
-0.3326113219538897
-0.24052945573487577
-0.15532079298598456
-0.10352760653793422
-1.1672117158562267
-1.2463898429481826
-1.276759048319214
-1.274685894598532
-1.2524598323445777
-1.2189686438874683
-1.1803841338086918
-1.1407908295981415
-1.102725220005197
-1.0676154269626652
-1.036124618251061
-1.0084086649282678
-0.9843016533300111
-0.9634434568259296
-0.945362772103196
-0.9295275536966592
-0.9153730510971096
-0.9023158411174957
-0.8897603707254855
-0.8771025156896477
-0.8637324451614565
-0.8490366589583441
-0.8323965768729329
-0.8131788752864685
-0.7907115532242441
-0.7642405119197682
-0.7328657463734805
-0.6954661015915757
-0.6506395739410045
-0.5967156562187705
-0.5319413101686208
-0.45500771515907734
-0.3661768123582359
-0.2693916553300743
-0.1759205720042555
-0.11030116366017435
-1.1514928864563476
-1.2398047357172508
-1.278032251046377
-1.282691217948671
-1.2662334396472785
-1.2376969197149443
-1.2033799074221472
-1.1674666312844777
-1.1325686343938237
-1.100169058304791
-1.0709714740669756
-1.0451627042933505
-1.022602671694429
-1.0029552545680902
-0.9857735667290551
-0.9705517544459833
-0.9567537466369787
-0.9438275983288651
-0.9312121602588196
-0.9183407327207251
-0.904644053359861
-0.8895524280310914
-0.8724941865066478
-0.8528852968257161
-0.8301035667324906
-0.803441435113162
-0.7720353982346332
-0.7347796395967943
-0.6902490567033883
-0.6366859016910561
-0.5721487310899065
-0.49498718209030035
-0.40489705774948
-0.3049340975100596
-0.20502948148440553
-0.12776455640178797
-1.1316856779635591
-1.2283453699729268
-1.2740255186623506
-1.2852752510318832
-1.2746241291328237
-1.2511992512221322
-1.2213815459955404
-1.1894238536253336
-1.157990834034397
-1.1286052733192609
-1.1020004820454306
-1.078387001332326
-1.0576459363872794
-1.039462556324168
-1.0234134959298402
-1.0090197366802656
-0.9957759794706967
-0.983165257085661
-0.9706657120446402
-0.9577543381514033
-0.9439100928774276
-0.9286161382562125
-0.9113582071049174
-0.8916135837981636
-0.8688235936084789
-0.8423428419583849
-0.8113622126179673
-0.7748118240148575
-0.7312673583653827
-0.678911699740339
-0.6156476790001251
-0.5395217910361452
-0.44970879552347115
-0.3484298929402542
-0.24434050000064167
-0.15813648709078842
-1.1079702961317839
-1.211966580669057
-1.26450902353648
-1.2820579231177707
-1.2771310499645272
-1.2588794509728831
-1.2337195991560377
-1.2059389366618052
-1.1782307008124115
-1.1521395854402605
-1.128415816218529
-1.1072844482992072
-1.0886413389434857
-1.0721889674510476
-1.0575252555875525
-1.04419757203707
-1.0317326510840075
-1.0196514410357405
-1.0074759760841814
-0.9947331992073445
-0.9809582013601268
-0.9656965934313282
-0.9485028405009902
-0.9289287260937262
-0.9064943323015027
-0.8806340430017148
-0.8506135699390196
-0.8154228546558542
-0.7736665007086229
-0.7235014025449058
-0.6627144733917038
-0.5890966759755802
-0.5013586728428153
-0.40095506458243996
-0.29534615922984175
-0.20343743374782186
-1.080787698782611
-1.1908305282346925
-1.2494107448293261
-1.2727720643422324
-1.2733263489613122
-1.2601795641835207
-1.2397331564443401
-1.2162720185316591
-1.192490486560763
-1.1699346437860663
-1.1493561713650133
-1.130982955835831
-1.1147168784990409
-1.1002713601983523
-1.0872615260059046
-1.0752590971972162
-1.0638227977716443
-1.0525134173158803
-1.040900768074909
-1.0285675843241215
-1.015112891558674
-1.0001545356668546
-0.9833275577830078
-0.9642722907974538
-0.9426040892468115
-0.9178565016751993
-0.8893929117589237
-0.8562901884056692
-0.8172142678329072
-0.7703350863465728
-0.713370883726233
-0.6439144214325051
-0.5602818266617187
-0.46324528028762163
-0.35917136659675936
-0.2652964796412348
-1.0509422445044232
-1.1653996410859204
-1.2289008676757358
-1.2573403988148446
-1.262925845459634
-1.254645244064867
-1.2388308566747348
-1.219724414214497
-1.1999904880409311
-1.1811527145789842
-1.163945538117637
-1.148584881231716
-1.1349669712189594
-1.1228071580934622
-1.1117311886882237
-1.101330882462048
-1.0911949910019259
-1.0809244680452295
-1.0701395095727753
-1.0584835265830672
-1.0456266485818246
-1.0312684418451863
-1.015136414189751
-0.9969739277827852
-0.9765089999614863
-0.9533951482570715
-0.9271183782497323
-0.8968725857931044
-0.8614216052980612
-0.8189931089993814
-0.7672915199874943
-0.7037788381223213
-0.6264594855276763
-0.535524625493191
-0.4363706157270498
-0.34471417319859576
-1.0197405011196523
-1.1365654642633563
-1.2035119818426356
-1.2359883579153943
-1.2458956542068251
-1.242027289316792
-1.2305883383872516
-1.2157328570552848
-1.2000608264522978
-1.1850456056120644
-1.1713817324988178
-1.1592544708391426
-1.1485389568239992
-1.1389398978451781
-1.1300837721785855
-1.1215752251001152
-1.1130283748440681
-1.1040822995760233
-1.0944081662102143
-1.0837132756965586
-1.0717447063679089
-1.0582922595104671
-1.043187201949945
-1.0262902182075866
-1.007459671982811
-0.9864907355176977
-0.9630186144030212
-0.9363869262727609
-0.9054978259573576
-0.868686914666142
-0.8237072771848775
-0.7679679289520933
-0.6992581903834963
-0.6173076778422881
-0.5266893974395893
-0.44177966357857223
-0.989178975034757
-1.1058264846714927
-1.1743084570232047
-1.2094063921512
-1.2226087275234943
-1.2224335965974424
-1.214896651510421
-1.2040152731171934
-1.1922853309441808
-1.1810972389381034
-1.171078063755265
-1.1623588488514318
-1.154773448982276
-1.1479987928208615
-1.1416478874807936
-1.1353269199803007
-1.1286670368226641
-1.1213400777916953
-1.1130658084281635
-1.1036160395067527
-1.0928184172078859
-1.0805596412119964
-1.0667845734862096
-1.0514844957591032
-1.0346652966969323
-1.0162856157576388
-0.9961573684157222
-0.9738085659959004
-0.9483234486771097
-0.9182008617681106
-0.8813124526465027
-0.8351023950368442
-0.7772555981416026
-0.7071783400205728
-0.6287916335691124
-0.5553421686520896
-0.9621972513866117
-1.0755318120165438
-1.1431222567364965
-1.1789794170327113
-1.1940693131515032
-1.1965498695960841
-1.1921802980403189
-1.1847870599495502
-1.1767167756671473
-1.1692383699342264
-1.1628778543510314
-1.1576824454511212
-1.1534185614405552
-1.149712424768701
-1.1461438265885644
-1.142303976015437
-1.137827819835401
-1.1324100762422993
-1.1258125965563055
-1.1178685635434178
-1.1084864369491243
-1.097653497019135
-1.0854354703564653
-1.0719654057311934
-1.0574123343248019
-1.0419192875071088
-1.0255023746171654
-1.007909769822219
-0.9884541315086385
-0.9658573510497334
-0.9381865087284201
-0.9030192255060444
-0.8580608531781173
-0.8025517223278305
-0.7399575912018872
-0.682639253363134
-0.9430175566900463
-1.0492122057431568
-1.1128771492199823
-1.1471058055732772
-1.1622281773085252
-1.1659523503329743
-1.163708559065085
-1.159071890750619
-1.1541878232053626
-1.1501581018495273
-1.147366718013446
-1.1457399835736035
-1.144943295024369
-1.1445219632239143
-1.1439957821205309
-1.1429177349544393
-1.1409069658758089
-1.1376651933173691
-1.1329842386750788
-1.126750311528852
-1.1189481208146674
-1.1096648050782516
-1.0990902508502076
-1.0875069511566098
-1.0752597759248332
-1.0626948637124287
-1.050058708982151
-1.0373553249385998
-1.0241736038762317
-1.0095218280956284
-0.9917455922517335
-0.9686638811383281
-0.9381412917382793
-0.8994289455580955
-0.8557600984353153
-0.8188875293244171
-0.9375971839941643
-1.032025466064579
-1.0880288961940043
-1.1176340521147916
-1.1304172387752405
-1.1335417131244232
-1.1320297127814989
-1.1291370784078678
-1.126748100290244
-1.1257429706116486
-1.1263136727405085
-1.12821935230635
-1.1309816092617244
-1.1340255722783992
-1.1367754193439696
-1.1387141265030225
-1.1394172546638794
-1.138569852365762
-1.135974202839701
-1.1315542080474486
-1.1253596776846542
-1.1175707166271578
-1.108498938033967
-1.0985787247707295
-1.088338844489615
-1.0783433677449266
-1.0690924433416762
-1.0608799519742138
-1.0536188678559264
-1.046669443296587
-1.0387439595741608
-1.0280194338024695
-1.012671895561156
-0.9921591701036653
-0.9697310864037102
-0.95684534230078
-0.9542266786276414
-1.0313497753111913
-1.0751556731426397
-1.0964520038473977
-1.1039391243602437
-1.1041342126571252
-1.1015647789576748
-1.0990906374993021
-1.098265000756518
-1.099681601527311
-1.103279442343216
-1.108593013088202
-1.1149460533464006
-1.1215930391695326
-1.1278159211183987
-1.1329851877828119
-1.136594689063472
-1.1382791718081304
-1.1378223120031146
-1.1351612138794391
-1.13039089104014
-1.1237691914925618
-1.1157191367277253
-1.1068220668018869
-1.0977919400484544
-1.0894195947297975
-1.0824771302294809
-1.0775786959513147
-1.0750073512716307
-1.074541396309523
-1.0753515164558827
-1.0760968845608438
-1.0754295565625376
-1.0732285710156595
-1.0730356476521572
-1.086361913931505
-1.0043143038293143
-1.0575663181500545
-1.0837408321112036
-1.0922715223674735
-1.090855223949642
-1.0852543402995354
-1.0794056754049282
-1.0756855121422078
-1.0752342121289873
-1.07828140415332
-1.084438819198693
-1.0929451493369329
-1.10285843153323
-1.113198285632629
-1.123044268736747
-1.131598623030975
-1.1382224216316033
-1.1424539180929854
-1.144016947519086
-1.1428255618132306
-1.1389887195154222
-1.1328158395595886
-1.1248205289853386
-1.115716157833281
-1.106393797244544
-1.0978713193205203
-1.0912035593778977
-1.0873492389194106
-1.0870032898690685
-1.0904264058127422
-1.097340898656342
-1.1070178864854168
-1.1187609870181645
-1.1331025033517585
-1.1541770597089138
-1.1939333787449729
-1.1034062337846584
-1.1250815701054737
-1.1271993047739381
-1.1176607431337926
-1.1030252401732348
-1.0881827631172183
-1.0763722877353472
-1.069386140176008
-1.0678557428775872
-1.0715536211219443
-1.0796738697085064
-1.0910717283573321
-1.1044549754204895
-1.1185274488318746
-1.1320895650215834
-1.1441032289640174
-1.1537296605677287
-1.1603487805563621
-1.1635680831082307
-1.163227433670556
-1.1594039865853398
-1.1524184702992826
-1.142840600232228
-1.1314877001201118
-1.119407354733176
-1.1078330334440938
-1.0981024851812418
-1.0915341743104774
-1.0892695374778485
-1.0921114736335027
-1.1004260368552095
-1.114229387614761
-1.133661152714108
-1.1601548803176422
-1.1987637171164243
-1.2622933488201533
-1.2725023115550318
-1.253650178459019
-1.2242096153528523
-1.1903869018358795
-1.1574621499960784
-1.129324354900203
-1.1083940921711082
-1.095763757027794
-1.0914425449738832
-1.0946344390292198
-1.1040062206376238
-1.1179221546757678
-1.1346350483629761
-1.152431802473294
-1.1697368089490081
-1.1851796210148016
-1.197634897345767
-1.2062430924601975
-1.210419924166097
-1.2098613662437643
-1.2045488156393187
-1.1947562243181884
-1.1810575302359538
-1.1643290174988983
-1.1457378914115193
-1.1267063158872568
-1.1088407888280623
-1.0938218764162433
-1.0832614079393181
-1.078556310799479
-1.0808041232517676
-1.0908994397810874
-1.1100085741948376
-1.1407279721273107
-1.189377798311912
-1.2700741988121225
