Predicted value
-1.0735472049897652
-0.7152508195014746
-0.5924285254673165
-0.5042847942944176
-0.4245694895913644
-0.367340305406783
-0.3378667016914585
-0.3241826257765459
-0.304059706949405
-0.25465905951032497
-0.15959448924232378
-0.012167598424807302
0.18462648829902029
0.4201463603720983
0.679080229285075
0.9445191814269271
1.200618641853918
1.4345961183872717
1.637980157026497
1.8071112501135767
1.9429237687062257
2.050037374168186
2.1351877792489455
2.2050631224323443
2.2637157427519368
2.3099131259422068
2.3350767647192843
2.3227939499030708
2.2511810104496384
2.099479594425289
1.86001253426004
1.5559158898796084
1.2640539774613926
1.141933721425815
1.459041386851924
2.640404013158673
-1.1288704320005813
-0.8356735893265921
-0.727911788430383
-0.6101197785290688
-0.4640208913435883
-0.315086216838492
-0.18170443691890295
-0.06453981714952897
0.04821529795198018
0.17214664292912343
0.3197919470827801
0.4971021176299467
0.7028002309983357
0.9296461280523628
1.166620741590369
1.4012897291734632
1.6218883233291261
1.8188977211647366
1.9860323979202281
2.1206348527911247
2.2235003001186784
2.2981540572604047
2.3496063345695535
2.3826419137584365
2.3997937932702382
2.3993193302842926
2.3737414353596296
2.309794076039695
2.1908278445488287
2.0027472663437664
1.7442161970569359
1.4411158642625246
1.164279119929598
1.0491537594914555
1.3181627149782995
2.3148703036351757
-1.1853107094738637
-0.9390029325666724
-0.8487262270312872
-0.7206393397889459
-0.5395199651293816
-0.3371540078857271
-0.14044398674272535
0.04105010697280187
0.2114265461846201
0.3807132004053393
0.5583891916116903
0.749711130750432
0.9546295147089321
1.1684630325565029
1.3834674087387
1.5906398597705782
1.781347477365865
1.9485706325636074
2.087685604136057
2.1967799052689703
2.2765176146681134
2.3295729324298566
2.3596525372939694
2.3701568020197024
2.362610793917251
2.335143504945382
2.2815013548574754
2.191306115898258
2.052416849132541
1.8561975251904483
1.6060932657391183
1.3291447853682268
1.089181408807573
1.000306347183938
1.2419341416885157
2.085961630356715
-1.2038285444758248
-0.989313929914168
-0.9160394519605012
-0.7898509440498281
-0.5952856089060516
-0.3667316163764466
-0.136106452435009
0.08104692631832869
0.2832728454940635
0.4764132987444924
0.6675470141292343
0.8613060060067653
1.0584995399083155
1.256351292213085
1.4495943437740049
1.6318379571205168
1.7968365076247277
1.9394709586346037
2.056372103114403
2.1461769753208677
2.2094316424563054
2.24815502239489
2.2650810150740432
2.2626227032733333
2.241673628217475
2.2004890907199814
2.1340657001925334
2.0346152256722485
1.893820174785286
1.707438752387096
1.4823797949278184
1.245591301105385
1.0533087772747531
0.9993474722371273
1.2243185049266683
1.9379627448448773
-1.1741312947288716
-0.9793593009662394
-0.9208367510109656
-0.8034964124511863
-0.6096099414050329
-0.3735619742303176
-0.12968258998142013
0.10274173878461777
0.3183967108921253
0.5200392975925135
0.7128919327688527
0.9010396587596853
1.0858771079873315
1.266029405580945
1.4380865045213733
1.597629876881018
1.7402199464748562
1.8621724950285021
1.9610583518881661
2.035916466198751
2.087190381871532
2.116399962006276
2.1255630369410707
2.1164053730768573
2.0894599902869677
2.0432673698916286
1.974034750580602
1.8762499804824124
1.744786791747587
1.5788674750848632
1.387766980394263
1.1973776480689047
1.0560654146884172
1.0386677804415925
1.2512435735552292
1.8504978740398088
-1.1010996665436874
-0.9168891098708707
-0.8699574116936174
-0.7647020261122215
-0.5800774814593639
-0.34873087125105817
-0.10552130474602178
0.12821374272671876
0.3446186599829313
0.544240461462057
0.7308913531999435
0.9081889257839163
1.0779134813607518
1.2397071986622503
1.3915376473118242
1.530462345045701
1.6533970126610864
1.757732187963431
1.841737560040622
1.9047434181796146
1.9471067804910855
1.9699718719523434
1.974837551788
1.962965514129121
1.9347180062804916
1.8890088286015347
1.8231727702378853
1.733660491073694
1.617964553452018
1.4779698929961664
1.324417045587681
1.1814275273139196
1.089476091819341
1.1059094033554122
1.3064443112239075
1.8033938361721498
-0.9962753061807385
-0.8160568081024827
-0.7772604066811108
-0.6848091771138185
-0.5140167637722334
-0.29473428300992877
-0.06103581205137282
0.16494259043025086
0.37381325573618757
0.5646016589719559
0.7400723502187245
0.9034527983939248
1.056765805614988
1.2003800341892032
1.333273469872855
1.453597739350326
1.559276751422306
1.6484993928723772
1.72005057482214
1.7734697813095277
1.809042819773795
1.827634761934346
1.8303750273094177
1.818224513482104
1.7915027102134666
1.7495340072866459
1.6906715487979858
1.613028050471784
1.5162054863141043
1.4040701313923774
1.2881018900434595
1.190145683831024
1.1429639243496084
1.18801002695857
1.3747567845705493
1.7792274615239527
-0.8728176156613374
-0.6923202280594436
-0.6583278243170723
-0.5777939532890366
-0.4225937424043714
-0.21923695921921885
-0.0001435411574763172
0.21265390533081222
0.4089960139819074
0.5869220238393467
0.7484408823500962
0.8964624483430341
1.0331517660676508
1.159386777383575
1.2748770263978626
1.3785765734174367
1.4691522294913577
1.5453806161093213
1.6064231030118674
1.6519678814429193
1.6822434765382022
1.6979103971161913
1.6998405618504955
1.688811029061311
1.6651804464452804
1.628685736116937
1.578576135881127
1.5143461275816466
1.4372608617788012
1.3525967928491842
1.2719991978461298
1.2147049785980408
1.2060963134517966
1.2733856959509835
1.4437297871246473
1.7643758865621326
-0.7427711149031619
-0.5596771719931051
-0.5275431503318482
-0.4571102521924368
-0.3173797710977755
-0.1313544542524353
0.07072710572335535
0.26756217584998065
0.4487808668850217
0.6118468867884916
0.7582465585616196
0.8906382694065476
1.011261234728178
1.1213423914479363
1.2211131516368767
1.310109189047986
1.3875391101268049
1.4526080620764934
1.504749867107523
1.5437573008411984
1.5698137921619202
1.5834322576797824
1.585309656103166
1.5761208639326192
1.5563118893254166
1.5260107788393205
1.4852370667580588
1.4346120647807665
1.376679094329385
1.3176530076744681
1.268901688153319
1.2468653239148466
1.2699902471266173
1.3529084424680524
1.5041732973221262
1.7491501062729282
-0.615815119734429
-0.42940437714109847
-0.39670922217592286
-0.33411714276962434
-0.2085512653451225
-0.039613045147307416
0.14491007792570257
0.3248578710570549
0.4900533543953778
0.6376948740702502
0.768930011860902
0.886224667954429
0.9918479542166665
1.0872592909362082
1.1730560128195149
1.2491898133429051
1.315259977273067
1.3707808516200213
1.415381429741903
1.4489272068222563
1.4715668451300292
1.4837086123786145
1.485934324234084
1.4788718414351534
1.4630787166790435
1.4390384280786546
1.4074181867874984
1.3697390743166098
1.3294953302316341
1.2934567653440088
1.2723827338070541
1.2798425806363978
1.327868300646195
1.4201416704687906
1.5500766949244082
1.7274132240231612
-0.4989163720385258
-0.3097168299420436
-0.27461811783544426
-0.21749774543489658
-0.10412363461154002
0.04901381294898633
0.216659325213712
0.3800446686298605
0.529465739653949
0.6620853000413738
0.7788555914161268
0.8821016198536303
0.9740954008402544
1.0564456540464298
1.1300011050443104
1.1950065865054205
1.2513395910928555
1.2987350516418799
1.336960240236527
1.3659306038718195
1.3857685567693314
1.3968096217755104
1.399562949209144
1.3946450247319433
1.3827325928242487
1.364621297691857
1.3415110777315906
1.315624342702854
1.291132269700762
1.2750536148735934
1.2773016914372897
1.3085906485687102
1.3751070438083075
1.4711520699872842
1.5781912253063004
1.6959523812665016
-0.3964899680648673
-0.20594890077217537
-0.16716948043768878
-0.11326077545132218
-0.009805432951609062
0.1294111772956695
0.28161323582925374
0.42955200646710295
0.5641808699148178
0.6827931143906976
0.786255918766631
0.8767977259107826
0.9566787296592542
1.0275988495639934
1.0905752860225064
1.1460558873238353
1.19411351959518
1.2346385471302455
1.267495054073501
1.292632356120074
1.3101534703249738
1.3203444986017385
1.323671364522419
1.3207607365909138
1.3124053409466865
1.299666981576793
1.2841738135444947
1.2686791937376132
1.2578054565279329
1.2585812138975907
1.279913547093204
1.3297452960607676
1.409009132438472
1.5041108738769153
1.5874699312554221
1.653776998868769
-0.3108087235005631
-0.12099367587999554
-0.07776877518915515
-0.025050900648281672
0.07080642776960978
0.1982545022451726
0.3368541235440791
0.4709145740397276
0.5921588009931311
0.6981268315343823
0.78968416207935
0.8690001077766163
0.9383167619848184
0.9993857717883408
1.0533337809756516
1.1007464185503926
1.1418316164263607
1.1765877806292546
1.204945907381024
1.2268779580924627
1.2424729323510102
1.2519842562349686
1.2558544215373024
1.254731948994164
1.249515705971758
1.2414882578293407
1.2326133636273497
1.2260315386344314
1.2266333561794314
1.2412752396680986
1.2777606143887392
1.341394675194161
1.4284502104886039
1.5188207588823488
1.5784856002036531
1.6014473302983117
-0.24249753196334495
-0.05583360699900066
-0.007834043766251238
0.04540859752156418
0.13587204669422262
0.25375420725966163
0.3807535609187651
0.5027131482778104
0.6121834019046201
0.7070286350126505
0.7881743648844086
0.857761827041215
0.918014304590563
0.9707093107141118
1.0170417315979947
1.0576884581387558
1.0929491391141481
1.122896158600491
1.1475061147261547
1.16676588524728
1.1807545785957902
1.1897047204820006
1.1940481700125916
1.194460262333119
1.191932605522151
1.187925933470006
1.1846593823479847
1.185541364144761
1.195585277985275
1.2213412466205789
1.269461568805216
1.342781642114012
1.433494711111558
1.5162506147415749
1.552896332459007
1.5404896967260582
-0.19101659005850183
-0.010063367976262259
0.042692040022661075
0.09784869684818613
0.1849070949934771
0.29533012493287797
0.4127249272190948
0.5244017465729355
0.6237568580125757
0.7090268218411063
0.7812415401150331
0.8425394109114251
0.8951276310233345
0.9407934694663062
0.980771983164452
1.0157987186468904
1.0462343250892407
1.07220099549525
1.0937059327105536
1.1107456822418655
1.1233925517340415
1.1318662497535767
1.1365958418611148
1.138284101017584
1.138000576600594
1.1373457047072066
1.1387259497612223
1.1457204700407655
1.1633523919182063
1.1977710968332618
1.2544691147088984
1.3340011216510472
1.4250350161010978
1.498123178811585
1.512993667137851
1.4729228158513796
-0.155082952648965
0.017648088599757968
0.07488135985719736
0.13302369995509117
0.21839952712807184
0.32328498269570144
0.43295620717291866
0.5360975608722383
0.6269414241839606
0.7041222451157336
0.7688049085532765
0.8231450193950702
0.8693382901348482
0.9091724493679657
0.9439041664083582
0.9743052446396564
1.0007759171851003
1.0234712816855955
1.0424187360371286
1.057620983383489
1.0691457882670834
1.0772054329808265
1.0822306094362584
1.0849495371817244
1.086494966586936
1.0885733648236409
1.0937219708536714
1.1056130741778358
1.1291938517028912
1.1701508061244894
1.2328373644468091
1.3157272251250998
1.4044817178509441
1.4665757665640755
1.4613455180779882
1.4008991664923633
-0.13300954803382034
0.02917909058410546
0.09043657660294893
0.15234582132371216
0.23747754057119752
0.3385137476862354
0.44216337191394706
0.5383771465593402
0.622194604610305
0.6926571556815738
0.7510844199988225
0.7996646589268718
0.8405874747495539
0.8756363673937784
0.9060778219305464
0.9327048775415138
0.9559426923083536
0.9759676328998692
0.9928201754667161
1.0065068717182075
1.0170925491902545
1.024785533144687
1.0300202872026418
1.033547092237879
1.0365481425634135
1.0408072582898156
1.0489464100996624
1.0646703466190437
1.0927875333924872
1.1384852898790347
1.2050198929373201
1.2889860635376165
1.373515423122571
1.4238986012765311
1.4005321390212047
1.3264531042186798
-0.12295903060206988
0.026664486671600984
0.09139085458402484
0.15759474807229046
0.243641462233649
0.34226475082043406
0.4413833346082839
0.5321006550197791
0.6102219906869125
0.6751927251130542
0.7284984890733344
0.7723716343488791
0.8090010389943169
0.8401642632317026
0.8671305049973407
0.8907042585244398
0.9113257857526449
0.9291848559674152
0.9443302387084938
0.9567708421955072
0.9665696666772523
0.9739332120069465
0.9793004166168515
0.9834396768513748
0.9875703851718117
0.9935299010008677
1.0039882435078655
1.0226363867807096
1.0541001694133847
1.103051661454824
1.171706584929635
1.2549784306257985
1.3338999468038433
1.3723459320194817
1.3329653992015675
1.2513409753670537
-0.12312012841283274
0.012285896767826649
0.07988631462310201
0.15069983053277522
0.23855991616672248
0.3359556921205926
0.4318122233293247
0.518272278505258
0.5918580695306944
0.6524073889127534
0.7015765827199554
0.7416500544604447
0.7748208589471586
0.8028607008174595
0.8270375499937827
0.8481612210753943
0.8666806643255698
0.8827938409180267
0.8965546559881006
0.907973428723797
0.9171120740318908
0.9241764944264969
0.929609953524732
0.9341949981229023
0.9391777266650874
0.9464297473386893
0.9586405870586221
0.9794533057991783
1.0132824406943655
1.0642842229062828
1.1336996595157698
1.2149496595958726
1.287350819904954
1.3140102375729172
1.260777875103768
1.176955895202709
-0.13181905283582773
-0.011869005528727066
0.058020662139783206
0.1335862931957285
0.22392387080538073
0.3210404081706032
0.41468707021519324
0.4979370635199132
0.5679769942535531
0.6250195806348473
0.6708915434604005
0.7079343279010565
0.7383492825599485
0.7639033003713664
0.7858612294328755
0.8050345441013969
0.8218768182697251
0.8365908335339359
0.8492335895620889
0.8598162298943431
0.8684000615233434
0.8751910297005077
0.880636125057812
0.8855283868891832
0.8911319252513985
0.8993373623653238
0.9128321257829403
0.9351871781567461
0.9705891828245536
1.022689433557304
1.0918250209696319
1.1701004107947122
1.2354502509663667
1.2507478628021025
1.1857672164930224
1.104299774600088
-0.14757999449295725
-0.043891943592922894
0.02774924911260968
0.10807423064942716
0.20134909635533235
0.29891878984949044
0.39120513058107537
0.47211001392978386
0.5394307716863846
0.5937336438812388
0.6370115525201302
0.6716654601605171
0.6999081896002441
0.7235032549986141
0.7437117414660085
0.7613447495418784
0.776857997815964
0.7904569659821334
0.8022004596756345
0.8121000912138335
0.8202168529817884
0.8267570085867526
0.8321704944918812
0.8372576637508701
0.8432936553228823
0.8521763987580233
0.8665753998903087
0.8899733920068086
0.9263220085875861
0.9787867221226273
1.046873155922424
1.121530769318276
1.179598913953078
1.1841443405123238
1.109381880576648
1.033996594135128
-0.1691481162029459
-0.08209763555777491
-0.009170155784195064
0.07581879414558271
0.1723168178819712
0.2708811163850525
0.3624735703510954
0.44173161046284604
0.5070102496161628
0.5592053994726326
0.6004691348072542
0.6332623100015838
0.6598114187885239
0.68187804700628
0.7007195773085881
0.7171457299866119
0.7316129297336577
0.7443280614176198
0.7553509447426247
0.7646934507067852
0.7724164269296625
0.7787265200181953
0.7840758123721792
0.7892693371927787
0.7955878264950955
0.8049277975825306
0.8199297419518071
0.8439784199197489
0.8807904372897982
0.9330701371733509
0.9995633155915067
1.07020999060366
1.1209953863150135
1.1155086435174808
1.0327359061903851
0.9663331264487138
-0.19548673575323428
-0.1250374321551418
-0.05120136410615765
0.038280912771863684
0.1381429595761781
0.2380783560588809
0.3294822355825569
0.40764356611328756
0.471423728157278
0.5220230726682896
0.5617436563406016
0.5931048682454096
0.61834811281145
0.6392342912095741
0.6570174771157803
0.6725056168757632
0.6861550620445599
0.6981733460232354
0.7086208308608086
0.7175095255428504
0.7249002235563297
0.7309999095388864
0.7362620858032648
0.7414943735790098
0.7479790037385146
0.7576048278335856
0.7729760187855043
0.7973745864781142
0.8342874061226977
0.8859858840726514
0.9505250845591677
1.016964946591403
1.0606351692791556
1.0458871536998362
0.9566424106045729
0.9013158142498712
-0.22575821857849424
-0.17149285169178144
-0.09703218049271065
-0.0032805328785432105
0.09996767737704193
0.2015110113443097
0.29309298196821054
0.3705791576406895
0.4332883227084086
0.48269939889877056
0.5212537186013375
0.5515264449038214
0.5757742511639796
0.5957582725985229
0.612729765503456
0.6274948439097501
0.6405094066357074
0.6519812148714216
0.6619709021532906
0.6704905482457272
0.6776009350380353
0.6835092942242846
0.6886699395556194
0.6938914839854582
0.7004546864145074
0.7102364654508667
0.7258003408625064
0.7503245681638318
0.7870753772236367
0.8379213465471754
0.9002922333043325
0.962481401169382
0.9993226129046926
0.976089870800611
0.8816575990131682
0.8387350083146551
-0.2592958857942208
-0.22045673879699357
-0.14556290437880637
-0.04780238845549378
0.05875843561533979
0.16203041931416462
0.25404015607382824
0.3311633826395604
0.39312993060549
0.4416712894174638
0.47935627945943193
0.5088119616188248
0.5323098597053304
0.5516118927220796
0.5679669506568165
0.5821794140656693
0.5947045772794345
0.6057502108262094
0.6153770709458121
0.6235972720282213
0.6304715997551193
0.6362074330280263
0.641259418133885
0.6464359915282191
0.6530143800107897
0.66285686242478
0.6784842452667785
0.7029728196327102
0.7393798528283853
0.7892019565220407
0.8493047117711336
0.9073134263205125
0.9376905004595616
0.9067230885607656
0.8081290726646011
0.7782300668953325
-0.2955722274896968
-0.2711077977843426
-0.19588672451671052
-0.0944023392612285
0.015321430561327008
0.12034778457989934
0.21293800829714288
0.28991921197455883
0.35138852127680126
0.3993041714527505
0.4363499481976647
0.46520006796938934
0.48813982907502773
0.506932120314314
0.5228238042965101
0.5366176763058641
0.5487683929111666
0.5594836313866386
0.5688241933193188
0.5768022090129241
0.5834784695847531
0.589060411719589
0.5940026579589865
0.5991126523202766
0.6056627448850096
0.6154990619019227
0.6310993343549991
0.6554416856756952
0.6913877854489024
0.7400930814336141
0.7979156003020521
0.8518974049521473
0.8762233770728911
0.8382243089658292
0.7362439888709421
0.7193508128444616
-0.33416701465454185
-0.3227825588743547
-0.2472661846212762
-0.14235952575602373
-0.02968244970189815
0.07704746723285874
0.17029192127048096
0.2472771764986092
0.30842631566847345
0.35589885435096325
0.3924805452384753
0.42088736466016935
0.4434167742889316
0.46183249054950926
0.4773795486409953
0.4908592965483105
0.5027257721325908
0.5131865188097704
0.5223023460574681
0.5300853908184349
0.5365964455557664
0.5420429336539135
0.5468792033325088
0.5519111679088209
0.5584055006244708
0.5681915502714178
0.5837048411818827
0.6078305157930015
0.6432490126973924
0.6908048433263734
0.7464006993505528
0.7965680683041811
0.8152818611700758
0.770896481717559
0.6660741109822915
0.6616124959986586
-0.37473756402746805
-0.37494747304275416
-0.29910857091605814
-0.19109347356631887
-0.07571978210672319
0.03260209833419261
0.12651127792528236
0.2035863620893385
0.26453715882245743
0.3116994251289014
0.3479475948347033
0.3760335319744039
0.3982648322466824
0.4164056209815751
0.43169916828033605
0.44494547478667895
0.456597993884935
0.4668641245106619
0.47580466759216317
0.4834317623331128
0.48980619708286743
0.49513533036432567
0.49987307043204116
0.5048234715721648
0.5112471305723985
0.5209566335382102
0.5363470299448121
0.5602165882214196
0.5950794019563753
0.641498418801074
0.6949691667184148
0.7415748480477856
0.7551261243499474
0.7049397244804245
0.5976159769888971
0.6045427144786861
-0.4169924154716541
-0.4271727938242011
-0.3509420453584157
-0.24014316951827297
-0.12236662227525633
-0.012612070897698027
0.08192254436488142
0.15912555750814417
0.2199559854433969
0.2669012064546074
0.30291089141922156
0.3307665864648003
0.3527836794558992
0.370726066698106
0.38583519505271924
0.39890977175814135
0.41040269663212753
0.4205212256746906
0.42932614506296435
0.43682959430657614
0.44309235284932846
0.448321679976693
0.4529709425312884
0.4578421594537853
0.4641897351553559
0.4738099519003851
0.48905969706580793
0.5126570476260119
0.5469648374408651
0.592292876403711
0.6437741885216549
0.6870974790263028
0.6959374656169102
0.6404795064105249
0.5308253260555283
0.5477197327123599
-0.46066898885548785
-0.47910915688360356
-0.4023935936038148
-0.2891473856729781
-0.1692914311081764
-0.05830055247155611
0.036781709661625236
0.11411380674245301
0.1748677297138366
0.22165821181059933
0.2574966393390291
0.2851878123285152
0.3070523469566703
0.32485310913502674
0.33982956828504496
0.3527791493428915
0.3641542189739613
0.37416189494946617
0.3828629469496181
0.39026951397126
0.3964423631027431
0.40158863344879137
0.4061610947223001
0.4109596592091165
0.4172326153993903
0.4267606956464729
0.4418653104598153
0.46519136233559666
0.4989655210162601
0.5432719913674783
0.5929231045878255
0.6332602794437279
0.6378374557784223
0.5775908854132304
0.46564558216527624
0.4908023329448205
-0.5055153410165079
-0.5304672610093464
-0.4531693308516647
-0.3378268374179726
-0.2162394827662462
-0.10423725492034837
-0.00871436941726693
0.06871998020161033
0.1294153528438098
0.176089818736749
0.21180292098297218
0.23937614372687915
0.26113261886777805
0.2788332665583309
0.2937153541965333
0.30657500117089065
0.31786405001768736
0.32778948429386173
0.33641205704504595
0.34374390643737496
0.3498457850662261
0.3549247004465613
0.3594328000312582
0.3641678868202488
0.37037233363732586
0.37981226273088164
0.39477651804131303
0.41784402185364355
0.4511202995742749
0.49449075059353054
0.54248671757437
0.5801448819796853
0.5809045125470718
0.5163188087521939
0.40203063923554416
0.4335517934847083
-0.5512758846202656
-0.5810007340498572
-0.5030373634362878
-0.3859684161962714
-0.26301899294961056
-0.15025257948551776
-0.05441789585593732
0.023071223879343426
0.08370687814249106
0.13028657206058905
0.16590441787966365
0.19339192642926975
0.2150719394015421
0.23270244222434358
0.2475182285163031
0.26031406444970495
0.271541268127971
0.28140669111617506
0.2899710700625278
0.2972465421898764
0.30329384446096097
0.3083198475561533
0.31277607056871265
0.3174582466029469
0.32360310769594486
0.33296321540814394
0.3477978845224897
0.37062733783088225
0.4034508920900073
0.44598144188633576
0.4925077189804975
0.527801416228532
0.5251880146646186
0.4566947496890432
0.33996246032310473
0.37584684455252015
-0.5976808050366147
-0.6304920838522322
-0.5518131932688566
-0.43341152046159465
-0.3094889968323534
-0.19622299809863014
-0.10022133439199316
-0.022739699941568447
0.03782145866459196
0.0843151473199466
0.11985641346402533
0.1472800800110705
0.16890583747559076
0.18648770424831196
0.20125769993630022
0.21400917446037976
0.225192914827293
0.23501564120415686
0.24353807403101774
0.25077234955202793
0.25677918859465004
0.26176532335213587
0.2661816492799483
0.2708218925685406
0.2769174607027375
0.2862084637190191
0.3009277926174054
0.32354429753234776
0.3559659860227817
0.3977593299980492
0.44300828599097186
0.47625827441906454
0.47072020192101316
0.39875009140927153
0.27946413103417733
0.317692552732492
-0.644438872013767
-0.6787415439163719
-0.5993475357570839
-0.4800363830147646
-0.35554888279852687
-0.24206201769316896
-0.1460497881662416
-0.06864807754925673
-0.008185420507829862
0.038222570860303576
0.07369816376068258
0.10107273272523228
0.12265992416582551
0.14020873411025864
0.15494809286158542
0.16766986270646067
0.17882428925432922
0.18861796080767337
0.19711158166810902
0.20431728709165523
0.21029578161095158
0.21525365911711677
0.21964120160107267
0.2242502031031005
0.23030708336621844
0.23954064030769803
0.25416048456855744
0.2765914627964114
0.3086652215445744
0.3498279757182864
0.3939969605287732
0.42553065084601377
0.41752616251593744
0.3425267123180282
0.22060902679031796
0.259224065133843
-0.6912333526525801
-0.7255585911781876
-0.6455163669925859
-0.5257542288949391
-0.40112942366725746
-0.28771237554240303
-0.19185439739448767
-0.11461176642704149
-0.054277465713670085
-0.007960175527693798
0.027455748852690358
0.05479142446341213
0.07635153948382131
0.09387900089498809
0.1085993276792287
0.12130281939533996
0.13243916828446592
0.14221482979447456
0.1506904920796095
0.1578782894058165
0.1638389100013035
0.16877881042135454
0.1731476716658721
0.17773543538411637
0.183763879501889
0.19295164485189098
0.20748823398827967
0.22976192201436457
0.26154309680805043
0.3021842681789517
0.3454749329440122
0.3756280499981556
0.36563220162651694
0.2880851988277257
0.16352669377637807
0.2007060372335575
-0.7377207632429221
-0.7707559126887326
-0.6902129980473524
-0.5704990725245861
-0.4461851203135587
-0.3331392857995719
-0.23760658684091188
-0.16060641154069083
-0.10043367181020336
-0.05421502810158378
-0.01885547449199979
0.008448979744169279
0.029991131304527564
0.04750672508750947
0.062217544168663354
0.07491224905451038
0.08603996609595577
0.09580701671603531
0.10427407288215282
0.11145326786993687
0.11740527364141246
0.12233641062897034
0.12669577205116503
0.1312715286658297
0.13728116659810732
0.14643433565015537
0.16090363531208163
0.18304829752282625
0.21459281891744728
0.25482322687028336
0.29744183121330725
0.32656092478435816
0.31507283348069304
0.2355110340100132
0.10840592849913544
0.14252840205285144
-0.7835322308962612
-0.8141456105034232
-0.7333419756392814
-0.6142209594895502
-0.49068766843468276
-0.37832455449438906
-0.2832929879871891
-0.2066211923130547
-0.14664484346909162
-0.10053405887413538
-0.06522870210793563
-0.03794885016457009
-0.016416552481242956
0.001095695321556428
0.015805614610827672
0.028500150211547042
0.03962784995915959
0.04939490004824669
0.05786195621387719
0.06504115074135709
0.07099313937340923
0.07592410767846132
0.0802825744714607
0.08485502178228167
0.09085499686977279
0.09998433655492645
0.1144019851585293
0.13644579318462036
0.1678101015640303
0.20774259789638366
0.24990107315511095
0.2783465471256387
0.2658965584357598
0.18491900023671595
0.055495391159529894
0.08519893644233145
-0.8282772598839226
-0.8555374480404259
-0.774814617759376
-0.656880466354692
-0.5346203676665604
-0.4232613897967113
-0.3289108724103286
-0.2526549485396945
-0.19291040242181481
-0.1469169141293794
-0.11166368595662574
-0.08440188445833562
-0.06287138319449233
-0.04535400227805507
-0.03063640883832054
-0.01793345047061542
-0.0067971704832883876
0.002978480886930969
0.011454143097349954
0.018641947442946928
0.02460253349405906
0.029541953217257253
0.03390816445992932
0.03848604322329099
0.04448555405496748
0.05360191333350866
0.06798371092667785
0.08995524182265804
0.12119687725335553
0.16094722561756603
0.20286478218670934
0.2310141383201168
0.21817048828882718
0.1364559052414402
0.005101920200305754
0.029332862566531337
-0.8715497061780064
-0.8947389499010147
-0.814546003349928
-0.6984442847137786
-0.5779733071737032
-0.46794975078340045
-0.3744639499874942
-0.2987125504116235
-0.23923535832302245
-0.19336836461143647
-0.15816481636758803
-0.13091406760263744
-0.10937681395055815
-0.09184528760156782
-0.07711087102795418
-0.06439028070274737
-0.05323616356714812
-0.04344260745090152
-0.03494898921317424
-0.027743178549555464
-0.02176455202426066
-0.016807190056308537
-0.012423682424927456
-0.00783067625959052
-0.001821430817590104
0.007293856991282378
0.0216567797603077
0.04358608284922528
0.07476485370458585
0.11445313099815363
0.1563582027066963
0.1846092035992513
0.17198377664703735
0.0903016053035628
-0.04241345676716024
-0.024360494288937495
-0.912935755052015
-0.9315571677953438
-0.8524532433931264
-0.7388817297082486
-0.6207391797780939
-0.5123920980558886
-0.4199584063007572
-0.3448013979476866
-0.28562733944707164
-0.23989587452876374
-0.2047392010865245
-0.17749201078614815
-0.15593882561594732
-0.1383833738881614
-0.12362207686884617
-0.11087359456464382
-0.09969118931919357
-0.08986908750635642
-0.08134668230562594
-0.07411184440503396
-0.06810396651703488
-0.06311726049769027
-0.058704851208268335
-0.05408482751600419
-0.04805331431147858
-0.038924706137803126
-0.024561002817040857
-0.0026408309981131796
0.028538803093740434
0.06829117529319391
0.1104234839335652
0.13919693013434847
0.12744970419074733
0.0466681658796519
-0.08664198538200353
-0.07509417271757651
-0.9520236716557596
-0.9658019173739502
-0.888454865605458
-0.7781620269124544
-0.6629095959196862
-0.5565894316691836
-0.4653990764968944
-0.39092795719397594
-0.332093599534493
-0.286507113950208
-0.251394673622516
-0.22414346036440713
-0.20256480448703915
-0.18497499554861885
-0.17017580595935258
-0.15738790859866233
-0.14616519088538024
-0.13630201807096942
-0.12773779955643333
-0.12046040703100787
-0.11440924953913612
-0.10937867028155675
-0.1049223192576348
-0.10025965149168257
-0.09418930892730365
-0.08502867595322608
-0.07063991975319286
-0.04869073102979703
-0.017440568668109058
0.022510134907928414
0.0651226346655852
0.0948644253053473
0.08470616738744774
0.005796876991353115
-0.12713643775728392
-0.12202352347948506
-0.9884150558065995
-0.997290275460895
-0.9224711463825104
-0.8162522442447118
-0.704471788440355
-0.6005375250478487
-0.5107856770031064
-0.4370942637620109
-0.37863793813558844
-0.33320735726667083
-0.2981376782051898
-0.27087564514679296
-0.24926230843853991
-0.2316275387959235
-0.21677874756415794
-0.20393867827296985
-0.19266184852562745
-0.1827427614388208
-0.1741208423118246
-0.16678396386591812
-0.16067155209019673
-0.15557808349769162
-0.15105772944552856
-0.1463312496476423
-0.14019948090189044
-0.13098162841745167
-0.11653663426674969
-0.0945128989516946
-0.06311436578646767
-0.022821037261420922
0.020539389220925935
0.0517214966767503
0.04391422935123285
-0.032047264716592
-0.16342359543344454
-0.16427013288793857
-1.0217372832383704
-1.025852106163587
-0.9544252223495913
-0.8531157473919412
-0.7454056189408708
-0.6442232872903955
-0.55610904127353
-0.4832943480473787
-0.42525749322200973
-0.3799967286943926
-0.34497099350933164
-0.31769346576731367
-0.2960376864539169
-0.27834804274094493
-0.263437827739344
-0.25053189232357936
-0.23918538107150353
-0.22919293150564818
-0.220493984090012
-0.21307641266783595
-0.2068796617107849
-0.20169834721996316
-0.19708717041204532
-0.19226816222932344
-0.18604408606485343
-0.17673488770528065
-0.16219300922353197
-0.14003929687445726
-0.10840409011004305
-0.06761203443532031
-0.023220329871959957
0.009899611244175708
0.005254318763251763
-0.06658407594766631
-0.19502048731245097
-0.2009503036147598
-1.0516567599190028
-1.0513363595939835
-0.9842448106987545
-0.8887110682537758
-0.785680815967749
-0.68762120996523
-0.6013473305149841
-0.5295105601527239
-0.4719393860346086
-0.42686727371908684
-0.3918912716247217
-0.3645975001082986
-0.3428945238379994
-0.32514204306925426
-0.31015940243766915
-0.29717356267113765
-0.28574027866670554
-0.2756543149608784
-0.2668551257840581
-0.2593305863296897
-0.2530201628877494
-0.24771862484923823
-0.24298123370787317
-0.2380313074919085
-0.23167336331569804
-0.22222717013823354
-0.20753563720729432
-0.18518408174608705
-0.15321133484245136
-0.11175141077421716
-0.06602971006944931
-0.03045137586678744
-0.031080386656717807
-0.09753022554272316
-0.2214549495806915
-0.23120870361296036
-1.0778925574880809
-1.0736178604900195
-1.0118643633050066
-0.9229910862552039
-0.8252543942320089
-0.7306898776188578
-0.6464622144335541
-0.57570979540803
-0.5186572183723763
-0.47379985218984144
-0.4388863818016764
-0.41158180805138816
-0.3898318912185395
-0.372012233131732
-0.3569482905638226
-0.34386908573078434
-0.3323309473161626
-0.3221287537184485
-0.3132019705550472
-0.30553847488948477
-0.29907776139498393
-0.2936147798894826
-0.28870541874021255
-0.2835743790029756
-0.2770279127057616
-0.2673849606263671
-0.2524762797499645
-0.22984424438943268
-0.19741887001950653
-0.15510852241051754
-0.10774449213298692
-0.06916915772994155
-0.06489387418283551
-0.12461531540017055
-0.24229106106066878
-0.2542577494421871
-1.1002299399527775
-1.0926042778278884
-1.0372274752673902
-0.9559024321858435
-0.8640682221473482
-0.7733685432006778
-0.6913950397716578
-0.6218396426830459
-0.5653674410079534
-0.5207608636351174
-0.48593255940494645
-0.4586315257589621
-0.4368423786225325
-0.4189569170962679
-0.403806617891303
-0.3906224455608692
-0.3789612386808766
-0.3686179685482143
-0.3595321084578448
-0.3516915384279752
-0.3450357935181859
-0.3393600520412772
-0.3342209521291616
-0.3288447962614436
-0.32203978599308425
-0.3121237861059755
-0.2969134206305537
-0.27390162178759614
-0.24089341452310972
-0.19753753647325437
-0.14820894597632026
-0.106088005349076
-0.09600096787592607
-0.14760248071433515
-0.257159925629343
-0.26942315816473356
-1.1185332379343862
-1.108242942462358
-1.0602893648843659
-0.9873850337030275
-0.9020467219924355
-0.8155737900042513
-0.7360630251694925
-0.6678244967299681
-0.6120056278720806
-0.5676988274388773
-0.5329913683041274
-0.5057202431525639
-0.4839098952141001
-0.4659682252819556
-0.4507324348521408
-0.4374352185549159
-0.42563382556226304
-0.4151232892495041
-0.4058430852390509
-0.3977810986072171
-0.3908769254619366
-0.3849260527082199
-0.3794860746307726
-0.373785292075577
-0.36663440747401616
-0.35635054185662773
-0.3407351302455323
-0.3172265226305731
-0.2834903777537807
-0.23888383179418785
-0.18726473703616517
-0.14105127178641144
-0.12424514416822259
-0.16631387407097264
-0.2657961074401345
-0.2761958641173437
-1.132757480223027
-1.1205271597804525
-1.0810192400751226
-1.017371731113024
-0.9390947029044618
-0.857196320254487
-0.780355539255978
-0.7135616920319768
-0.6584827034181558
-0.6145408489806353
-0.5800064886444813
-0.5528071570710222
-0.5310072092749608
-0.5130300512208741
-0.4977180564483807
-0.48430532091953993
-0.4723493619222645
-0.4616452325927142
-0.452132403760371
-0.443798769394169
-0.43658402041509414
-0.4302840790968272
-0.4244578211389296
-0.4183361928869328
-0.41073341578563977
-0.399966998873678
-0.3838234083278577
-0.35968317208237843
-0.3250608122478091
-0.2789930604694824
-0.22476296728027
-0.1739276495487273
-0.14952073533399451
-0.18066120146548764
-0.2680797551601771
-0.27429013131977376
-1.1429581561837356
-1.1295016500903678
-1.0994023668804562
-1.0457879019877274
-0.9750953418451647
-0.8980979270727885
-0.8241305346389579
-0.7589177287103608
-0.7046811796448909
-0.6611890069988308
-0.6269003406245041
-0.5998339855126582
-0.5780931901067086
-0.5601156513910617
-0.5447480485130792
-0.5312254111504372
-0.5191053327607236
-0.5081828318282158
-0.49839736580734206
-0.48973684418748753
-0.48214110536686167
-0.4754066990910295
-0.46909427087586364
-0.4624383982869824
-0.4542584652646563
-0.4428745648909985
-0.42606011104458863
-0.4011371114809804
-0.365460734508502
-0.3177230351178183
-0.26057954160121416
-0.20463128636464628
-0.17179953640998902
-0.19068117685607774
-0.26408405463379214
-0.26370717270985833
-1.149298459291338
-1.1352667426042926
-1.1154416598817607
-1.072551044146031
-1.0099083419634511
-0.9381087213803389
-0.8672112236362772
-0.8037246708215067
-0.7504514642898488
-0.7075166967049085
-0.6735705476678842
-0.646721614131347
-0.6251096920402318
-0.6071848197538755
-0.591796748551794
-0.5781808168321679
-0.5658944498327537
-0.5547325663135575
-0.5446346014871872
-0.5355884913001298
-0.5275343003061043
-0.5202694857583624
-0.5133571677116605
-0.5060369845117537
-0.4971359385990177
-0.4849802774475255
-0.46733446386390504
-0.4414645691036083
-0.4045628305449535
-0.35495843631309487
-0.29463379944021845
-0.2331455990416019
-0.19116149356546128
-0.19657533043341463
-0.25412709752089824
-0.24480288300735908
-1.1520533537798954
-1.1379809506772702
-1.1291586229854769
-1.097570279106813
-1.0433683118561259
-0.9770246987121475
-0.909383092434863
-0.8477768039883544
-0.7956083026465095
-0.75336495722119
-0.7198862285314978
-0.6933664236493092
-0.6719779890338106
-0.6541805080262559
-0.6388251586202166
-0.6251467948783384
-0.6127023798689402
-0.6012866618425852
-0.5908390473461159
-0.5813475161071224
-0.5727524716479238
-0.5648526725909747
-0.5572146956078651
-0.5490852337397341
-0.5393023898872475
-0.5262038623792892
-0.5075520000700274
-0.4805636342901916
-0.4422703485221168
-0.3906280798918534
-0.32691004259821826
-0.2595502451800933
-0.20782868001730564
-0.1987530162570485
-0.23882651534153626
-0.21835736830801533
-1.1516098142458278
-1.1378615671782388
-1.1405934826054196
-1.1207457528549323
-1.0752834236970643
-1.0146057435600566
-0.9503913595454264
-0.8908276433634291
-0.83992741276225
-0.7985388009580184
-0.7656840873187039
-0.7396362155209144
-0.718594625363811
-0.7010247073717446
-0.6857769798383375
-0.672084853794756
-0.6595044989155896
-0.6478304270519382
-0.6370020174158451
-0.6270073199780638
-0.6177872325714101
-0.6091423504409986
-0.6006440325275055
-0.5915487165839719
-0.5807103477165056
-0.5664854829359508
-0.546644532670173
-0.5183668038141416
-0.4785326764715274
-0.42472412562491096
-0.3574811620963745
-0.2840501944522559
-0.2222011329052033
-0.19787568781864154
-0.21915427123136788
-0.18564277618954367
-1.148462612190393
-1.1351829396538369
-1.1498043742022022
-1.1419679283195872
-1.1054344240543257
-1.0505741820173833
-0.9899389934244783
-0.9325873860145152
-0.8831423690475415
-0.8428035480722575
-0.8107642443262422
-0.7853656139533408
-0.7648264941516969
-0.7476133378822487
-0.7325734726041881
-0.7189377644503124
-0.7062612477198523
-0.6943381561905447
-0.6831078602372987
-0.6725585191970171
-0.6626317304167306
-0.6531306287031221
-0.6436330909919341
-0.633408821455264
-0.6213338525776902
-0.6057935232393242
-0.5845804531836306
-0.5548541133793982
-0.5133616933999079
-0.457322130324684
-0.38653300063107066
-0.30700516338974976
-0.23489230674138506
-0.19489951798731914
-0.19648779471086322
-0.14848446061186374
-1.1432050631508826
-1.1302721151255735
-1.1568654679629942
-1.1611167856716091
-1.1335740905120903
-1.0846140098946166
-1.0276854162524645
-0.972720907676427
-0.9249417865753744
-0.8858811553217476
-0.8548857233295376
-0.8303507793539888
-0.8105048948229929
-0.793809812454424
-0.7791067266013734
-0.7656227650123748
-0.752911521115468
-0.7407669654347783
-0.7291285108402462
-0.7179844821947702
-0.7072774355400181
-0.696813936138482
-0.6861805835944822
-0.6746648294917532
-0.6611727789776826
-0.6441313911295672
-0.621374249368622
-0.5900656120910349
-0.5468474593793103
-0.48860024003595875
-0.41438737074341186
-0.3289568259023923
-0.24676087916055128
-0.1911122126801947
-0.1726521645519129
-0.10930872921311742
-1.1365142021860384
-1.1235015842681086
-1.1618639519175278
-1.1780609756365548
-1.1594272545592739
-1.1163709489613702
-1.063246043037055
-1.0108464203193783
-0.9649668662570006
-0.927446524763156
-0.8977614921083562
-0.8743432315951536
-0.8554182634727766
-0.8394368620141921
-0.8252308209535013
-0.8120223368320623
-0.799363369788744
-0.787047749433378
-0.7750150402167394
-0.7632538110048128
-0.7517078873413153
-0.7401883509161261
-0.728293237049571
-0.7153332870260474
-0.7002546090864283
-0.681541898131594
-0.657093653165365
-0.6241113906283355
-0.5791711801142649
-0.5188550819501659
-0.4415207850388536
-0.3506501868244045
-0.2589344211543868
-0.18815840124497146
-0.14994628412741998
-0.07116830610928768
-1.1291299242322517
-1.1152789070003857
-1.1648958361014166
-1.1926570149973799
-1.1826915563672582
-1.1454535304184057
-1.0961928512564592
-1.0465349496937721
-1.0028093967579115
-0.9671238023413895
-0.939052962481577
-0.9170425720200818
-0.8993032383692257
-0.884266152264487
-0.8707502709515509
-0.8579718155152598
-0.845481150727151
-0.8330722726910096
-0.8206851025236661
-0.8083085600847544
-0.7958880893880095
-0.7832405534028885
-0.7699786477510169
-0.7554430585645642
-0.738631911525006
-0.7181073084315351
-0.6918623002212545
-0.6571767647516736
-0.6106126738341207
-0.5485110862671668
-0.46857497192292996
-0.3730443347000567
-0.2728190422318286
-0.18804630442671807
-0.13114397359120566
-0.037734219414922464
-1.1218277135719714
-1.106033074419087
-1.1660606115612837
-1.2047486880882885
-1.203039179345976
-1.1714354947351358
-1.1260562719110432
-1.079310889579605
-1.0380104038407019
-1.0044827633977687
-0.9783639301431559
-0.9580879493882933
-0.9418337571181195
-0.9280052309241158
-0.9154051383459757
-0.903243051802599
-0.8910681815988495
-0.8786752971654769
-0.8660050343884264
-0.8530468066988247
-0.8397480326966825
-0.8259327468414966
-0.8112319850143664
-0.7950241133985266
-0.7763733990159338
-0.7539427089556796
-0.7258552692515937
-0.6895196117964563
-0.6415488511782546
-0.5781191100816232
-0.49635421737972524
-0.3973065417809195
-0.2900876096205137
-0.19312655075221455
-0.11945869049662411
-0.013240154449151638
-1.1153847067254214
-1.0961975746747845
-1.1654549178624733
-1.214166953645569
-1.220119967281111
-1.193859971166204
-1.1523288834647802
-1.1086540918105523
-1.070059846055735
-1.039035589912679
-1.015234135605565
-0.9970483032769214
-0.9826080524089615
-0.9702814925531319
-0.9588523046590821
-0.9475234312252174
-0.9358440189043056
-0.9236106812924698
-0.9107653631206182
-0.8972981574119923
-0.8831587634211774
-0.8681797930580483
-0.85201461152497
-0.8340879181441222
-0.8135462054441969
-0.7891800556172859
-0.7592844931090578
-0.7214563818946138
-0.6724391177507076
-0.6083394777124982
-0.5258036207046939
-0.4247824860204004
-0.3126376533427533
-0.20603216882580216
-0.11845832020375131
-0.002362536269784974
-1.1105390154580794
-1.08619032105873
-1.1631655885945382
-1.2207309069944359
-1.233566616099109
-1.212246227577852
-1.1744717517756786
-1.1340043411144674
-1.0983981667972422
-1.070234768753678
-1.0491330576694524
-1.0334118470534401
-1.021133834039944
-1.0106232557744987
-1.0006427975376615
-0.9903899319514438
-0.9794158280902217
-0.9675207106619501
-0.9546487814758164
-0.9407910510885368
-0.9258996607035138
-0.9098170311239131
-0.8922228785048153
-0.8725974562991963
-0.8501871230141866
-0.8239402890578139
-0.792370992085331
-0.7533331617099147
-0.7037933334748667
-0.6399041090621687
-0.5579616989058306
-0.45693445519489234
-0.34250883321170145
-0.22956715737183728
-0.13191438369309874
-0.010016955422251643
-1.1079425389720645
-1.0763909383531243
-1.1592628364785833
-1.2242508044249119
-1.2430031577074891
-1.2261003738242968
-1.1919249139445356
-1.1547697734282516
-1.12242126830574
-1.0974736323334355
-1.0794553703237475
-1.0665760908463366
-1.05681279459749
-1.048438902584382
-1.040195915469707
-1.031278752515045
-1.0212441607748382
-1.009898760799025
-0.9971904791861306
-0.9831115427636764
-0.9676164043221255
-0.950558047957596
-0.931646136717911
-0.9104256547531903
-0.8862612635227485
-0.8582915860123066
-0.8253014821461055
-0.7854786740470594
-0.7361183391969958
-0.6735526145792364
-0.5938807639470973
-0.4952391082645466
-0.3817492180573732
-0.2665299924245017
-0.16356846523796806
-0.04104940662571503
-1.108108017814771
-1.0671165049828728
-1.1537950398307917
-1.2245349663754814
-1.2480588760908184
-1.2349324352305087
-1.2041246414263451
-1.1703420286877502
-1.1414917898095585
-1.12009245280878
-1.1055209459643105
-1.0958412092203271
-1.0889271240971008
-1.0829966139411529
-1.076772511813059
-1.0694526839993155
-1.060605121873046
-1.0500470834154298
-1.0377324347412995
-1.0236549874644565
-1.0077708663471427
-0.9899434413383443
-0.9699147876935623
-0.9473027840573595
-0.9216083861857465
-0.8921935655339268
-0.8581686160464261
-0.8181377249675097
-0.769840575765976
-0.7099385919632542
-0.6345096417207947
-0.5410372387662968
-0.4322201488945422
-0.31945852049789364
-0.21679822547309655
-0.09979974173617681
-1.1113519925604198
-1.0585979002433565
-1.146787807113031
-1.2214037653670746
-1.248391362115619
-1.238283952194291
-1.2105320221270501
-1.1801229872469983
-1.154961771256747
-1.1373953282408198
-1.1265847305480483
-1.1204121049936018
-1.1166333597973193
-1.1134099629448906
-1.1094526064093304
-1.1039712846142244
-1.0965538662327166
-1.087034536389449
-1.075376371126192
-1.0615752138746641
-1.0455874009499775
-1.0272849218079996
-1.0064425660958785
-0.9827568174166248
-0.9558805908851052
-0.9254307453100226
-0.8908975857758369
-0.8513870426847722
-0.8052056750198175
-0.7495055859053904
-0.6805363403571292
-0.5953307665313546
-0.4953319013457649
-0.3902847003802334
-0.2941668461683101
-0.18951557151802048
-1.117736887331491
-1.0509606942200886
-1.1382520389933923
-1.2147162125604474
-1.2437249881666066
-1.235773097865769
-1.2106804881195412
-1.1835712636162687
-1.1622153314006427
-1.1486868541226374
-1.1418657645875936
-1.1394186493140557
-1.1389731955157376
-1.1386390857471103
-1.137127106155503
-1.133673677687757
-1.127899275017705
-1.119664134819942
-1.108945282446886
-1.0957411267857016
-1.0800055002218396
-1.0616147353624363
-1.0403730155781414
-1.0160566311838402
-0.9884810854296989
-0.9575446444212579
-0.9231679796997326
-0.885041645523173
-0.8421620784401486
-0.7923382770881406
-0.7321942435796418
-0.6585279385370904
-0.5717078150320996
-0.47989270589766225
-0.3968442873553766
-0.31159874519040415
-1.1270180318988903
-1.04421746785989
-1.1282090369566238
-1.2044183764793617
-1.2339151935039874
-1.2271687982628656
-1.2042547780384
-1.1802818479329464
-1.1627455428772928
-1.1533434475160558
-1.1506108015352297
-1.1519700452460602
-1.1549176194445745
-1.1575241632106579
-1.1585206903493916
-1.1571913259490891
-1.153207449313891
-1.1464683426665732
-1.1369717358690192
-1.1247192305017253
-1.1096575922731584
-1.0916594498876036
-1.0705494284576769
-1.0461774745718455
-1.018523501780348
-0.9877838944553003
-0.9543499224371408
-0.9185701409411248
-0.8802460849137571
-0.8380048332916537
-0.7890457206571062
-0.7301479007028804
-0.660784506991778
-0.5875835099372761
-0.5238978813698784
-0.46467508145181047
-1.1386056350641542
-1.0382831748720327
-1.1167459807305122
-1.190628698953327
-1.219055359278126
-1.2125122740142849
-1.191221289710923
-1.1701202654873941
-1.1562881607094344
-1.1509431394470322
-1.1522173802663331
-1.1572691084496096
-1.1634710242038018
-1.1688786398303315
-1.1722740223153791
-1.1730196492010898
-1.1708635799474725
-1.1657623538480806
-1.1577438920277179
-1.1468137150190296
-1.1329043189172772
-1.115871118907199
-1.0955418944191633
-1.0718229052859982
-1.0448463829995995
-1.0151072217706396
-0.9834893479945941
-0.9510534592856449
-0.9185020564509636
-0.8854228431656914
-0.8497736142606026
-0.8085123625692766
-0.7603722312113644
-0.7104652805407843
-0.6714656312533385
-0.6434933535723459
-1.151558333509159
-1.0330325186963518
-1.1041232318998766
-1.173784189883177
-1.1996527462687028
-1.1923148823561376
-1.1720409855191336
-1.1534445581964015
-1.143047498977109
-1.141490972963952
-1.146455194168402
-1.1548268917480302
-1.1638772002402447
-1.1716854983112375
-1.1771299591755093
-1.1796944785726189
-1.1792394943700648
-1.175803971378399
-1.169459167790448
-1.1602153517170688
-1.1479798613223253
-1.1325696928801032
-1.1137865812025511
-1.0915594767066632
-1.0661401460523043
-1.0382974164914351
-1.0094010441992283
-0.9812458025622958
-0.9554962186359559
-0.9328063215074024
-0.9120364112194108
-0.8904775963300422
-0.8662250272223668
-0.8428144325920239
-0.8318508813357329
-0.8376844609988638
-1.1646350848610423
-1.0284295067549882
-1.0909671772436942
-1.1548848119417192
-1.1769143650178513
-1.167876586706364
-1.1480124931977487
-1.1314658801453934
-1.124068222448454
-1.1257965770181244
-1.1338449720965464
-1.1448393758120365
-1.1559913284330694
-1.165463013128848
-1.1722924317257628
-1.1761442345722612
-1.1770399713532362
-1.1751353830813915
-1.1705630607402588
-1.1633389517673827
-1.1533293035580325
-1.140280886147633
-1.123923621256734
-1.1041526172861902
-1.081276867875724
-1.05627830743994
-1.0309628348283866
-1.0078320928988846
-0.9895187109827048
-0.977788130821677
-0.9724803028837297
-0.9712978515210922
-0.9717084548143056
-0.9754905069699218
-0.9926153746765295
-1.030449914677404
-1.1764473770468264
-1.0247759721982366
-1.0786003996586853
-1.1358928910969734
-1.1532046143889487
-1.1417917712505665
-1.1218168352445437
-1.1068236641182136
-1.1018333327837881
-1.1060883224891063
-1.1162832243443188
-1.1288183702398735
-1.1409137810732302
-1.150899362917038
-1.158060882813575
-1.162324193506926
-1.1639376570369178
-1.1632201478219668
-1.160389951254831
-1.1554697265974825
-1.1482619066927842
-1.1383968907486666
-1.125464460734098
-1.1092379167157793
-1.0899802913211953
-1.0687750603389103
-1.0477537747665984
-1.0300268736847369
-1.0191203039482366
-1.0178649368934702
-1.0270550275270742
-1.0447657492614169
-1.067707857901774
-1.0955437075117767
-1.1358037152169107
-1.1973049275554626
-1.1857760304200191
-1.0231500679409429
-1.0695871095140357
-1.1203724660369778
-1.1327665223706929
-1.1187410156436923
-1.0983689915674744
-1.0844869328762168
-1.0812060630562377
-1.0869876922760608
-1.0980422018250802
-1.1106115166181678
-1.1220260281800647
-1.1309017036492057
-1.136891108288685
-1.1402889001557475
-1.1416578549578185
-1.1415419020203812
-1.1402776631589941
-1.137895636629452
-1.1341027055386756
-1.1283476675478439
-1.1199816679802226
-1.1085259701206955
-1.094039165242749
-1.0775255891025122
-1.0612484216755997
-1.0487304664191885
-1.0442026414513947
-1.0513857630907255
-1.071855733717487
-1.1038518417215772
-1.1429978543677448
-1.1862326497961773
-1.2375117657692332
-1.3050815074275885
-1.1921489677523192
-1.0261403600535783
-1.0686089336871583
-1.114493195463608
-1.1228406559032595
-1.1067121814473138
-1.086128711444671
-1.0731429849377383
-1.0708854653989988
-1.0770219571295225
-1.0873312433532467
-1.0980054627428024
-1.1066304648539274
-1.1122691611048854
-1.1150995416990033
-1.1159273305209374
-1.1157453702015174
-1.1154045812950608
-1.1154032442365245
-1.1157809076785747
-1.116105361851833
-1.115553507098517
-1.1130996065771792
-1.107826782842825
-1.0993573148681182
-1.088343557261756
-1.076874300773938
-1.0685555497468637
-1.067980468344524
-1.0794069537703392
-1.1048168822926787
-1.1421712017428973
-1.1854011752944476
-1.2277788760967767
-1.2681218939256271
-1.3115084996027928
-1.1968217239791514
-1.0390298359445616
-1.0838381560242596
-1.1285787436473147
-1.135374355712436
-1.118856012819044
-1.099088072669445
-1.0873029653754
-1.0856169261330721
-1.0909278409999519
-1.0986833999672136
-1.1051870992596577
-1.1084798987860767
-1.1082862264952429
-1.105518158787406
-1.1016786665615834
-1.098341987823107
-1.0967735162887269
-1.0976901804580712
-1.10114185941119
-1.1064984071531627
-1.1125420038513096
-1.1176800917823773
-1.120298716449717
-1.1192560712943838
-1.114458910627536
-1.1073683357438244
-1.1011691193278494
-1.1002691542844834
-1.1088741723780169
-1.128724864687694
-1.156748271884046
-1.18421088245809
-1.1993329522207514
-1.1936783889115443
-1.1658378616168712
-1.204365666835712
-1.0716515866549055
-1.1290472060064596
-1.179455521155221
-1.1895941424770375
-1.1762658498116927
-1.1597418546601006
-1.150446541332765
-1.149495662075512
-1.153099764088059
-1.156536196308919
-1.1564467771053182
-1.1515955178896597
-1.142650179644838
-1.1315283918080092
-1.1206718528579356
-1.112432594026804
-1.108630340560191
-1.1102750193059598
-1.117428166581228
-1.1291832291040773
-1.1437630772807197
-1.1587519256534906
-1.1714860268318956
-1.179608047701814
-1.1817295093635638
-1.1780398767103455
-1.1705708191937316
-1.1627309536156232
-1.1577761836457272
-1.1562040106180493
-1.1527429203462145
-1.1345452611122342
-1.0828255831744475
-0.9790781270058135
-0.8111910994907094
