Predicted value
-1.5158739673262671
-1.3949347378692458
-1.229560830515283
-1.0313169289087822
-0.8100925597730358
-0.5741605437018609
-0.3302815612257891
-0.08384463646872103
0.16096604757264066
0.40098697637780795
0.6338821364147726
0.8579486036338976
1.0719280270453595
1.2748305347656435
1.4657769782021588
1.6438648183286007
1.8080623462872563
1.9571353188380205
2.089609477457439
2.2037718081746855
2.2977127875149153
2.369411248204041
2.4168628865724933
2.4382528218791495
2.4321720060601364
2.3978766706907897
2.3355893862326425
2.246839696920836
2.134841682930964
2.004905189747869
1.8648768529425408
1.7256064348467652
1.6014333778987977
1.5106878677168512
1.4762000872407888
1.5258107315659735
-1.3559255432117618
-1.240003312530985
-1.0832411850553672
-0.8963502492316753
-0.6885353324979883
-0.4675281120785243
-0.23966781390300784
-0.010019361402057614
0.21748055235346983
0.43985838398483534
0.6549279537086601
0.861111645193845
1.0572656710384938
1.2425158718167473
1.416109904928999
1.5772910677725236
1.725198388033121
1.8587970021819433
1.9768422315452332
2.077880153598274
2.1602868544184126
2.2223479365155883
2.2623792445423527
2.2788891596689553
2.270782201692605
2.237603066233609
2.1798196126546445
2.0991427066229873
1.9988802095190747
1.884321795178376
1.7631506627370754
1.6458776026356565
1.5462922611180432
1.4819258368475094
1.4745188315441404
1.5504868648322052
-1.206360216493567
-1.0948136151782566
-0.9459238680891434
-0.7695577820094177
-0.5742416910365321
-0.367170086779944
-0.15426324282861734
0.059736245324626736
0.2711374719983865
0.4771546400576403
0.6757481303319857
0.8654608536643493
1.0452569058209007
1.214368933776478
1.3721600101734057
1.5180052010351361
1.6511974000997247
1.7708813914217074
1.8760194901745144
1.9653914998691324
2.0376311124882633
2.0913002663188376
2.125002364549256
2.137534645981344
2.1280793874905464
2.0964330061514347
2.0432715172292295
1.970450192521528
1.881334651818052
1.781160008529763
1.6774140788222764
1.5802400518720612
1.5028534071474777
1.4619672529002834
1.4782196483367809
1.5765958602213785
-1.067715907763617
-0.9599104613491424
-0.8181659034845761
-0.6515154293740015
-0.46781421523558564
-0.2737244305961143
-0.07475058429576875
0.12468481517416839
0.32113469266156874
0.5119987286161236
0.6953807548524257
0.8699397963250631
1.034741719710862
1.1891178378769895
1.332536207597205
1.4644907461620909
1.58441268081268
1.691608233210455
1.7852258294402543
1.864255514326198
1.9275626371243018
1.9739572639390168
2.0023001604944977
2.0116455771749755
2.0014204565321565
1.9716390717411612
1.9231514927700584
1.8579236653116347
1.779346275809592
1.6925689641949333
1.6048558342318757
1.5259575996561723
1.468495092572311
1.448348248859618
1.4850440736208448
1.6021364779904115
-0.9403326815786387
-0.8356443017145628
-0.700332465030986
-0.5426087825766186
-0.36966574424280163
-0.18763897914288735
-0.0016211224375993205
0.18428267133535028
0.3668669166526752
0.543714423626818
0.7130694876495535
0.8737031551338899
1.0247774667138057
1.1657149675449507
1.2960791626329873
1.4154709833998171
1.5234457199815195
1.6194542620353678
1.7028118791168696
1.7726971599713552
1.8281831183681745
1.8683018613891558
1.8921436043665216
1.898990204949055
1.8884827770588348
1.8608223337844554
1.8170017965401999
1.759067096104204
1.6904044794322073
1.6160505244270653
1.543020753127752
1.4806521220651518
1.4409540568155066
1.438962086065949
1.49308751879011
1.6254559964153787
-0.824379948025311
-0.7221983228661514
-0.5926239232321394
-0.4430601592630504
-0.2800464464359438
-0.10919858331161092
0.06479805824200516
0.2381524308555502
0.4078980862828472
0.5717985039175999
0.728235538559024
0.8760884410668068
1.0146102938293442
1.143308091252777
1.261832083761918
1.3698793920877153
1.4671162868994774
1.553122917123638
1.6273636585744118
1.6891856428052594
1.7378474143736384
1.7725790529950904
1.7926744853462706
1.7976160995601065
1.787231163739821
1.7618789381021358
1.722666758643519
1.6716927585069388
1.6123122815101003
1.5494244305797662
1.489774582120274
1.442268085627973
1.4182897561468377
1.4320231554440963
1.5007630460682715
1.6452137907356055
-0.7198810394122034
-0.6196129164382151
-0.4951002536407251
-0.3529529954977533
-0.19906823730826217
-0.03854959288206879
0.12431948596703295
0.28605827919546734
0.44393648692548826
0.5958956540998729
0.7404523373169173
0.8765904080505427
1.003649274743855
1.1212141945481
1.2290142337624912
1.326832824313982
1.414435251899587
1.4915167996974585
1.5576746598364604
1.6124061130975633
1.6551348656039453
1.6852668195402531
1.70227594322503
1.7058202941439093
1.6958876368347022
1.6729694857991078
1.6382617918993225
1.5938898789813856
1.543154625750681
1.4907962762085656
1.4432716502426715
1.4090399142469816
1.3988514599313608
1.426033827763776
1.5067679997720103
1.6603477747152455
-0.6267353319219134
-0.5278076863972005
-0.4077029765676471
-0.27225376237006393
-0.12672671514329584
0.024278148867844122
0.17687321058392988
0.32788374737250525
0.47481235945839045
0.6157758816647905
0.749422726970824
0.8748379966546854
0.9914430800751926
1.098895855428061
1.1969969910967921
1.2856072355016406
1.3645799716336862
1.433712700744608
1.492720507946309
1.5412339507581276
1.5788231999229143
1.6050496500968383
1.619545606301339
1.6221220403092111
1.6129037994203765
1.5924910383664597
1.562145033366852
1.5239959256425095
1.4812693299773096
1.4385281322003323
1.4019251877460286
1.379462021732774
1.381248019283896
1.419753983098809
1.5100533235654738
1.6700435349889564
-0.5447380766312996
-0.4466011589065575
-0.3302747925740177
-0.2008315715904163
-0.06292077888699238
0.07935163514782323
0.22248704384425644
0.363611827284919
0.5004578576793194
0.6313142858456344
0.7549585158497716
0.8705736431353296
0.9776590197616278
1.0759399986505298
1.165282297026378
1.2456158075168848
1.3168720736664268
1.3789390348967359
1.4316360342335437
1.4747114704013187
1.5078648641717762
1.5307944971354408
1.5432711693490586
1.545238010595284
1.5369356682745696
1.5190515832327922
1.4928914531117115
1.4605703710929006
1.4252205161893763
1.391211659522712
1.364380139306987
1.3522613455444807
1.364320143721608
1.4121730550771237
1.5097953992982303
1.6737059937837542
-0.4735980988821509
-0.375728353749353
-0.26257707272820835
-0.1384756290589167
-0.007470087199493297
0.12681719125388363
0.2612689720930612
0.39330726623437673
0.5208891917127074
0.6424730192639917
0.7569622291106479
0.8636347948479145
0.9620642986126724
1.0520388699998964
1.1334833294754338
1.2063893053173895
1.2707574814019411
1.326555521432999
1.3736946034986668
1.4120268871210426
1.441365623249458
1.4615290059308192
1.4724082526742746
1.4740597888110156
1.4668207994335623
1.4514468007824612
1.4292692712318995
1.4023707703092747
1.3737743624673597
1.347643550611248
1.3294883126658292
1.3263722227531227
1.3471150268323535
1.4024844309392213
1.5053702484443798
1.6709334410347165
-0.4129535195591172
-0.3148563708654436
-0.2043053571847666
-0.08491068996309478
0.03986948775659894
0.1668849822233029
0.29339158780616625
0.4171008870901218
0.5361908038506426
0.6492852888029216
0.7554109063043096
0.8539374784724358
0.9445093314649785
1.0269730769506311
1.1013072500843828
1.16755851358377
1.2257885257863577
1.276034958852242
1.3182895415589568
1.3524953894197151
1.3785652731394842
1.3964218647069813
1.4060603887042002
1.4076334946986844
1.4015575548673112
1.3886389792839096
1.3702185295866205
1.3483310000244513
1.325877023166061
1.306803145837364
1.2962857091381166
1.3009134546712124
1.3288631674019689
1.3900620538482729
1.4963299425860013
1.6614937823377038
-0.3623856464061629
-0.2635981401344849
-0.15510301021647355
-0.039810663536100833
0.0793922636602031
0.19981538441450444
0.31907839184508346
0.43517578596346496
0.5465014286968782
0.6518412475758394
0.7503417968300963
0.8414617729197641
0.9249129698120235
1.0005965475973355
1.0685398763226825
1.1288386052029216
1.1816079956548826
1.226946944882434
1.2649175150242866
1.295542171159874
1.3188203197522272
1.3347651273903025
1.3434609879768158
1.3451413947911754
1.340286362140695
1.3297379295968088
1.3148316700966047
1.297541511473534
1.2806345692647287
1.2678320769259348
1.2639718878686115
1.2751674120173406
1.3089572378692322
1.3744390793205874
1.4823810748096506
1.6453028546078432
-0.32143117808728955
-0.22152447711051115
-0.1145731744052815
-0.0028105101810876384
0.11143086580224792
0.22590707830614426
0.33859182372383034
0.4477552646868654
0.552001894908129
0.6502756352853784
0.7418398105730204
0.8262390442133263
0.90324949720187
0.9728232651455434
1.0350321359550712
1.0900152988975012
1.1379349840177262
1.1789433992216465
1.21316372059716
1.2406872798327189
1.2615884808767688
1.2759583662649525
1.283957141825508
1.285885356756885
1.2822728243551453
1.2739837569522872
1.262335976910206
1.2492314537985563
1.237294806168353
1.2300157946167205
1.231891221121749
1.2485610379100005
1.2869328574027625
1.3552884430707048
1.4633651493101918
1.6224046667380227
-0.2895928582717189
-0.1881745819882841
-0.08228916127232143
0.02648343175802849
0.13634592200247747
0.2454867252352052
0.3522228826074457
0.4550923608174081
0.5529045312524532
0.6447570296920319
0.73002658644343
0.808340805065959
0.8795372561227754
0.9436156406830846
1.0006881665810594
1.0509326687213516
1.0945523930046581
1.1317457517303542
1.1626887466167843
1.1875321438633593
1.206414873962173
1.2194945172504283
1.2269951244785078
1.2292720099521157
1.2268925430904625
1.2207313525260357
1.2120777451550713
1.2027525308314018
1.195230831679916
1.1927668432894485
1.1995159033284604
1.2206486114104589
1.2624511323196543
1.3324052029909288
1.439240751921745
1.59295342797721
-0.2663487115981974
-0.16306511365606874
-0.05780341020164993
0.04848455772476466
0.15451720281790665
0.2589000962194369
0.36028220718754544
0.4574608433100135
0.5494440451300661
0.6354785773379209
0.7150510469644904
0.7878690672972708
0.8538287745220136
0.9129743923773389
0.9654549283930165
1.0114824735662116
1.0512959656135465
1.0851336642204108
1.1132169749924974
1.1357476470981334
1.1529197578735133
1.164947285946534
1.1721074627184682
1.1747994803263104
1.1736175224921652
1.169436472949637
1.1635080444207275
1.157564459400328
1.1539262022889478
1.155609750697896
1.1664305820346845
1.1910961397600073
1.2352828319911942
1.3056905234106204
1.4100673697211077
1.5571972321739265
-0.251159987947546
-0.14569796526395912
-0.04065514208684873
0.06361842074810642
0.16633608061381022
0.26650452643502287
0.3630924880057988
0.4551475474312635
0.5418697471274564
0.6226500770965586
0.697081312478357
0.7649480606623908
0.8262022655287758
0.8809298046692724
0.9293132037237275
0.971594880250588
1.0080447178337522
1.038935159411577
1.0645263970974472
1.0850636240448568
1.1007877021935324
1.1119599880166882
1.1189014466730682
1.1220455732510004
1.1220040280752441
1.1196432813309973
1.1161699505429639
1.1132219027309838
1.112961581347268
1.1181674063838518
1.1323184843224534
1.1596672528824867
1.2052940738065325
1.2751371752061582
1.3759907332745194
1.515463271455765
-0.24347793602703122
-0.1355668623113358
-0.030376828704061117
0.07231634630680095
0.17219918649366212
0.2686625743458902
0.3609820912217425
0.4484459279102555
0.5304390006012325
0.6064912955450371
0.6762978539674642
0.7397171970885279
0.7967543793775707
0.8475342464606636
0.8922698623798325
0.9312304591872129
0.9647126501407982
0.9930180360520162
1.016439722618931
1.0352596548624335
1.0497580630663506
1.060235702905972
1.0670489607330458
1.070657283268881
1.071681779240742
1.0709732287802944
1.069687124686426
1.069362757938332
1.0720027481283236
1.080148807767368
1.096948917699963
1.126210479148485
1.1724333961907332
1.2408164307579523
1.3372295605241853
1.4681444583413628
-0.24274952184461124
-0.13216289883149956
-0.02649959338951474
0.07501012268185814
0.17250314950997808
0.2657367699066193
0.3542797782468847
0.4376507147484452
0.5154117807136439
0.5872263985805852
0.6528877689128786
0.7123251647412872
0.7655940919540806
0.8128558327164793
0.8543512771831159
0.8903733370510318
0.921241622784271
0.947282454624714
0.9688166657873529
0.986157044521774
0.9996166500051844
1.0095286253158815
1.01627751901963
1.0203415151849793
1.0223443599271134
1.023115160863403
1.02375362414738
1.0256976820314332
1.0307898521920846
1.041338058335265
1.0601660298825883
1.0906477868231756
1.1367201040991504
1.2028662381764956
1.294063586736525
1.415687340706785
-0.2484222022255553
-0.13497912182598773
-0.02855765317402994
0.07212765664475894
0.16764030800355792
0.2580853416864427
0.3433104110925981
0.4230535615359665
0.4970462327672795
0.5650793891289946
0.6270400700372155
0.682925041768242
0.7328376198109665
0.7769731193298937
0.8155977795671252
0.8490253962952266
0.8775952847164433
0.9016545834873158
0.9215472988312928
0.9376118759855228
0.9501884735115562
0.9596365042832667
0.9663623952488585
0.9708569063473969
0.9737407372438601
0.9758165388302861
0.9781248347241365
0.9820007462785848
0.9891278029029889
1.0015845077753749
1.021878717312334
1.0529642810452848
1.0982337768356338
1.1614805646449236
1.2468227703596282
1.3585811994538148
-0.259947858098409
-0.14351426867554157
-0.036091907101486964
0.06408948975439949
0.1579952883441577
0.2460588181873724
0.32839153870482946
0.4049395815474663
0.47559512511196966
0.5402704462179463
0.5989418822051462
0.6516703249927952
0.6986042569266537
0.7399707265229815
0.776059050502162
0.8072014167882969
0.8337539514346545
0.8560812007184134
0.8745463679317178
0.8895090326796182
0.9013314687790414
0.9103940651364999
0.9171197422658103
0.9220066453906666
0.92566778336047
0.9288756708913857
0.9326094199281675
0.9381011142058475
0.9468776893739657
0.960793929329564
0.9820515776887555
1.0131989516102227
1.057104833467586
1.1168998041511295
1.195877570062954
1.2973482241531804
-0.2767859868517324
-0.15727575682915412
-0.04865277003267837
0.0513060759613424
0.14394235177116393
0.22999740405501934
0.3098307649841978
0.38358467231601906
0.451303097322467
0.5130130661138066
0.5687754481800739
0.6187117742568969
0.6630130339056682
0.7019357914816565
0.7357903474472107
0.7649250602707782
0.7897103324360166
0.810525152368854
0.8277484723739105
0.8417570909552659
0.8529310961801163
0.8616673150274381
0.8684006019473318
0.8736321881402959
0.8779637013492354
0.8821348542405861
0.8870621877344897
0.8938756439275325
0.9039491315351156
0.9189206350640983
0.9406968072099166
0.971436372255947
1.0135060565364507
1.0694021503079993
1.1416301936578486
1.2325346673612925
-0.2984062476375052
-0.1757820196470885
-0.06580234581044042
0.0341757266434849
0.12584341545837635
0.21022903730621706
0.28792380461559086
0.3592535348092353
0.4244046097710085
0.48351191164599966
0.5367158493610757
0.5841949785367263
0.6261801057446341
0.6629551563489626
0.6948494734529157
0.7222256037556967
0.7454660144085553
0.7649615732421736
0.7811040130212149
0.7942839886654216
0.8048957246602105
0.813348638163287
0.8200857115973582
0.8256077768025942
0.830502261106054
0.835474333948853
0.8413777809954187
0.8492423209327489
0.8602934684511447
0.8759604351814628
0.8978669486474982
0.9277992575756672
0.9676449801877316
1.019295840385873
1.0845067250229798
1.164702883734595
-0.3242904480715499
-0.19856427684822303
-0.08711602823641539
0.013083134622787942
0.10404665935254771
0.1870680391230951
0.2629531382569034
0.33219829875720314
0.39512250614441097
0.4519612812686086
0.5029293530497682
0.5482585553809878
0.5882167797135754
0.6231132031263666
0.6532943999652493
0.6791353334224142
0.7010286117084322
0.7193747817538101
0.7345758216602564
0.7470333814054435
0.7571527095886235
0.7653525922880192
0.772081018384479
0.7778356739894459
0.7831877568988636
0.7888069902782004
0.7954851030673425
0.8041544328776715
0.8158976954372107
0.8319443529232838
0.8536484018056986
0.8824417891070382
0.9197570542701982
0.9669121821068849
1.0249500405843466
1.0944241654911804
-0.3539340553557872
-0.22516782258653426
-0.11218361288425913
-0.011601605861744942
0.07888563576086524
0.16081427318878908
0.23518718406210817
0.30265767110745867
0.36366710588088363
0.4185441148343843
0.4675723032222743
0.5110329006470076
0.5492281003277121
0.5824902524582356
0.6111814603050636
0.6356875159790474
0.6564095010984351
0.673755765844275
0.6881363881928131
0.6999616033930887
0.7096450820414788
0.7176123233885252
0.7243138187969337
0.7302420285532004
0.7359506035188923
0.7420736713911696
0.7493423956257015
0.7585954033587006
0.7707790669483586
0.7869330120395349
0.8081556133391156
0.8355436275730278
0.8700995013794541
0.9125992801763642
0.9634134323250421
1.0222722911948556
-0.3868473094216047
-0.25515290875599783
-0.140609997348572
-0.03952356082411945
0.050678804088096385
0.1317527369655072
0.20487990793937433
0.27085653000769766
0.33023574892728047
0.3834314584818897
0.4307904772070218
0.4726394109353464
0.5093119138104704
0.5411614487002236
0.5685640362242426
0.5919148698941805
0.6116220631484576
0.6281001823470086
0.641765608075066
0.6530351553885819
0.6623287719174432
0.6700765210262244
0.6767294455157605
0.6827732956324133
0.6887434934354505
0.6952390938565371
0.7029328910688942
0.7125742070672492
0.7249802876432727
0.7410116192247526
0.7615258683303292
0.7873045336751794
0.8189457892466007
0.8567163849520182
0.9003548597254911
0.948817710262376
-0.42255601026807005
-0.28809529569764264
-0.17201554210329056
-0.07034317201816766
0.019729418549662026
0.10015351274122007
0.1722708003705054
0.23700589214249768
0.2950127206430526
0.3467823164620388
0.39271883609462493
0.43319010654920026
0.46855833987396905
0.4991960590978301
0.525491665364717
0.547848464324139
0.5666803581242309
0.582406797637183
0.5954489778304891
0.606228647481018
0.6151702927124767
0.6227068421203982
0.6292884295323597
0.6353931387346938
0.6415380427805237
0.6482882387775253
0.6562609673373742
0.666121294152409
0.6785652194486058
0.6942854693475251
0.7139146114534528
0.7379395252655341
0.7665806462982493
0.7996287910771643
0.8362317584604331
0.8746222910201183
-0.4606020462431952
-0.323586537056961
-0.2060361587177398
-0.10373619298933402
-0.013674297887564099
0.06627201169676815
0.13758515304348792
0.20130318667584776
0.2581694901027057
0.3087438231558316
0.3534816021316618
0.3927875882303811
0.4270495840687838
0.45665712032692557
0.48200950287214794
0.50351697898762
0.5215981696161077
0.5366763028132492
0.5491761718881777
0.5595231299928999
0.5681448212054051
0.5754757364350417
0.5819640707622704
0.5880797471084607
0.5943218594149693
0.6012231767943038
0.6093487383997362
0.6192849570433024
0.6316150378756855
0.6468759067250481
0.6654912309754455
0.6876745041490123
0.7132955536396877
0.7417032193298053
0.7714963391044422
0.8002345655619811
-0.5005437245909109
-0.36123406011433395
-0.24232318675300776
-0.13939340701408837
-0.0492587546593906
0.03034944967073057
0.10103457397549405
0.16393277447682483
0.21986520047409377
0.2694516739606226
0.31319260177567493
0.35152526634922054
0.3848600293803262
0.41360137107359046
0.4381580758416094
0.4589462636650192
0.4763883545852359
0.49091044208856827
0.5029399394239561
0.5129047511801427
0.5212346107316608
0.5283646124465766
0.5347403558325018
0.5408235070809453
0.5470959717536519
0.5540602606381279
0.5622330190831305
0.5721280784084569
0.584224776266936
0.5989166811200944
0.6164352442725298
0.6367422911935915
0.6593846521385365
0.6833036203648925
0.7065913145233231
0.7261854100858617
-0.5419559601608724
-0.40066109748559714
-0.2805431152357675
-0.1770201828240928
-0.08676442575050297
-0.007386501275073427
0.06281768522921247
0.12506665673129147
0.18024735557543323
0.22903075914780022
0.2719558185142783
0.30948780665127074
0.34205655117471423
0.37007941475613704
0.39397327469815147
0.4141591414253316
0.43106244392999976
0.44511139849600345
0.4567352653071385
0.466363685830431
0.4744276821480644
0.48136228769529826
0.4876101671452925
0.4936249714653177
0.49987256245239625
0.5068276293399858
0.5149626083508806
0.5247252043550744
0.5365002020748927
0.550550642563266
0.5669328289645876
0.5853790138511553
0.6051410087117732
0.6247873444526454
0.6419460000542675
0.6529841048115802
-0.5844303727526873
-0.4415065206643319
-0.32037719918112867
-0.21633591858670562
-0.1259451633043012
-0.0467209359610307
0.02312095275092376
0.08486532246803243
0.13945265213944472
0.18759595022029033
0.22986610497678178
0.266751742089218
0.2986990050225497
0.3261360619177313
0.34948653104065747
0.3691754051090386
0.38563044310114203
0.39928138643388844
0.4105587446813593
0.4198932842883369
0.4277167420170636
0.43446367314897366
0.4405737327467159
0.446493076565351
0.45267295648517347
0.45956297362217385
0.46759584055572206
0.4771598923966176
0.4885549747022223
0.5019267245289485
0.5171736491959522
0.5338207956174359
0.5508531913445381
0.566501626741352
0.5779727360031748
0.5811147230086663
-0.6275753381406058
-0.48342462045192724
-0.3615210162105683
-0.25707341918786863
-0.1665674377424275
-0.08745085891217856
-0.017880396715727727
0.043478689953282156
0.0976079127385827
0.14525299372383912
0.18701000929228873
0.22338620569396264
0.2548408423545546
0.28181080724356933
0.3047251369029487
0.3240119620209378
0.34010078771952124
0.35342240600732194
0.3644081261334257
0.3734893968611545
0.38109828296438114
0.38766864653254374
0.3936372719540806
0.399443561731576
0.40552581856546904
0.41231151742674776
0.4201983596226127
0.42952228914266005
0.44050803985670406
0.4531971704189182
0.46734793201654573
0.4823007023849912
0.496802107794675
0.5087803429985936
0.5150635874130974
0.5110328040879636
-0.6710160323991887
-0.5260848738959241
-0.40368400288544803
-0.29897824643788873
-0.2084095440144949
-0.12938428651815465
-0.06002141126077338
0.0010471023331334833
0.05483107975083814
0.10209947289156457
0.1434666760737564
0.17945374486435522
0.21052981432855936
0.2371384015820982
0.2597126658116265
0.2786830872124038
0.2944804145759943
0.3075361195442845
0.31828198382968403
0.32714983398494063
0.33457182658956364
0.3409810750034186
0.3468117971216208
0.35249755184841897
0.35846552029132966
0.36512417596034524
0.3728410765406068
0.38190689809049444
0.3924812208006618
0.40451496373309553
0.41764375424285655
0.43104590606872023
0.44325806836249765
0.45194099621039224
0.45358728148329946
0.4431622711365391
-0.7143945037249164
-0.5691717319316086
-0.4465890049510891
-0.3418080763950832
-0.2512608081729839
-0.17233934272562182
-0.10314643617874249
-0.04229765667114186
0.011232236171148343
0.05822580292680809
0.09930878783304921
0.13501118288062036
0.1658087297128701
0.19214948477530985
0.21446946144568288
0.23320075115811062
0.24877491381845548
0.2616238160916024
0.27217948442492823
0.2808739279557942
0.2881392747344623
0.29440795297739963
0.3001120373495045
0.305680268557351
0.3115306428191145
0.3180558560604079
0.32559827596882146
0.3344105033235277
0.34459697229987646
0.3560314277324717
0.36824450560378574
0.3802750313089369
0.39047803853081414
0.39628189984330764
0.39388634844396114
0.3778925587009341
-0.7573698005231783
-0.6123844564962904
-0.4899718702608356
-0.38533209257671863
-0.29492082304274186
-0.2161433770326022
-0.14710815184869797
-0.08643135578429276
-0.03308537550102039
0.013716231154852711
0.05460351805755387
0.09011049887203482
0.12071623801658629
0.1468712505286795
0.1690131651284481
0.1875749930577852
0.2029887335565986
0.21568643512133132
0.22610021997442126
0.2346621674569396
0.24180434034021184
0.24795862633579224
0.25355545536672874
0.2590198414466182
0.2647625862965218
0.2711638701133712
0.27854584318706727
0.28713022034703223
0.29697626850254877
0.30789396582477924
0.31932649940192886
0.33019565648257704
0.338703052705773
0.34207952900005106
0.33627443711709165
0.31557592204931745
-0.7996181791045299
-0.6554370304601557
-0.5335811077240012
-0.42933043840114116
-0.3391987363289771
-0.2606321281286111
-0.19176665046738017
-0.13123634125870245
-0.07802435964181048
-0.031350181300385256
0.009413472604459922
0.04479970289496659
0.07528761452297167
0.10132811997685043
0.12335925880797916
0.14181431641909606
0.15712541354050916
0.16972462610366137
0.1800440835051327
0.1885158815377212
0.19557203454881333
0.20164407966981837
0.20716133424400632
0.21254619586365728
0.21820426271099272
0.22450644018092725
0.23175958804724317
0.2401616507173575
0.24973660140441545
0.26024391932901103
0.2710567073464004
0.2810019456786391
0.2881557657146413
0.2895860161247237
0.28103378181976085
0.25652490456865007
-0.8408334089085786
-0.6980581582920541
-0.5771776301960555
-0.4735937467794496
-0.3839126090821046
-0.30564895109895046
-0.23698856955381448
-0.17660061193477206
-0.12349221706918637
-0.07689861423304631
-0.036202398505645744
-0.0008763117970804635
0.029555529307524878
0.055542406026713106
0.07752160560753578
0.09592608900332233
0.11118782999473037
0.12373882602799166
0.1340111693278379
0.1424369551261534
0.14944819213096816
0.15547626864397143
0.16094991601828995
0.16628999943184186
0.17189885423514303
0.17814127441600672
0.1853136480071454
0.19359712254624725
0.2029900719816664
0.21321452470043223
0.22359060063884675
0.23287239371950755
0.23903812414215675
0.2390267733393238
0.22841280269129463
0.20100994537850722
-0.8807271877483099
-0.739991369953035
-0.6205345938038634
-0.5179227593495327
-0.4288888570122595
-0.3510441206859748
-0.2826462947181991
-0.2224169567728909
-0.16940045028804157
-0.12285759195821769
-0.08218793138869201
-0.04687495178423404
-0.016449212252067927
0.009534955985059266
0.03151297545332575
0.04991693464098675
0.06517843911498715
0.07772934237935492
0.08800168559726267
0.09642756358220975
0.10343902274734265
0.1094674849854978
0.11494157973611588
0.120281654778743
0.12588862457639927
0.1321242032756613
0.1392789577538709
0.14752400438744653
0.15684156149884357
0.16692895772326882
0.17707008481982722
0.1859676717353394
0.19152914501263646
0.19059822891870412
0.17862382695161308
0.1492571146687389
-0.9190296741421383
-0.7809952350849116
-0.663437340773263
-0.5621280424197453
-0.4739617817207581
-0.3966742176746119
-0.32861723876235277
-0.2685821619242731
-0.21566373148147744
-0.16915814286830153
-0.12848892775782034
-0.09315514887911146
-0.06269696454137756
-0.03667423459646684
-0.014654451287759208
0.0037931098501722865
0.01909951216028714
0.03169643450291449
0.04201587205299293
0.05048991922457051
0.05755068097598664
0.06362974703272466
0.06915605184848851
0.07455033140862324
0.08021377626356464
0.08650786846356841
0.09372177834953561
0.1020230854383169
0.11138697592444276
0.12149845760379326
0.1316215213082873
0.14042856622423527
0.14578279475056571
0.14446567083670298
0.13184092402343625
0.10144596969368903
-0.9554901383754206
-0.8208436891355941
-0.7056834474007152
-0.6060298012639681
-0.518973193490247
-0.4424016000438767
-0.37478319875346305
-0.31499628898240023
-0.2621991348899945
-0.21573301658460176
-0.17505238518660676
-0.13967662953550902
-0.10915857399181399
-0.08306543850086126
-0.06096860380215781
-0.042439136384217216
-0.027046639501340262
-0.014359608285207983
-0.003946078700590467
0.004626028189089523
0.011788853464164336
0.017974214200494575
0.02361164731556475
0.02912303507742535
0.03491135222857218
0.041340462960416734
0.04870228425756937
0.05716702041472128
0.06671156181247889
0.07702052932206624
0.08735383399238145
0.09637400995645459
0.10192596677792307
0.1007611957417047
0.08819785287661405
0.05770752978123578
-0.9898777285076341
-0.8593264676373971
-0.7470828733852344
-0.6494577889842492
-0.563772121849742
-0.48809395510058246
-0.421029787287337
-0.36156202063127313
-0.3089254297948
-0.26251595492033286
-0.22182577439101148
-0.18639922448312585
-0.15580474479654857
-0.12961864006589965
-0.1074170606716061
-0.08877321588645519
-0.07325744560967007
-0.06043838805697582
-0.04988409259155429
-0.04116253859722279
-0.033841633011604866
-0.027489370853496262
-0.021675454795063845
-0.01597628154594829
-0.009985814532777146
-0.00333547407402811
0.004273212033382147
0.013018842882975284
0.022888297433811256
0.03357722802613293
0.04435670465544391
0.0538992085064724
0.06005656153204183
0.05958176714543189
0.04778612537838072
0.01812237414044603
-1.0219823421158838
-0.8962496394289772
-0.7874582033112585
-0.6922513007316962
-0.6082146047052208
-0.5336239233859117
-0.4672459287318186
-0.40818406448113725
-0.35576242489589277
-0.30944100744571373
-0.268756354320721
-0.23328220937898492
-0.2026054288504408
-0.17631299583558668
-0.15398660035372094
-0.13520185841191376
-0.11952985528233696
-0.1065393098920159
-0.09579826894549744
-0.08687485111736415
-0.0793371733679592
-0.0727532031521202
-0.06669189200715529
-0.0607275577227284
-0.05445009401175492
-0.04748419831784447
-0.03952142011126005
-0.030369443741799274
-0.020023631633435155
-0.008766465321991133
0.0026988664464433587
0.013073871622213764
0.020241678113342345
0.020987392034300497
0.010653194858865535
-0.017281128322815396
-1.0516155891398673
-0.9314362241860394
-0.8266449656475882
-0.7342592386507404
-0.6521635414008985
-0.5788687797199752
-0.5133234058154994
-0.45476860045680606
-0.4026303494500562
-0.35644187702027336
-0.3157905104250068
-0.28028366184067854
-0.2495292252790944
-0.22312629800804198
-0.2006627476663261
-0.18171675798003337
-0.16586009770324545
-0.1526614691228588
-0.14168890418360242
-0.13251078800577898
-0.12469570128468781
-0.11781188477712608
-0.11142774079679409
-0.10511539835687043
-0.09845998031445094
-0.09107782258798562
-0.0826475072352774
-0.07295818289604425
-0.06198025781947813
-0.0499641624136701
-0.037573489970204633
-0.026059435933660557
-0.017484067802190577
-0.015000569461784886
-0.023199215473260613
-0.04852844254745072
-1.0786118257678796
-0.9647268742003866
-0.8644920092019819
-0.775340227486365
-0.6954885896507679
-0.6237101513239427
-0.5591564365013095
-0.5012227516781715
-0.4494492511083411
-0.4034512752319552
-0.3628730960326901
-0.3273598148010251
-0.29654276949663233
-0.2700344206194102
-0.24742929621510826
-0.22830818835792935
-0.2122434051689229
-0.19880349414542703
-0.1875564642932421
-0.17807114626965795
-0.16991694146189135
-0.1626628226419212
-0.1558770605551478
-0.14912976251673218
-0.14200092080591067
-0.13409728036500965
-0.12508194702632244
-0.11472126920644597
-0.10295413772410358
-0.08998946011392116
-0.07643817752505523
-0.0634868040100042
-0.05312007972537182
-0.048400941282784084
-0.053816624204595535
-0.07570032415545537
-1.1028292338779133
-0.995980594921371
-0.9008619115454543
-0.8153627553683412
-0.7380660808544589
-0.6680337475337997
-0.6046412556590371
-0.5474540533469511
-0.4961383849670924
-0.4504002622570701
-0.40994675136026054
-0.3744643806981866
-0.343610086306237
-0.3170107229778435
-0.29426778127865344
-0.2749645622086837
-0.25867367300686417
-0.24496331930882279
-0.23340148058519078
-0.2235576675041483
-0.21500257157835825
-0.20730652917287606
-0.2000383336670528
-0.19276654127988724
-0.18506602778471534
-0.17653316505555705
-0.1668135981038811
-0.1556472149809767
-0.1429355136375577
-0.12883718154866083
-0.11389831562833047
-0.09922432167502002
-0.08670114430507168
-0.07927409004807259
-0.08129311799431897
-0.09893408410105392
-1.1241509151223577
-1.0250754733482526
-0.9356313884947907
-0.8542053088609876
-0.7797789228859245
-0.7117290701942353
-0.6496756706252901
-0.5933698887281794
-0.5426155629210275
-0.49721754022960746
-0.4569511692366606
-0.42154781558975735
-0.3906918761319705
-0.3640253794360691
-0.34115687223937124
-0.32167190299283277
-0.30514302545437855
-0.29113785697292216
-0.27922433782595024
-0.26897294968998536
-0.25995626303967095
-0.251746794987663
-0.24391477079393986
-0.2360279939895837
-0.22765664177651287
-0.21838641408108755
-0.2078440763559384
-0.19574004794080688
-0.18193329950961692
-0.16652443484743473
-0.1499834439174054
-0.1333192258941921
-0.11829859255687464
-0.10772307415070098
-0.10577246154352038
-0.11842463021915615
-1.1424859633192792
-1.0519093779364428
-0.9686916683162515
-0.8917564659414264
-0.8205164540179308
-0.7546890683956416
-0.6941585543138696
-0.6388768558894228
-0.5887964269813428
-0.543828663782881
-0.5038222712077084
-0.46855648685379836
-0.43774469804484323
-0.4110445991655131
-0.38807164822328605
-0.36841319328602706
-0.351641251160914
-0.3373225323967543
-0.32502491840816466
-0.3143202082365189
-0.30478356417901037
-0.29599069723360166
-0.2875144450240745
-0.2789230065858241
-0.2697827101094772
-0.25966880145584853
-0.24818835297218209
-0.23502000385606217
-0.21997585502980768
-0.20309145320460453
-0.18475041053005778
-0.16585081794128623
-0.14802122203211257
-0.13389454699933664
-0.12744895491951586
-0.1344252493361095
-1.1577704733877086
-1.0764005882550618
-0.9999487888878967
-0.9279149051437642
-0.8601742062197771
-0.7968096957916502
-0.7379892341139926
-0.6838800234351434
-0.6345936047962775
-0.5901551260009372
-0.5504912522575929
-0.5154317027142492
-0.48472000782057023
-0.45802969416941614
-0.43498271518612236
-0.41516755775029096
-0.39815506655128885
-0.38351063969509497
-0.37080206079655675
-0.3596028445075678
-0.3494915841480968
-0.34004840182344637
-0.33085021312754187
-0.3214671302484966
-0.31146293900912403
-0.3004031970915087
-0.28787511241117886
-0.2735239723228583
-0.25711150605621125
-0.23860217449642543
-0.2182839931409137
-0.1969311057798536
-0.17601593816470845
-0.15797937264531975
-0.1465679964725852
-0.147248088180177
-1.1699684396388348
-1.0984883072077107
-1.029323770632432
-0.9625892836811022
-0.898653530640153
-0.8379893233091088
-0.7810667293882574
-0.7282820280481188
-0.6799157001860348
-0.63611327259163
-0.5968834469593379
-0.562108556402616
-0.5315630038409062
-0.504935948346836
-0.48185511725758573
-0.46190923357078517
-0.44466715986173305
-0.429692471675172
-0.41655278506128396
-0.4048237746419991
-0.39408843031016133
-0.38393271238050897
-0.37393937672787725
-0.36368235316445796
-0.35272467202438507
-0.3406235456403555
-0.32694682311341833
-0.3113056484935114
-0.29340876420474976
-0.2731445132659106
-0.25069720557298836
-0.22670512522713449
-0.20246806760772493
-0.1802129066067334
-0.16342630415702897
-0.15726428590364194
-1.179072490809466
-1.1181330032028132
-1.0567526126069315
-0.9956979319317277
-0.9358610326614819
-0.878127954636854
-0.823288784956712
-0.7719819612242649
-0.7246660660784207
-0.6816129916677135
-0.6429169644405935
-0.6085145323422921
-0.5782112282249219
-0.5517112349938965
-0.528646989730195
-0.5086062757444267
-0.4911549632350893
-0.47585417093984395
-0.46227123288507
-0.44998446605539133
-0.43858234652130623
-0.42765831327947934
-0.41680303077669817
-0.4055965528049227
-0.3936034421712953
-0.38037451226341107
-0.36545946834658477
-0.3484353381462802
-0.3289561929853102
-0.3068302724618412
-0.2821312373706756
-0.2553508872867198
-0.22760129094597734
-0.200874889275842
-0.17837174264290104
-0.16490370560289389
-1.1851044037985712
-1.135316524234349
-1.0821860537102543
-1.0271683062503083
-0.971707758486573
-0.9171261864540965
-0.8645506425278423
-0.8148739871616889
-0.7687413018060095
-0.7265561210967763
-0.6885010341255728
-0.654567816316331
-0.6245928651510377
-0.5982943247031003
-0.575307895653485
-0.5552189391811853
-0.5375890948360026
-0.5219762442180642
-0.5079472640049332
-0.4950836235835991
-0.4829804942610745
-0.4712406487437587
-0.4594650412921555
-0.4472425706739808
-0.4341421397551133
-0.4197107372842895
-0.4034818791438727
-0.3849993580554608
-0.3638618624455277
-0.33979463689274064
-0.3127549682950109
-0.28307889361078825
-0.2516771367455301
-0.22028889387071993
-0.19180269817923637
-0.17065420679731652
-1.1881153326421903
-1.1500419204082568
-1.105589035543443
-1.0569361366393704
-1.0061080697928666
-0.9548838499337069
-0.9047434866117664
-0.8568456283392525
-0.8120294113001337
-0.7708345099552968
-0.7335339987884181
-0.7001752461539543
-0.6706246729050999
-0.6446128201959898
-0.6217767825688646
-0.6016976741533402
-0.5839314075213713
-0.5680316764579219
-0.5535646456237939
-0.5401154618035017
-0.5272873131475092
-0.5146943745345901
-0.5019505888964905
-0.4886568460635244
-0.4743897324061586
-0.45869563626407384
-0.44109460587063287
-0.4210989681971151
-0.3982523288575089
-0.37219518493109577
-0.3427639942764861
-0.3101311566272043
-0.2749939734753574
-0.23882126546635168
-0.20416693774405753
-0.17506039540226015
-1.1881856838364513
-1.1623329060242547
-1.1269397980328408
-1.0849442003908065
-1.0389781375640093
-0.9912982646301377
-0.9437524960253701
-0.8977756498943837
-0.8544075532914234
-0.8143276651965629
-0.7779008860277351
-0.7452298340455349
-0.7162094807642354
-0.6905806491988958
-0.6679794904948662
-0.647980666202437
-0.6301325751758081
-0.6139835757919918
-0.5990987659016981
-0.5850674946406771
-0.5715023919464447
-0.5580313133417292
-0.5442842092624327
-0.529877539924323
-0.5143994684391036
-0.4973996766069585
-0.4783882595290851
-0.45684876690017606
-0.43227107055723635
-0.4042103495775651
-0.37237909593515683
-0.33677965544121535
-0.29788543041091176
-0.25687948221494467
-0.21595988359089935
-0.17872178230583902
-1.1854245636929013
-1.172232886897278
-1.1462285335001337
-1.1111406473816112
-1.0702339807829702
-1.0262620304361914
-0.9814544266735975
-0.9375314684843485
-0.895739309201115
-0.8568999092166614
-0.8214704838465064
-0.7896077861702641
-0.7612331764007015
-0.7360950410459813
-0.7138257368469998
-0.6939908461881537
-0.6761291423963129
-0.659782275059208
-0.6445137972108717
-0.6299177679482132
-0.6156177757592385
-0.6012578395598562
-0.5864872561526543
-0.5709420745374603
-0.5542264892199316
-0.5358980563808603
-0.5154612484853098
-0.49237447462713374
-0.46607630562086333
-0.4360372545693843
-0.40184407535225464
-0.3633241531959574
-0.3207181732038059
-0.2749098644396624
-0.2277222288760611
-0.18229027623376115
-1.1799687179848166
-1.1798034731772042
-1.1634555194379894
-1.1354767972825208
-1.0997889702453616
-1.0596602778672994
-1.0177146458655562
-0.9759660058896454
-0.9358713889817882
-0.898396968577204
-0.8640918405960435
-0.8331649398951656
-0.8055611040643826
-0.7810329072682461
-0.7592054985508713
-0.7396322907377372
-0.721839957784827
-0.7053618101419195
-0.689759229413263
-0.6746314553153081
-0.6596146296476043
-0.6443716137094017
-0.6285747073109338
-0.6118840092447894
-0.5939247707992216
-0.5742677056116636
-0.5524168308771776
-0.5278100266429697
-0.4998381116365608
-0.4678888457916276
-0.4314228813519615
-0.3900892961504317
-0.34388895437627215
-0.29339455186044155
-0.24003681462524729
-0.1864669311608553
-1.1719808787176211
-1.1851223924999916
-1.1786286448244094
-1.1579043235126718
-1.1275507123260888
-1.091367291506441
-1.0523835329985685
-1.0129139021926508
-0.9746296897406584
-0.9386419087179146
-0.9055901041171115
-0.8757325333785861
-0.8490337883770761
-0.8252465410016199
-0.8039847061816979
-0.7847859279291437
-0.7671619056817922
-0.7506356899512624
-0.7347656879937079
-0.7191567319388049
-0.7034591735286796
-0.6873575813349094
-0.6705512280381716
-0.6527291670715433
-0.6335433096448919
-0.6125835248842316
-0.5893593975363532
-0.5632938894054679
-0.5337347624050468
-0.4999902328244627
-0.4613959381264813
-0.41742090930808357
-0.36782085357353117
-0.3128476637850232
-0.2535246828727313
-0.191997863102424
-1.161647427431005
-1.188280712877822
-1.1917602393833984
-1.178371733347886
-1.153417222106931
-1.1212424160172876
-1.0852921560177593
-1.048186997939106
-1.01181461655302
-0.9774303240666751
-0.9457616094858136
-0.917112216985754
-0.8914618931461473
-0.8685585446217359
-0.8480001595378068
-0.8293044576154689
-0.8119648457483106
-0.7954918674684353
-0.7794399464563028
-0.7634198359652389
-0.747097797747916
-0.7301831457885282
-0.7124064018608375
-0.693490921648682
-0.6731214618819921
-0.65091377065777
-0.6263898948319551
-0.5989645100844911
-0.5679481909763897
-0.5325741500339801
-0.49205558661199644
-0.445681398003572
-0.3929586169816553
-0.33381055167278795
-0.26884021538062547
-0.19966924569301286
-1.1491752790147882
-1.1893792793103024
-1.2028631097739924
-1.196820048164615
-1.177272289847086
-1.1491251487076353
-1.1162471276332278
-1.0815689892644988
-1.0471955694478867
-1.0145246875290723
-0.9843681193462857
-0.9570702104984526
-0.9326203191796094
-0.9107558895874319
-0.8910535686301725
-0.8730063903727215
-0.8560856643789503
-0.8397868158239283
-0.8236590369660399
-0.807319221285453
-0.7904512633118413
-0.7727924188806838
-0.7541090322739022
-0.7341645484170372
-0.7126833400215898
-0.6893144912775954
-0.6636002914179286
-0.634954803192275
-0.6026584830051334
-0.565875441188656
-0.5237005425975598
-0.4752441594297818
-0.4197629998929842
-0.35684604805344555
-0.28666526192031616
-0.2103012885346468
-1.1347878845950525
-1.18852426267323
-1.211945681264163
-1.2131775823760718
-1.1989799393532132
-1.174829317199622
-1.1450245398513235
-1.1128091545418506
-1.080504495122347
-1.0496477579139674
-1.02113011538672
-0.9953305046753304
-0.9722413396591413
-0.9515830070494985
-0.9329046186445041
-0.9156691036274547
-0.8993213365017164
-0.8833386079712238
-0.86726335779222
-0.8507187003382952
-0.8334078853372132
-0.8150994479544456
-0.7956004141147758
-0.7747205386697599
-0.7522311657352769
-0.7278229122398224
-0.7010669874406451
-0.6713855728812546
-0.6380372989802622
-0.6001244661579547
-0.5566292701234357
-0.5064869026615921
-0.4487040109755996
-0.3825316103570924
-0.30770215667256984
-0.2247410968710477
-1.118720246621507
-1.185821714015907
-1.219006138020572
-1.2273537141915183
-1.2183778713799325
-1.1981362353377225
-1.1713628699509957
-1.1416150456818845
-1.1114283965156062
-1.0824749384260577
-1.055719034089686
-1.0315670002938129
-1.0100066662020208
-0.9907338023556462
-0.9732629520068563
-0.9570208080952266
-0.9414208908961613
-0.9259188930859408
-0.910048670684612
-0.8934394700543734
-0.8758155928475316
-0.8569803125145624
-0.8367864676992145
-0.815096769564052
-0.7917374718062571
-0.766449663839948
-0.7388430593376992
-0.7083577640403959
-0.6742401184609759
-0.6355393228240563
-0.5911321632998698
-0.5397837703073753
-0.48025295137783935
-0.4114512527866152
-0.33266551587729243
-0.24385430571880867
-1.1012128338615332
-1.1813710119724352
-1.2240254497196157
-1.2392315359041457
-1.2352697797662269
-1.2187867250399458
-1.1949547456106562
-1.1676440317910157
-1.1396006879481553
-1.1126254739308716
-1.0877483344621897
-1.065394472379061
-1.0455383333174033
-1.0278424811571256
-1.0117789552582048
-0.9967313122353321
-0.9820761667350641
-0.9672436573958569
-0.9517568758878026
-0.9352509086453001
-0.9174727526223533
-0.8982639781166025
-0.8775286234246433
-0.8551894178076129
-0.831136040962461
-0.8051697389107614
-0.7769492279333435
-0.7459434298954705
-0.7113971940237171
-0.6723167719121321
-0.6274824242517163
-0.5754961494936666
-0.5148731363732852
-0.4441861539378728
-0.36227270443837306
-0.2685153761609607
-1.0825042785807997
-1.175257085566888
-1.2269591667596504
-1.2486592659874454
-1.2494164225876423
-1.2364718863721358
-1.2154374514654496
-1.1904935774670529
-1.1645912781059578
-1.139652369272089
-1.1167632800253686
-1.0963582418998696
-1.0783882835368512
-1.0624730693969058
-1.0480332330178814
-1.0344014670016992
-1.0209112436295873
-1.006962651721715
-0.9920654470736289
-0.9758600255183354
-0.9581176393793044
-0.9387217897960989
-0.9176333391207883
-0.8948424992997073
-0.870311463871584
-0.8439120629294865
-0.8153634321104591
-0.7841752983931737
-0.749603097200343
-0.7106217470190803
-0.6659255194688269
-0.6139620544628954
-0.5530091818261239
-0.48130382244755743
-0.3972328537635139
-0.29959643608282954
-1.0628227327648128
-1.167541289266727
-1.2277278609287703
-1.2554402998544383
-1.2605253251786468
-1.2508224926997404
-1.2323820539493022
-1.209690132586984
-1.1858952577240278
-1.1630309054955574
-1.1422293119181834
-1.123922431785871
-1.1080265300734735
-1.094107504033765
-1.0815246458902301
-1.0695511677443135
-1.0574704220322693
-1.0446473625831647
-1.0305754030460588
-1.014899441170774
-0.9974164291431481
-0.97805548189206
-0.9568401270019792
-0.9338359115812045
-0.9090871931524059
-0.8825475533485135
-0.8540088849134231
-0.8230348142234413
-0.7889047332618073
-0.7505753266950734
-0.706667091416563
-0.6554839576385486
-0.5950747323312402
-0.5233456975230952
-0.4382343076934059
-0.3379545422045479
-1.0423757548102226
-1.1582508017132753
-1.2262060829569499
-1.2593217707085718
-1.2682389864539683
-1.2613968823458654
-1.2452810158505556
-1.2246765050156556
-1.2029200633982085
-1.1821456254088145
-1.1635188845439282
-1.1474566786948597
-1.1338277684384903
-1.1221321659311208
-1.1116567837433062
-1.1016057846899938
-1.0912046254266647
-1.0797773982986696
-1.06679768764734
-1.0519137684929127
-1.0349495872307386
-1.0158835756936653
-0.994807961649945
-0.9718718505224229
-0.947211964831219
-0.9208755395785396
-0.8927404835106897
-0.8624385279087944
-0.829287696276174
-0.7922410400067426
-0.7498591968352462
-0.7003149405865793
-0.6414385024578659
-0.5708130557834107
-0.4859303679490714
-0.38441723483903667
-1.02133859268917
-1.1473664141325433
-1.2222097029558376
-1.2599814864895793
-1.2721214545322015
-1.2676672127588993
-1.2535341665844846
-1.2347975822386406
-1.214970983528442
-1.1962756544794106
-1.1798966297628393
-1.1662211665335271
-1.15505630301852
-1.145822720913874
-1.1377227403629027
-1.1298808880057951
-1.121456090306932
-1.1117251560826562
-1.100137823868698
-1.0863442614828753
-1.070196516855135
-1.0517260309134344
-1.0310999350303882
-1.008559467252053
-0.9843444532466421
-0.9586084096274112
-0.9313294390203797
-0.9022226979639891
-0.8706608304442418
-0.8356093715852826
-0.7955847377318397
-0.7486430308763515
-0.6924084971000697
-0.6241510904138318
-0.5409232051006597
-0.43976625137875036
-0.9998407241644148
-1.134808569004138
-1.2154814943239511
-1.2570131034920433
-1.2716431322394193
-1.269003937767456
-1.2564328887604315
-1.2392842624970293
-1.221234866971274
-1.2045782176497688
-1.1905027102085572
-1.1793498423093514
-1.1708491491913178
-1.1643271295710313
-1.1588880500596486
-1.1535651280227996
-1.1474412045251017
-1.1397386307176574
-1.1298787027433348
-1.1175115919510352
-1.1025183289266243
-1.084987011564606
-1.065166019121077
-1.0433976259049094
-1.0200360199805696
-0.9953543439723981
-0.9694459867766093
-0.9421259667037204
-0.9128388582905294
-0.8805803267372215
-0.8438399456415976
-0.8005735854188584
-0.7482142715118251
-0.683731023212889
-0.6037457956354363
-0.504719259088916
-0.9779505092074615
-1.1204215041404781
-1.205674816269474
-1.2499093918088666
-1.266163667645006
-1.2646583630748391
-1.253142376195775
-1.2372354505763608
-1.2207618895537995
-1.2060702072207965
-1.1943342168806372
-1.1858316694658435
-1.1801971661321895
-1.176646680956287
-1.1741716413813867
-1.171701125772483
-1.1682313491582361
-1.1629222199536517
-1.1551613621739274
-1.144596609366256
-1.131138588202863
-1.1149356213949482
-1.0963237913036712
-1.0757556173407197
-1.0537114119674644
-1.0305979918181216
-1.0066400321887787
-0.981769964850585
-0.9555229308618279
-0.9269439117700639
-0.8945147743118956
-0.8561095754344289
-0.808987086178878
-0.7498301046832109
-0.6748417402771788
-0.5799094623594923
-0.9556578043463421
-1.1039553519029717
-1.1923352446773254
-1.2380434423263265
-1.2549127793563746
-1.2537431297196973
-1.242681813103394
-1.2275979679763567
-1.2124452281757212
-1.1996076515309122
-1.1902244607397878
-1.1844897684278268
-1.1819240700377325
-1.1816148999132574
-1.1824246576575002
-1.183164223562343
-1.1827315936221514
-1.1802153763612688
-1.1749636054213042
-1.1666189335706085
-1.1551218855148058
-1.1406844586036522
-1.123736972245942
-1.1048516785606162
-1.0846472585086588
-1.0636789394667998
-1.0423195819204811
-1.020637694669977
-0.998278949659989
-0.9743583792594751
-0.9473710505349088
-0.9151296227765896
-0.8747378062540684
-0.8226093518931847
-0.7545428132836446
-0.6658629341424996
-0.9328543832441923
-1.0850460378562925
-1.1748799956216383
-1.220647659571838
-1.2369688608736973
-1.2352104698040072
-1.2239023187537623
-1.2091442217625907
-1.1949984868006474
-1.1838629287316187
-1.1768200026069593
-1.1739582886578752
-1.174663172068048
-1.177874172326479
-1.1823069886763147
-1.1866389398919064
-1.1896570883328317
-1.1903689499399968
-1.1880763035554214
-1.1824132246636925
-1.1733500803695467
-1.1611658341424551
-1.1463916205755242
-1.129729162122464
-1.1119482114927974
-1.093767815101935
-1.075726804689165
-1.0580495359330389
-1.0405135046100757
-1.0223260825591383
-1.002018227430269
-0.9773636319132067
-0.9453323898572462
-0.9020888684105192
-0.8430440870232424
-0.7629735158758674
-0.9093120023842122
-1.0631928177363497
-1.152574980399229
-1.1967903792900199
-1.2112352028802533
-1.2078280733639661
-1.1954624964872633
-1.1804474709756865
-1.166930713212225
-1.1572995645352222
-1.1525552602418823
-1.152656851099505
-1.1568316798830143
-1.163849927173783
-1.17226135237118
-1.1805929675847229
-1.1875069937911227
-1.1919190603569727
-1.1930772207442395
-1.1906029689321729
-1.1844960528056716
-1.1751054924765727
-1.1630698232207881
-1.1492301944306162
-1.1345205676980146
-1.1198398688610474
-1.1059115605621455
-1.093136713583268
-1.0814472669394783
-1.0701667784288778
-1.0578865790532905
-1.0423658564405112
-1.0204648041153686
-0.9881205851832912
-0.9403764707064989
-0.871475124769374
-0.8846579453110631
-1.0377332861819983
-1.1245093255341203
-1.1653499441971167
-1.1764136669184326
-1.1701523998338588
-1.1558014205267841
-1.1398545240480966
-1.1265188399851624
-1.118144447384737
-1.1156245260511053
-1.1187623944571718
-1.1266023962226699
-1.137722208830076
-1.1504847599652663
-1.1632485485863777
-1.1745357795407705
-1.1831583322664252
-1.1883021958305457
-1.1895716142745612
-1.1869947979511726
-1.1809936682555062
-1.1723207148688846
-1.1619666563501465
-1.1510432066258982
-1.1406458616474973
-1.131702232199011
-1.124812060556828
-1.120085670418035
-1.1169882112310963
-1.1141976697788247
-1.1094852335800502
-1.0996272023928382
-1.0803582558185374
-1.046376496722376
-0.9914113019027532
-0.85834787345322
-1.0078156852550095
-1.0895671857776301
-1.1249860659382946
-1.1309756384759182
-1.1204992621274028
-1.1031088886150937
-1.085455695252977
-1.0717773776956496
-1.0643572890705069
-1.063951223450045
-1.0701782533375905
-1.0818726425562204
-1.0973944676470646
-1.1148971925996085
-1.1325510534530647
-1.1487217210243037
-1.1621043217342681
-1.1718135082212437
-1.1774308831457705
-1.1790116913084394
-1.1770533069182276
-1.1724286545654825
-1.166288314170085
-1.1599356718917557
-1.154680090705919
-1.1516736860649486
-1.1517379037810809
-1.1551867089836858
-1.1616538067200521
-1.1699319264852495
-1.1778328146830845
-1.1820771907365861
-1.1782245342829076
-1.160653182603952
-1.122601829160462
-0.8296358061252561
-0.9723683353472853
-1.046396672703005
-1.0741082958467882
-1.0731300820810317
-1.0569115059355658
-1.035292763075998
-1.0150518427841413
-1.0004251829701674
-0.9935971533925122
-0.9951542244780379
-1.0045002908513556
-1.020230230398663
-1.0404593914078908
-1.0631073120433676
-1.0861345881296747
-1.107732416935757
-1.126464956366839
-1.1413652506880898
-1.1519860856204298
-1.1584077473653105
-1.1612052718317312
-1.1613783820551777
-1.1602479235146261
-1.1593232187701652
-1.1601453745602424
-1.1641121862139654
-1.1722908959503227
-1.1852256733526314
-1.2027472980229441
-1.2237931361375844
-1.2462461143414183
-1.2668020061348972
-1.2808749576243534
-1.2825517912224478
-1.2646062376021088
