Predicted value
-1.998381347643281
-1.727283163986419
-1.4523283061849552
-1.1755966546085208
-0.8991547152676724
-0.6250376563367099
-0.35523197267353845
-0.09165877833658276
0.1638422729012547
0.40952843904158964
0.6437687133524967
0.8650580198634131
1.0720307808629865
1.263473856399879
1.4383388557865238
1.595753821105831
1.735034282720853
1.8556936867873934
1.9574531947695766
2.040250854958362
2.1042501459930185
2.149847892385546
2.1776815520480532
2.188635875823082
2.183848939016893
2.1647175449356943
2.1329020004248327
2.0903302634109253
2.039201462446958
1.981988788260321
1.9214417573038103
1.8605878473095743
1.8027335048460138
1.7514645248776353
1.710645802327857
1.6844204556447702
-1.7465382725630825
-1.497973578631242
-1.2459226475106704
-0.9922712154954522
-0.7389002085753864
-0.4876680196213789
-0.24039341356788546
0.0011609394076037005
0.235304302708023
0.4604330841431529
0.6750454187589878
0.8777551236700566
1.0673050248946983
1.2425796561932874
1.4026173299094156
1.5466215798140195
1.6739719759524694
1.7842343114946038
1.8771701615877172
1.9527458142125038
2.0111405730419523
2.0527544323031894
2.0782151236422837
2.088384534991993
2.08436450144247
2.0675019681149216
2.0393935250382125
2.001889314028432
1.957096307571406
1.9073809597081648
1.8553712289233593
1.8039579730366362
1.7562957160969601
1.715802787279891
1.6861608317878132
1.6713136937531163
-1.5191425026865581
-1.2908375916418642
-1.0594660463313899
-0.8267261920326745
-0.5943197565073374
-0.363934387849052
-0.13722680032856033
0.0841934517642618
0.29877957228129026
0.505062493379996
0.7016652176902356
0.8873165324839959
1.0608640958480937
1.2212868948598241
1.367707075765564
1.499401146162325
1.615810549182266
1.7165516096801476
1.8014248524237484
1.8704236922872282
1.9237424964474468
1.9617840185832318
1.985166205077606
1.9947283732229562
1.9915367614291655
1.9768894514346909
1.9523206625205967
1.9196044177275395
1.880757582075706
1.838042272787702
1.7939676415143953
1.7512910285637127
1.7130184891323827
1.682404691540642
1.6629521874698816
1.658410054203257
-1.3148295676515316
-1.1046611200836411
-0.8918894254523103
-0.6780321131298939
-0.46461807649477516
-0.2531702314419147
-0.04518890289044114
0.15786416071170495
0.35458114488608256
0.5436228986250143
0.7237330358958021
0.8937514091478952
1.0526269548230125
1.1994299108682138
1.3333634062519277
1.4537744224829285
1.560164127132269
1.652197579358163
1.7297128074338197
1.792729258278235
1.8414556189899303
1.8762970103836456
1.8978615525299893
1.9069663022980308
1.9046425629008557
1.8921405654440668
1.8709335224772423
1.842721053548342
1.8094319827610694
1.7732265083351841
1.7364977441697684
1.7018726334094467
1.6722122340135535
1.65061137632826
1.6403976926616461
1.6451300188617344
-1.1322689722125487
-0.9382585200326001
-0.7421467499282801
-0.5452772925304845
-0.3490125527316642
-0.15471670885894828
0.036260660155683966
0.22260031960818788
0.40302849585818307
0.5763313651676459
0.7413689145425439
0.897088174577431
1.0425358243029892
1.1768701680365274
1.2993724842354304
1.4094577463535582
1.5066847157006054
1.5907654063044028
1.6615739217761791
1.7191546641787734
1.7637299148977967
1.7957067875157522
1.8156835526891022
1.8244553350282906
1.8230191819807162
1.8125785047166618
1.7945468910181703
1.7705512901708798
1.7424345698588042
1.7122574450620738
1.68229977895762
1.6550612558228233
1.633261425942099
1.6198391225164537
1.6179512505759754
1.6309709478952916
-0.970165219575537
-0.7904737044545885
-0.6092162394874423
-0.4275691357796219
-0.24673463768730985
-0.06792416265305057
0.10765783096150416
0.278829348045801
0.4444457329135391
0.6034139174787851
0.7547060414350327
0.8973724444372189
1.0305540302866911
1.1534940031191276
1.265548975595411
1.366199449095452
1.4550596659149677
1.531886833465212
1.596589720475658
1.6492366251996333
1.6900627156229067
1.7194767416752295
1.7380671194448278
1.7466073873958485
1.7460610345887535
1.737585700903675
1.7225367492667134
1.7024702098791944
1.6791450964498784
1.6545250944301162
1.6307796212519656
1.6102842585692554
1.5956205565016008
1.5895752098813767
1.595138606503638
1.615502747378995
-0.8272587470938473
-0.6601811734458098
-0.49210149331626163
-0.32403535955380147
-0.15703116598037165
0.007846472110463132
0.1695326094581912
0.32697723434298526
0.47915990409627995
0.6251037526143095
0.7638888698745901
0.8946650534553595
1.0166639320579696
1.1292104610322278
1.231733789904694
1.32377750190993
1.4050092255246989
1.4752296180051188
1.5343807209267708
1.582553687727754
1.6199958832547003
1.6471173553117355
1.6644966782123958
1.6728861683344955
1.6732164716779505
1.6666005234255483
1.6543368795066766
1.6379124201640007
1.6190044255230955
1.5994820231650264
1.581407007701887
1.5670340323552898
1.5588101725378012
1.559373861437342
1.5715531976045267
1.5983636245429662
-0.7023267743256734
-0.5462869568347347
-0.3898325272059271
-0.23382512335173355
-0.07916558061424606
0.07322234707398029
0.2224076380320279
0.3674670256756688
0.5074993933653662
0.6416395412572357
0.769071325156951
0.8890401673766087
1.0008649395945397
1.1039492177180787
1.1977919087492825
1.2819972496536005
1.3562841782315027
1.4204950759930528
1.47460388303544
1.5187235849234584
1.5531130715729442
1.578183368137161
1.59450323789614
1.602804157148969
1.6039846621090412
1.5991140678022484
1.5894355589681324
1.5763686529639855
1.5615110346719052
1.546639763408802
1.533711851839357
1.5248642168919349
1.5224130026774472
1.528852275411171
1.546852090337516
1.5792559306577467
-0.5941840634528469
-0.4477294691453869
-0.3014667230601291
-0.15611007354661394
-0.012419071573833651
0.1288174674463371
0.2667968738386636
0.400717405847028
0.5297924038198549
0.6532638163984934
0.7704150987085489
0.8805834825541682
0.9831716186152792
1.077658590647778
1.1636103016866732
1.240689232252182
1.3086635705587775
1.3674157147271868
1.416950146999347
1.4574006799563077
1.4890370747390906
1.5122710312724983
1.5276615504918782
1.5359196685728371
1.537912563163908
1.5346670316221713
1.527372341251828
1.5173824515457242
1.506217608429828
1.4955653105106612
1.4872806473256799
1.4833860095966123
1.4860701714857438
1.4976867448551594
1.5207520055289332
1.5579420915582773
-0.5016835920610088
-0.36348027692200835
-0.22608969076421948
-0.09008529979977398
0.043908373216323016
0.17523154650018397
0.3032043487559858
0.4271413606958704
0.5463655285627923
0.6602214496563259
0.768088029861419
0.8693905131801021
0.9636118832661507
1.050303636962697
1.1290959298427972
1.1997070937529493
1.2619525263595657
1.315752952698395
1.3611420587268988
1.3982734968795802
1.427427263626265
1.4490154490333351
1.4635873583279149
1.4718340054650096
1.4745919786975952
1.472846678149664
1.4677349253922198
1.4605469450222253
1.4527277182445042
1.4458777084565964
1.4417529588365587
1.4422645619337304
1.4494775012624381
1.465608864898664
1.4930254310796571
1.5342406258065058
-0.4237171382811633
-0.29254477841510396
-0.16281604241574577
-0.03497020383570715
0.09049700457251769
0.2130489477079745
0.3321230169756183
0.4471449311436375
0.5575424092037254
0.6627582152343092
0.7622625752667295
0.85556496615437
0.942225276444746
1.0218643392545363
1.0941738371475773
1.1589255790158015
1.2159801489631343
1.2652949271923406
1.3069314828948215
1.3410623391433707
1.3679771097878746
1.388088008353972
1.4019347289446635
1.4101886991448707
1.4136567049289546
1.4132838875711782
1.4101561125591293
1.4055017105100913
1.4006925900903673
1.3972447229375553
1.396818000585781
1.4012154633938785
1.4123819014765229
1.4324018276383181
1.4634968223108369
1.5080222504926128
-0.3592157782926037
-0.2339627956288596
-0.11079007891636206
0.009990719421525851
0.1280064363709843
0.24283771451657582
0.3540336902330389
0.461126053880033
0.5636424819998358
0.6611194415179955
0.7531143659469308
0.8392172035924892
0.9190613377634523
0.9923338789839979
1.0587853292091116
1.1182386180429522
1.1705975109601703
1.2158543895301785
1.2540974036443735
1.2855169957463115
1.3104117970648357
1.3291938958501577
1.3423934776128907
1.3506628373660308
1.3547797638698995
1.3556502958800325
1.3543108503980203
1.3519297229253064
1.3498079597199335
1.349379602056243
1.3522113024875297
1.360001313111646
1.3745778458395588
1.3978968046668614
1.4320388899482341
1.4792060746748612
-0.307150296187221
-0.18680907872994373
-0.06918638892512302
0.04552718835051389
0.15707485750562267
0.2651486877605043
0.3694040606763226
0.4694734896872719
0.5649798116356992
0.6555487503101771
0.7408208519865299
0.8204627929718129
0.8941780591512434
0.9617169975380843
1.0228862398264797
1.0775574979472435
1.125675731626603
1.167266687947889
1.2024438129161836
1.2314145350259198
1.2544859208314312
1.2720697025204544
1.2846866774905898
1.2929704799287047
1.2976707243932983
1.2996555213998124
1.2999133650089005
1.2995543924176443
1.2998110155537246
1.302037924672547
1.307711463957315
1.3184283791220621
1.3359039370176282
1.361969417240599
1.3985689757451858
1.44775588045807
-0.26653150619518684
-0.15019372281768123
-0.03721036017314899
0.0723425287733368
0.17831833148434595
0.2805147107137784
0.3786878113735038
0.47256583940295316
0.561862012641664
0.6462868837047768
0.725560034861485
0.7994211449164366
0.867640428094089
0.9300284449260167
0.9864452851411687
1.0368091225590823
1.081104141986048
1.119387838114225
1.1517976864237107
1.1785571860875652
1.1999812748797816
1.2164811160862172
1.2285682574184702
1.2368581619307126
1.2420731109394747
1.2450444789463826
1.2467143805638452
1.2481366894436996
1.2504774292088037
1.2550145363875833
1.2631369953515303
1.2763433452556583
1.2962395589819018
1.3245362940854781
1.3630455157441936
1.4136764917107068
-0.23641048727201486
-0.12326249705560732
-0.01409860313967276
0.09111315573502615
0.19233018366405125
0.28944992178039886
0.38232381445856334
0.47077064752155195
0.5545892584508527
0.6335706185993554
0.7075092874072239
0.7762142386207216
0.8395190585139897
0.8972915161137771
0.9494425054271235
0.9959343596719951
1.0367885375108719
1.0720926812872875
1.1020070472653238
1.1267703078720552
1.1467047259429457
1.1622207009702006
1.1738206873540684
1.182102484657097
1.1877618998613408
1.1915947816285208
1.1944984265631386
1.1974723574785402
1.201618473665934
1.208140573166364
1.2183432470456275
1.2336301456721537
1.2555016169978326
1.2855517168417907
1.3254645911771297
1.3770102304206056
-0.21587873004700114
-0.10519708616440016
0.0008807129105362632
0.10248814292165043
0.19968047612421147
0.29244913482344803
0.3807354169160362
0.46444359343453673
0.5434533780947867
0.6176317688462442
0.6868442614252835
0.7509654349114436
0.809888909286631
0.8635366749972718
0.9118677945194189
0.9548864759268098
0.9926495184618787
1.0252731301097209
1.052939117175006
1.0759004458618506
1.0944861758566364
1.1091057659137855
1.1202527514444856
1.1285077941083694
1.134541103408146
1.1391142302871835
1.1430812327300461
1.1473892133659822
1.153078229075366
1.1612805725990907
1.1732194261509152
1.1902068870327625
1.21364136525297
1.2450043531474948
1.2858565670040683
1.3378334606893054
-0.20406819613303961
-0.09521524427618816
0.008427611528372514
0.10708887971702219
0.20091557017909079
0.2899873071328135
0.3743298140042427
0.45392777030910836
0.5287370405376334
0.5986962750423009
0.6637378829285734
0.7237983769485647
0.7788280903976657
0.8288002660141193
0.8737195168815526
0.9136296593344571
0.9486209178666242
0.9788365020425309
1.0044785554116815
1.0258134764258984
1.0431766113595666
1.056976319232831
1.0676974087377449
1.0759039471673748
1.0822414413478525
1.087438390573382
1.0923072115442003
1.0977445353074893
1.1047308762012393
1.1143296728010672
1.1276857008699845
1.1460228583111216
1.1706413221234
1.2029140773601597
1.2442828180907402
1.2962532203650108
-0.20015128979781782
-0.09257086115023777
0.009210148320214717
0.10550881589802735
0.1965577765285818
0.28251909503153283
0.36349751031714167
0.4395530516055614
0.5107130266490748
0.5769833819572857
0.6383594350252607
0.6948359785646248
0.7464167567376108
0.7931233133940577
0.8350032123113648
0.8721376294373974
0.9046483171363437
0.9327039404375264
0.9565257852871641
0.9763928388030887
0.9926462415324115
1.0056931117121446
1.0160097415327731
1.0241441654047818
1.0307181002281312
1.0364282576646895
1.0420470284136156
1.0484225384896917
1.0564780775046148
1.067210898951235
1.0816903924907493
1.1010556282428454
1.1265122730788018
1.159328878917536
1.2008325430246087
1.2524039403141791
-0.20334074199638924
-0.09655394075001755
0.003864337826368802
0.09831329396857524
0.18710509304766465
0.2704784971207607
0.34861186848480524
0.4216355452332662
0.48964358881579867
0.5527049036008603
0.610873728441276
0.664199500242757
0.7127360895353733
0.7565504080479758
0.7957303882855744
0.8303923351096648
0.8606876493215119
0.8868089232483813
0.9089954083327277
0.9275378547243329
0.9427827228753963
0.9551357671385792
0.9650649913680017
0.9731029765231903
0.9798485802759807
0.9859680086203689
0.9921952594853213
0.999331938350529
1.0082464458651224
1.0198725374693338
1.0352072550191136
1.0553082304136985
1.081290361226133
1.1143218583367445
1.1556196655695665
1.2064442513317204
-0.2128894067651228
-0.1064904921816407
-0.007005831961864606
0.08603946913217453
0.17303103021448857
0.2542785851633592
0.3300287455125173
0.4004771353452754
0.46577989819161203
0.5260645759282097
0.5814403596814439
0.6320077127333249
0.6778673654303936
0.7191286820955676
0.7559173999429412
0.788382739995538
0.8167038900060148
0.8410958593803192
0.861814706104299
0.8791621356732648
0.8934894720245039
0.9052010004727479
0.914756682648592
0.9226742434398676
0.9295306299359665
0.9359628423751178
0.9426681370946186
0.9504036014840143
0.9599851009412341
0.9722855978316792
0.9882328424502603
1.0088064359863909
1.0350342654919316
1.0679883108520871
1.108779823759256
1.1585538786898326
-0.2280899699770305
-0.12174233299368331
-0.02282829744650311
0.06919631690312827
0.1547845241770775
0.23431132260610987
0.30808621675849324
0.37636511177155235
0.43936157958617794
0.497257497184287
0.5502130568292356
0.5983761483091838
0.6418911131834156
0.6809068710316072
0.7155844177060513
0.7461036955868325
0.7726698358399549
0.7955187726784229
0.8149222296262743
0.8311920777855653
0.8446840661063088
0.8558009236593649
0.864994833912284
0.8727692810081014
0.8796802680470871
0.8863369073714433
0.8934013828529612
0.9015882841836225
0.9116633131691603
0.9244413620255678
0.9407839636785627
0.9615961140660003
0.9878224664432447
1.0204428976914859
1.0604674466290145
1.1089306243254473
-0.24827457045847287
-0.14170680483838333
-0.04306272962857144
0.048264728356352815
0.1327899374586548
0.21094747074054798
0.28310438755022216
0.34957188709082077
0.4106163339923733
0.46646965588667844
0.5173391129851415
0.5634164396595615
0.6048863580258746
0.6419344635308466
0.6747544825417201
0.7035549019388124
0.7285649707110684
0.750040073554562
0.7682664764739557
0.7835654443869062
0.7962967307314284
0.8068614390762069
0.8157042567338644
0.8233150603771788
0.8302298936582566
0.8370313168306532
0.8443481283744539
0.8528544586242985
0.8632682354003649
0.8763490216423017
0.8928952250461163
0.9137406797040108
0.9397505997471768
0.9718169049915353
1.0108529185864363
1.0577874366663051
-0.2728143334672418
-0.16581640149421445
-0.06720025667516843
0.02369769301581892
0.10744714730159338
0.18453658250241967
0.2553852924394324
0.32035480134103833
0.3797596487522694
0.433877546447093
0.48295890734366914
0.527235746422563
0.5669299536479112
0.6022609388915378
0.6334526488600238
0.6607399560247303
0.6843744195547729
0.7046294182529478
0.7218046554946133
0.7362300361695211
0.7482689156266006
0.7583207206216968
0.7668229422682594
0.7742525009909857
0.7811264834824146
0.7880022516624738
0.7954769236409801
0.8041862266830901
0.8148027221777074
0.828033402608837
0.8446166605298965
0.8653186295409775
0.8909288972690614
0.9222555903511854
0.9601198314205615
1.0053495680956508
-0.30111881653202155
-0.19353830924983942
-0.09476309884791229
-0.0040794306183856155
0.0791317216499865
0.1554070839097607
0.22521288209567825
0.28895601436849006
0.3469945953617356
0.3996478724314728
0.44720551390896135
0.4899362693562981
0.5280960018250059
0.5619350921175732
0.5917052150519478
0.6176654877289823
0.6400879898028317
0.6592626557543046
0.6755015391671658
0.6891424490073927
0.7005519579053818
0.7101277824411102
0.7183005354322494
0.725534850225229
0.7323298769892564
0.7392191510132862
0.7467698330059441
0.7555813213984015
0.7662832366502041
0.7795327775580524
0.7960114495675346
0.8164211650878116
0.8414797158092558
0.8719156170240412
0.9084623239496866
0.9518518200555497
-0.33263536765322654
-0.22437385964943968
-0.12530411579276218
-0.03466855690436982
0.048195182770841394
0.12386644313959844
0.19285309783854865
0.2556024858155082
0.3125117149136637
0.3639373374587264
0.41020439784903795
0.4516148521486299
0.4884553596832356
0.5210044466392527
0.5495390416656613
0.574340383478891
0.5956993004706447
0.6139208623186699
0.6293284036004873
0.6422669194100684
0.6531058329774675
0.662241135291405
0.6700968967248043
0.6771261506632813
0.6838111491365843
0.6906629904529884
0.6982206188366432
0.7070491960678693
0.7177378451264119
0.7308967658376431
0.7471537225217193
0.7671499036456891
0.7915351534785555
0.8209625757492891
0.856082509307795
0.8975358757888303
-0.3668483958652173
-0.25785789459942443
-0.15840626619121873
-0.06769842725413167
0.014965358513894744
0.09020142724327496
0.15855403380850008
0.22050604274680957
0.2764889911798164
0.32689252373808475
0.37207319948865913
0.4123626708655471
0.448075234603154
0.47951475467267035
0.5069809572214112
0.5307750975151091
0.5512049988831581
0.5685894636668117
0.5832620561703324
0.5955742576150939
0.6058979930966356
0.6146275305446706
0.6221807516860445
0.6289997950106484
0.6355510707402832
0.6423246478004774
0.6498330127952556
0.6586092009848623
0.6692042992664357
0.6821843211576348
0.6981264537832194
0.7176146768645826
0.7412347537122348
0.7695685942212415
0.8031879898696127
0.8426477207196448
-0.40327855415989455
-0.29355804383651485
-0.19368197977290164
-0.10282407669062837
-0.02025317878994859
0.05467844650039416
0.1225461867763103
0.1838635349144589
0.23909191133129692
0.2886498582450791
0.3329216059408113
0.37226501103815673
0.407018866762293
0.43750958521772393
0.46405725166504175
0.4869810508006436
0.5066040650393989
0.5232574448002705
0.5372839507948876
0.5490408683190711
0.5589022935473125
0.5672607918302037
0.5745284279948204
0.5811371686480581
0.5875386564829189
0.5942033565877544
0.6016190747584558
0.6102888478136024
0.6207282059125574
0.6334618068765202
0.6490194425125279
0.667931416940412
0.6907232969227061
0.7179100341975065
0.7499894598142846
0.7874351504726537
-0.44148183477167013
-0.3310739147572089
-0.23077244168950523
-0.13972621276622305
-0.057178585791555325
0.01754398641138938
0.08504279359115435
0.1458570776614534
0.2004736142976417
0.2493356665361413
0.29285131037681594
0.33140113238830143
0.3653452993162867
0.39502999969474734
0.4207932574601329
0.4429701175685054
0.4618972036156309
0.4779166474600234
0.4913793908489418
0.502647859047338
0.5120980064697594
0.5201207343152021
0.5271226802049176
0.5335263798231717
0.5397698005609562
0.5463052471626528
0.5535976393756488
0.5621221616029073
0.5723612845584876
0.5848011589260197
0.5999273810201301
0.6182201304508218
0.6401486797908045
0.666165276245779
0.6966983953276742
0.7321453665308345
-0.4810485768238155
-0.37003619460862114
-0.26934678925013084
-0.17811050684251006
-0.09555113394788078
-0.020974872671285283
0.046240256267304325
0.10665438246392853
0.16077512676453493
0.20906631420182611
0.2519560589350589
0.28984422119279757
0.32310923621861803
0.35211431521976533
0.3772130183187637
0.39875419950797886
0.41708632360713266
0.4325611552237706
0.44553681971668185
0.45638023616227114
0.465468922323884
0.4731921716240837
0.4799516021198816
0.48616107748091875
0.4922459999706015
0.49864197543018784
0.5057928502658282
0.5141481204385573
0.5241597124572385
0.5362781363744618
0.5509480107853935
0.5686029598295776
0.5896598821956922
0.6145125921292547
0.6435248324432836
0.6770226595319093
-0.5216023863361896
-0.4101056650407019
-0.30910122101799853
-0.21770679773151813
-0.13513250770766355
-0.0606698482733419
0.006318654709449256
0.06640917511198799
0.12012568681014518
0.1679484359586566
0.21032178526834483
0.24766143028629622
0.2803609876789879
0.30879795551836986
0.33333904557089666
0.3543448875895143
0.3721741056085982
0.38718676624184334
0.39974719898310795
0.41022618851020937
0.41900253899167167
0.42646401039642684
0.43300762680646737
0.43903935673245276
0.4449731654322667
0.4512294392325288
0.4582327818530568
0.46640918273428256
0.4761825573676207
0.48797065962878816
0.5021803661140782
0.519202332479586
0.5394050217833865
0.5631281048306644
0.5906752325217991
0.622306180203398
-0.5627989685943414
-0.4509721290198336
-0.3497580182685342
-0.2582682076982899
-0.175705015058498
-0.10135076089022316
-0.034557652923360216
0.025261701529154718
0.07864315518008569
0.12607925237959153
0.16802683272987184
0.20491400670276635
0.23714650326030645
0.26511338947821944
0.289192162172385
0.30975321152824403
0.3271636567331605
0.3417905536117355
0.35400347426407347
0.36417645870700166
0.37268933851824165
0.37992843248353275
0.3862866142467095
0.3921627519627298
0.39796051995365705
0.40408658236759387
0.41094814884056874
0.41894990216137484
0.4284902979393618
0.4399572362751792
0.4537231054344739
0.47013919752453814
0.4895294961739115
0.5121838362149348
0.5383504353692566
0.5682277979362917
-0.6043248728799935
-0.4923532501038043
-0.39106447880883655
-0.29957017082484094
-0.21707071043528464
-0.14284475144004455
-0.07623934221514705
-0.016660678769555265
0.03643451420099522
0.0835469742631148
0.12514226419782873
0.1616575069556003
0.19350749261430558
0.22109015734016074
0.24479143435160208
0.26498947688611857
0.2820582531700363
0.29637051339125664
0.3083001286749454
0.3182238020621757
0.32652215149152275
0.3335801647836113
0.3397870266286151
0.3455353175767101
0.35121958503147843
0.3572342862462666
0.3639711033234946
0.37181563021691877
0.38114343173684645
0.3923154745583035
0.4056729302321541
0.42153135019917254
0.4401742128070691
0.46184584233046627
0.4867436999938296
0.5150100469973494
-0.6458961495629002
-0.53399330407816
-0.4327917631585205
-0.34140937373549485
-0.2590504299900574
-0.18499541107791423
-0.11859134685181885
-0.059242811580936805
-0.006403545667257482
0.04043129464094716
0.08173225953861543
0.11794209995634194
0.14948163385577595
0.17675498452797192
0.20015419089469313
0.22006318981266706
0.23686117038079396
0.2509253002503076
0.26263282393788845
0.27236253314172937
0.280495609060554
0.2874158367155875
0.2935091912754797
0.29916279638418086
0.30476325449177
0.31069434918823546
0.3173341195402083
0.32505130643064795
0.3342011709014802
0.3451206844991884
0.3581230916233561
0.37349184387816325
0.39147390642683394
0.41227243634903743
0.43603883300124124
0.4628641603800163
-0.687256919554086
-0.5756618429539332
-0.4747336530919384
-0.38360260868359675
-0.30148273922318963
-0.22766182337163043
-0.16149199534135789
-0.102380979278277
-0.04978395164074739
-0.003196031575618735
0.037854600708685404
0.07381295757203685
0.10510286957542476
0.1321319831167295
0.1552961300694492
0.17498306942437922
0.19157560093424342
0.20545405076127854
0.21699812912777086
0.226588159969545
0.23460568259240577
0.2414334253315323
0.24745465121382448
0.25305187562320225
0.25860495596885696
0.2644885533564555
0.27106896626229726
0.2787003362104225
0.2877202254526745
0.2984445666517135
0.3111619845669831
0.32612748974362926
0.34355554420437223
0.36361249914433025
0.386408404628796
0.4119881912939659
-0.7281778561204595
-0.6171522713267504
-0.5167052225417789
-0.42598553899960456
-0.3442227929759766
-0.2707175188387566
-0.2048320600953882
-0.1459820444374148
-0.09362848678204455
-0.04727052031076229
-0.0064387555049903455
0.029310732821204555
0.06040179049135616
0.08724294093979612
0.11023151418780391
0.1297571478227096
0.14620465997994858
0.15995629432806918
0.17139333705669257
0.1808971058674253
0.1888493109677242
0.1956317880677139
0.2016256033799567
0.20720953062217515
0.21275790002292683
0.218637819330232
0.2252057668231533
0.23280355632632826
0.24175367422745453
0.2523539884977265
0.2648718297152264
0.27953744409126535
0.2965368184996795
0.3160038775090767
0.33801205241803645
0.3625652222932625
-0.7684545790608072
-0.6582803350973168
-0.5585414208640441
-0.46841137690055734
-0.38714110778459665
-0.3140493418450742
-0.24851371887212031
-0.18996250582417756
-0.13786694053214282
-0.09173420340055569
-0.0511010171058356
-0.015527874291566046
0.01540610673917428
0.04210769833443187
0.06497345180695202
0.08439295775070452
0.10075147836036213
0.11443195175373139
0.12581636829713586
0.13528651893375204
0.1432241155148977
0.15001028313427253
0.15602442446515177
0.1616424561005317
0.16723441689622806
0.17316144831692692
0.17977214678518788
0.18739828803339986
0.19634992345868935
0.2069098484807813
0.2193274429028124
0.23381188327509667
0.2505247272618437
0.26957187001082983
0.2909948725260205
0.31476166204314737
-0.8079059612431617
-0.6988825225532773
-0.6000955684644034
-0.5107494736609218
-0.4301222465954495
-0.35755622986441327
-0.29244942858067374
-0.2342474667431957
-0.18243617160376668
-0.13653478603076238
-0.09608980886996013
-0.06066946330239976
-0.02985879319929166
-0.003255387473972693
0.01953426756909052
0.03889780788825085
0.0552193833615823
0.0688814214467343
0.08026576284373826
0.08975416916076687
0.09772820258284567
0.10456847754351736
0.11065328439945837
0.11635658510804801
0.12204538090789019
0.12807645200228754
0.13479246924566804
0.1425174778329642
0.15155175299194468
0.16216602767849836
0.17459509227487116
0.18903076629085488
0.205614242067929
0.22442780048635472
0.24548589867522178
0.268725629725447
-0.8463723475035523
-0.7388143778124587
-0.6412377647859255
-0.5528838221448168
-0.4730634158418723
-0.4011479050998605
-0.33656071144677735
-0.27876951574809494
-0.22727908323605547
-0.18162471653601375
-0.1413663366898278
-0.10608319217629542
-0.0753691959286397
-0.04882889034904113
-0.02607404032021772
-0.006720854214052316
0.009612167102732438
0.02330575326585152
0.03474075941368785
0.04429843319047444
0.05236005375242983
0.05930594277684535
0.06551384747412518
0.0713566956027791
0.07719972248736709
0.08339697003939721
0.09028715778117548
0.09818892587260816
0.10739545014095721
0.1181684291135473
0.13073144305342613
0.14526268499797676
0.16188706380048246
0.18066767917464446
0.20159666874205176
0.2245854270826034
-0.8837136859061279
-0.7779487266274852
-0.6818532086581885
-0.5947114716996139
-0.5158729748822334
-0.44474347846634465
-0.38077685353984714
-0.32346751971306625
-0.272343510810625
-0.226960168560363
-0.1868944642793026
-0.1517399485566639
-0.12110232893392531
-0.09459567558193323
-0.07183925497505839
-0.052454991562400015
-0.036065557436037454
-0.022293089996329105
-0.010758537614259177
-0.0010816332908317912
0.007118503686487587
0.014222138090282825
0.020607061102650606
0.026646104667616285
0.03270402784650227
0.03913377517624885
0.04627210703068767
0.05443460198476733
0.06391003118173202
0.07495410470325228
0.08778258994250818
0.10256380198022536
0.11941046596366325
0.13837095148855583
0.15941987898400514
0.18244809810032697
-0.9198075713646618
-0.8161738145517745
-0.7218404310077668
-0.6361408554109182
-0.5584688577994037
-0.4882699659346008
-0.4250335156614415
-0.36828532926581325
-0.3175810218290079
-0.27249993557921637
-0.23263970224007258
-0.19761143337624393
-0.1670355387360692
-0.1405381725912447
-0.1177483080735574
-0.09829543950866543
-0.08180791274692646
-0.06791188349127368
-0.05623090362213856
-0.04638613551942188
-0.037997194381511994
-0.030683618541350578
-0.024066967779545798
-0.017773549634533023
-0.011437773709783501
-0.0047061339780596
0.00275818091728168
0.011270049363937662
0.021116550485262092
0.032550469847819216
0.04578317717189029
0.060976876044933195
0.0782362256379934
0.09759933442506902
0.11902812590542686
0.14239807632887153
-0.9545472016254328
-0.8533913574669112
-0.7611094399300964
-0.6770900297189242
-0.6007769075616062
-0.531660717236511
-0.4692712565950945
-0.41317039658187743
-0.3629456282514697
-0.3182042377826432
-0.27856810948945093
-0.24366915682939544
-0.21314538140864275
-0.18663755998428505
-0.16378655946365062
-0.14423127990066123
-0.12760722548923678
-0.11354570355374788
-0.1016736515365156
-0.09161409198235909
-0.08298721552019017
-0.07541209184165601
-0.06850900867682881
-0.06190243876694347
-0.05522463483418219
-0.04811985254850712
-0.04024920149154025
-0.03129612411749082
-0.0209725027111302
-0.009025394342814519
0.004755606179445718
0.020530375360867804
0.03839964207373206
0.058395740614169384
0.08047273576190125
0.10449591984293208
-0.9878392456114824
-0.8895145044713967
-0.7995797781227165
-0.717484826396151
-0.6427291225446414
-0.5748537569318224
-0.5134339687175271
-0.4580723055403413
-0.40839241119720526
-0.3640334413200621
-0.3246451070495549
-0.2898833467057706
-0.2594066254560309
-0.23287286297973206
-0.20993698913023087
-0.1902491275937791
-0.17345340754550445
-0.15918740330244008
-0.1470822019736007
-0.13676309910710724
-0.12785092233435774
-0.11996398301124672
-0.11272065585643165
-0.10574258658664709
-0.09865852754906611
-0.09110880135070948
-0.08275039248490218
-0.0732626669547775
-0.062353719893828555
-0.04976735118350756
-0.03529066906787219
-0.0187623217652797
-8.135707712898094e-05
0.020783290006351207
0.04378268170326474
0.06877713384016443
-1.0196016241282515
-0.9244657131307774
-0.837178492679892
-0.7572569168865542
-0.6842618154154934
-0.6177900378362451
-0.557467225971235
-0.5029412142409085
-0.4538760580059097
-0.4099466899063061
-0.3708342041978629
-0.3362217690853625
-0.30579116705297327
-0.2792199631916653
-0.2561793015236731
-0.23633232932400652
-0.2193332494390089
-0.2048270006019626
-0.19244956574574235
-0.1818289083125161
-0.1725865365604925
-0.16433969586771754
-0.15670418903291675
-0.1492978245733869
-0.1417444930199334
-0.1336788712088564
-0.12475175457098403
-0.11463601741775288
-0.10303320122433642
-0.08968073090982072
-0.07435975911442746
-0.05690363847378513
-0.03720702189024684
-0.015235590801256277
0.008963588555239127
0.03525108087832729
-1.0497612029305956
-0.958174537089151
-0.8738380172486088
-0.7963417890060169
-0.7253136843773107
-0.6604116068109253
-0.6013165441984553
-0.5477262098823624
-0.4993493116607301
-0.4559004487890652
-0.41709563697914853
-0.3826484613949319
-0.3522668576454828
-0.3256505207749765
-0.30248894224973655
-0.2824600749423214
-0.2652296261126591
-0.25045097838623037
-0.23776573872929793
-0.22680491542118375
-0.21719072302359393
-0.20853901534699132
-0.20046234641401495
-0.19257365941994764
-0.1844906036902309
-0.17584047963502697
-0.16626581170082885
-0.15543054931911798
-0.14302689585206843
-0.12878276553529983
-0.11246986841767713
-0.09391242329815788
-0.07299649865968717
-0.049679981600140005
-0.024003174760311302
0.0038999787510468065
-1.0782513981511748
-0.9905753260420505
-0.9094939665459514
-0.8346766360042164
-0.7658237967757666
-0.7026596829132967
-0.6449255538365098
-0.5923735760024016
-0.5447613325725922
-0.501846961077705
-0.4633849190787924
-0.4291223778258106
-0.39879624391314056
-0.37213080893215694
-0.34883602712084494
-0.3286064210104637
-0.311120615069258
-0.2960414973432171
-0.2830170090938817
-0.2716815624331972
-0.2616580859554153
-0.2525606983660438
-0.24399801010784172
-0.23557705298386444
-0.22690783777755466
-0.21760853986988155
-0.20731131285352705
-0.19566873014412028
-0.18236085458851842
-0.16710293607013665
-0.14965373711132343
-0.12982448647278594
-0.10748846075006055
-0.0825911939670321
-0.05516131516650098
-0.02532201399779635
-1.1050096940902228
-1.021604838070704
-0.9440828432378555
-0.8721981579878695
-0.8057294850667964
-0.7444726479093113
-0.6882340849745272
-0.6368249720788536
-0.5900559727259074
-0.547732616433466
-0.5096513050574722
-0.47559594711308373
-0.4453352200927712
-0.41862046078146437
-0.3951841835687448
-0.37473922675808663
-0.35697852687314463
-0.34157552096108956
-0.3281851768929914
-0.3164456516612505
-0.3059805776740746
-0.29640197704700555
-0.2873138038914918
-0.278316114600509
-0.2690098661312287
-0.2590023422847333
-0.2479132079827794
-0.2353811915416092
-0.22107139494280725
-0.20468323210120748
-0.1859589951298453
-0.16469304860195894
-0.14074165181003775
-0.114033409021917
-0.08458034773392195
-0.052489624921058256
-1.129975073366695
-1.051199764337675
-0.9775396571792384
-0.9088402757053561
-0.844964155145712
-0.7857839491470455
-0.7311761647715413
-0.6810155254922661
-0.6351699621856539
-0.593496232121038
-0.5558361659472301
-0.522013542676149
-0.49183159266349324
-0.4650711285864654
-0.4414893044185403
-0.4208190024012831
-0.40276884801321355
-0.3870238529357185
-0.37324668601601146
-0.3610795722271403
-0.3501468196250414
-0.3400579743026422
-0.3304116033410108
-0.3207997057575538
-0.31081275145126025
-0.30004534814499484
-0.2881025363248367
-0.2746067121764675
-0.25920517851860575
-0.24157832373348948
-0.2214484286944058
-0.19858910169026833
-0.17283534134724207
-0.14409422754741547
-0.11235624034452038
-0.07770720687669988
-1.1530853594307924
-1.0792941661438786
-1.009795457015509
-0.9445317566927202
-0.8834550070376956
-0.8265199147916846
-0.773677927235969
-0.7248718358498758
-0.68003100796584
-0.6390672464215127
-0.6018712772089172
-0.5683098651206534
-0.5382235573931488
-0.5114250553469578
-0.48769821402410723
-0.46679766982249127
-0.4484490961273121
-0.432350086939569
-0.41817166850159504
-0.40556043891964
-0.39414133578350324
-0.38352103178321123
-0.3732919583227448
-0.36303695713081335
-0.3523345598686745
-0.34076489573500546
-0.32791622706781764
-0.3133921129434213
-0.29681920077243706
-0.2778556458928545
-0.25620015916013883
-0.23160168253438515
-0.20386969266451924
-0.17288513246954695
-0.13861197071685064
-0.10110938959753338
-1.174274471437864
-1.1058168243469753
-1.0407747741454525
-0.9791937537810464
-0.9211206679496688
-0.866597481421886
-0.8156554353664632
-0.7683098916709546
-0.7245558052593408
-0.6843638244067153
-0.6476770190510162
-0.6144082371018085
-0.5844380887461097
-0.5576135587512678
-0.5337472467648827
-0.5126172356117773
-0.4939675875880153
-0.4775094687519668
-0.4629229012124215
-0.4498591434137492
-0.4379436984181076
-0.4267799501846977
-0.41595342784606804
-0.4050366979814635
-0.39359488488722477
-0.38119181884423325
-0.3673968123824042
-0.35179206454222767
-0.3339806931333561
-0.31359539499024025
-0.29030773422481204
-0.26383805847621544
-0.23396604315758446
-0.20054186369986876
-0.16349799579270657
-0.12286164362234576
-1.1934695914836855
-1.1306885011411434
-1.0703929790454954
-1.0127372559652186
-0.9578687376835417
-0.9059218339875188
-0.857012415654147
-0.8112328994335345
-0.7686479610291154
-0.7292908760749117
-0.6931604891098425
-0.6602188105490817
-0.6303892416524619
-0.6035554274899281
-0.5795607379040352
-0.5582083764694964
-0.5392621174497787
-0.5224476707507429
-0.5074546748713356
-0.4939393178513245
-0.4815275862160839
-0.4698191419184273
-0.4583918272774864
-0.4468067979146388
-0.43461428368648186
-0.4213599776148565
-0.4065920528139149
-0.38986880741423946
-0.3707669374840069
-0.34889043794720015
-0.32388013149886824
-0.2954238255174343
-0.26326709697404915
-0.22722470533899444
-0.18719263348513185
-0.14316075658840083
-1.2105882442011184
-1.1538191141982281
-1.098553549955347
-1.0450604516340505
-0.9935932464108383
-0.9443839581287816
-0.8976379049462209
-0.853529024982508
-0.8121958299608003
-0.7737379868478956
-0.7382135274911215
-0.7056366862522684
-0.6759763656385693
-0.649155229930731
-0.625049426808009
-0.6034889369703305
-0.5842585517574683
-0.5670994787652563
-0.5517115754588595
-0.5377562107830839
-0.5248597547697413
-0.5126176961420561
-0.500599387916122
-0.4883534209994064
-0.47541362578630136
-0.4613057017507225
-0.4455544750357549
-0.42769178404034847
-0.40726499300305724
-0.38384613358282954
-0.357041674436845
-0.32650291879539617
-0.29193703003382243
-0.2531186852414877
-0.20990235678780617
-0.1622352218853177
-1.2255352887181459
-1.1751048231702694
-1.1251452539250182
-1.0760460041618005
-1.0281720248086996
-0.9818581048566986
-0.9374038096709527
-0.8950690472991103
-0.8550702627766811
-0.8175772604294509
-0.7827106541729444
-0.7505399458089369
-0.7210822313190104
-0.6943015351551609
-0.6701087725274496
-0.6483623396887046
-0.6288693322162685
-0.6113873912907937
-0.5956271779720856
-0.5812554754719927
-0.5678989194243449
-0.5551483561519389
-0.5425638289305712
-0.529680192250119
-0.5160133540726669
-0.501067146087684
-0.48434082196424566
-0.4653371836003051
-0.44357133536901067
-0.41858006636207123
-0.3899318606301698
-0.35723753542042397
-0.3201615074108935
-0.27843368694213616
-0.23186200024581088
-0.1803455396703282
-1.2381998229772815
-1.1944250285534062
-1.1500392402232182
-1.1055582398610566
-1.0614639865572641
-1.0181991675949909
-0.976162377424041
-0.9357039246317727
-0.8971222669110419
-0.8606610740251933
-0.8265069187701011
-0.7947875959332558
-0.7655710692498979
-0.7388650463562019
-0.7146171817395037
-0.692715907685579
-0.672991893222968
-0.6552201310643466
-0.639122652544947
-0.6243718705580237
-0.6105945504873691
-0.5973764091368756
-0.5842673416571447
-0.5707872764691438
-0.5564326581849123
-0.5406835585253126
-0.5230114152348291
-0.5028873989934174
-0.47979140832539746
-0.4532216925053958
-0.4227051024613358
-0.3878079696744747
-0.34814761307648756
-0.3034044739436006
-0.2533348787877704
-0.1977844302449106
-1.2484520004163646
-1.2116392829131588
-1.1730860461071309
-1.1334402482970072
-1.093306323198429
-1.0532399715833294
-1.0137435809163589
-0.975262272988361
-0.938180579546892
-0.9028197459237903
-0.8694356626597924
-0.8382174251261965
-0.8092865211435738
-0.7826966465975281
-0.7584341490515002
-0.7364190993566232
-0.7165069912586233
-0.6984910690017682
-0.6821052829298636
-0.6670278730842975
-0.6528855807991303
-0.6392584882932344
-0.6256854862594808
-0.6116703694509716
-0.5966885602643225
-0.580194460319991
-0.5616294300396532
-0.5404303962206264
-0.5160390876073422
-0.4879118984598637
-0.455530380119453
-0.41841236057118397
-0.37612369200360435
-0.32829062636544454
-0.2746128189193733
-0.21487695979280255
-1.2561397590107255
-1.2265841144710905
-1.1941125149535639
-1.159510894963082
-1.1235116113559827
-1.0867884756419615
-1.0499524142830738
-1.0135477569897853
-0.9780491530140702
-0.943859115439556
-0.9113061934687167
-0.8806437727071131
-0.8520495034446806
-0.8256253569340652
-0.8013983096660049
-0.7793216556417614
-0.7592769466425979
-0.7410765604963035
-0.7244668973407677
-0.7091322038845991
-0.694699025664794
-0.6807412873014524
-0.6667860007495402
-0.6523196015477003
-0.6367949130641085
-0.6196387387393827
-0.6002600823265319
-0.5780589961279592
-0.5524360572295087
-0.5228024717315612
-0.48859080697717727
-0.4492663517772874
-0.4043391046329302
-0.353376389954538
-0.29601610227826947
-0.23198057847939052
-1.2610854626767327
-1.2390697630528438
-1.2129186267514824
-1.183561746317976
-1.1518648323171217
-1.1186248862977184
-1.0845661017541461
-1.0503363930849923
-1.0165045525487277
-0.9835580352164267
-0.9519013719215382
-0.9218552102067021
-0.8936559832676134
-0.8674562068939349
-0.8433254044072565
-0.8212516595961017
-0.8011437976479835
-0.7828341940785041
-0.7660822116575072
-0.750578265332273
-0.7359485151477638
-0.7217601871639153
-0.707527522369977
-0.6927183535958986
-0.6767613104207649
-0.6590536520782778
-0.6389697283592854
-0.6158700685113607
-0.589111098135424
-0.5580554840794162
-0.5220831073290187
-0.48060266389542006
-0.43306389370013
-0.37897043745684267
-0.31789332155034555
-0.24948507091247726
-1.263082455036715
-1.2488768283975569
-1.2292742409559134
-1.2053539071840484
-1.1781203039753414
-1.1484986842713978
-1.1173312186862043
-1.0853737651273319
-1.0532932664141872
-1.0216657758933123
-0.9909751110507302
-0.9616121351213375
-0.9338746666953466
-0.9079680173217746
-0.8840061571089785
-0.8620135083222393
-0.8419273669783937
-0.8236009524375119
-0.8068070849916245
-0.7912424914504953
-0.776532738724444
-0.7622377954042131
-0.7478582213378855
-0.7328419852048474
-0.7165919100868001
-0.6984737470358182
-0.6778248766394561
-0.653963638582902
-0.6261992892081782
-0.5938425870703912
-0.5562170064910262
-0.5126705791082932
-0.4625883634245159
-0.4054055423505719
-0.3406211487473785
-0.26781241896442654
-1.2618915255452645
-1.2557528308286559
-1.2429157517032323
-1.2246147705070998
-1.2019985251347054
-1.1761255633265262
-1.147960724955799
-1.1183721523123016
-1.0881289283831803
-1.057899343130826
-1.0282497877677954
-0.9996442770287839
-0.9724445994396402
-0.9469110955834341
-0.9232040643635678
-0.9013857972639375
-0.8814232406061397
-0.8631912858037283
-0.8464766876135154
-0.8309826103839236
-0.8163338023003823
-0.8020823976277744
-0.7877143469499275
-0.7726564754061562
-0.756284168924848
-0.7379296884541006
-0.7168911121894027
-0.6924419057983664
-0.6638411206425037
-0.6303442199960524
-0.5912145332618488
-0.5457353381842486
-0.49322257105909384
-0.43303816494072933
-0.364604015846065
-0.2874165769556868
-1.257237287976913
-1.259408684286027
-1.2535426553878266
-1.241034679477527
-1.2231829321754926
-1.2011842814794966
-1.1761309107140339
-1.1490075694766724
-1.120689452581464
-1.0919407069993905
-1.0634135667958677
-1.0356481160652897
-1.0090726798626235
-0.9840048431320529
-0.9606530976326647
-0.9391191168611893
-0.919400658971782
-0.9013950976928569
-0.8849035812409655
-0.8696358192317252
-0.8552154975877906
-0.8411863214438791
-0.8270186860488374
-0.8121169756647606
-0.7958274904631562
-0.7774470014181555
-0.756231933196773
-0.7314081750462146
-0.7021815196782313
-0.6677487301505207
-0.6273092347451781
-0.5800774498441915
-0.5252957308019887
-0.46224795081502634
-0.3902737077884322
-0.3087831591996908
-1.2488044712751911
-1.259515081719565
-1.2608140306001347
-1.2542635020128572
-1.2413165680812213
-1.2233134245710875
-1.2014782545025737
-1.1769167197589883
-1.1506140806928118
-1.1234339437287255
-1.0961176369636871
-1.0692842137640541
-1.0434310843597558
-1.0189352754355114
-0.9960553177190953
-0.9749337615666521
-0.9556003205450568
-0.9379756430113239
-0.9218757116890623
-0.9070168712419817
-0.8930214838444406
-0.8794242127490459
-0.8656789338513007
-0.8511662752512953
-0.8352017848124508
-0.8170447257173056
-0.7959075000203535
-0.770965700197926
-0.7413687886951233
-0.7062514054697951
-0.6647453035335639
-0.6159919124899006
-0.559155530069245
-0.49343714166117486
-0.4180888678436215
-0.3324290399091345
-1.2362341227630607
-1.2556987928440966
-1.2643449304260652
-1.2639071176016554
-1.2559986638270524
-1.2421080821993542
-1.2235961937310322
-1.2016938596214426
-1.1775003415253857
-1.1519822898187073
-1.1259733598609545
-1.100174456255075
-1.0751546051041645
-1.0513524542652626
-1.029078401600195
-1.0085173512234644
-0.9897320977471864
-0.9726673385230777
-0.9571543138814861
-0.942916075367473
-0.9295733819739392
-0.9166512243718019
-0.9035859771372159
-0.8897331789758446
-0.8743759409441787
-0.8567339826679
-0.8359732965572955
-0.8112164400197157
-0.7815534556690855
-0.7460534195324563
-0.7037766172536112
-0.653787348293714
-0.5951673581290076
-0.5270298984455595
-0.44853441533105326
-0.3589018654636318
-1.2191197237147278
-1.2475388742556894
-1.2637026871077937
-1.269523816508815
-1.2667811321295694
-1.257116436013903
-1.2420318075157346
-1.2228875762331386
-1.2009009229394834
-1.1771451085116107
-1.1525493308550654
-1.1278992098263723
-1.1038379001523624
-1.0808678323465408
-1.059353081622511
-1.0395223648044376
-1.021472665234562
-1.0051734856777665
-0.9904717292231795
-0.9770972081828373
-0.9646687809873836
-0.9527011170788252
-0.9406120898003298
-0.9277307972830721
-0.9133062113301315
-0.8965164542974291
-0.8764787039717219
-0.852259726445637
-0.8228870369897561
-0.7873606889217493
-0.744665690472553
-0.6937850496495964
-0.6337134470970781
-0.5634715369532861
-0.4821208757049681
-0.38877947903874877
-1.1970032172888294
-1.2345627919093283
-1.258403129065933
-1.2706206113422218
-1.2731649735579345
-1.2678362603715416
-1.2562824118798606
-1.2399974772147184
-1.2203204561366643
-1.198434768625726
-1.1753683524692178
-1.1519943888465916
-1.1290326559113408
-1.1070515103699476
-1.0864704970578773
-1.0675635865126258
-1.050463040543806
-1.0351639058002902
-1.0215291353343934
-1.0092953381631087
-0.9980791568263874
-0.9873842729424683
-0.9766090407602522
-0.9650547487087276
-0.9519345089434403
-0.9363827748900122
-0.9174654867847087
-0.8941908452120495
-0.8655207126394725
-0.830382642949041
-0.7876825389662002
-0.7363179379855809
-0.6751919252938504
-0.6032276756896109
-0.5193836230003456
-0.42266925759641405
-1.1693709488230053
-1.2162424559579779
-1.2479067102830896
-1.2666494609807983
-1.2745965950064262
-1.2737113353533036
-1.2657920673149632
-1.2524707927443788
-1.2352122123102542
-1.215313435750357
-1.1939043201219022
-1.1719484360489816
-1.1502446619670432
-1.1294294063644137
-1.1099794580208733
-1.092215464243275
-1.076306037098213
-1.0622724876417353
-1.0499941881461108
-1.039214562323636
-1.0295477035474938
-1.0204856210696591
-1.01140611423585
-1.0015812746975308
-0.9901866166209566
-0.9763108348932708
-0.9589661913256463
-0.9370995288534776
-0.9096039137336163
-0.8753309057386571
-0.8331034563482732
-0.7817294349375912
-0.720015782962624
-0.6467832961427434
-0.560882034640203
-0.46120736123670975
-1.1356495184898376
-1.1919901679530183
-1.2316145520487878
-1.2570034068639242
-1.2704640405283507
-1.2741277721428563
-1.2699479987038658
-1.259698890025257
-1.2449747116572238
-1.2271897758021895
-1.207579020227764
-1.1871992151767536
-1.1669307982742114
-1.1474803374315437
-1.129383621747655
-1.113009380407147
-1.0985636295755636
-1.0860946472916813
-1.0754985763568485
-1.066525655221373
-1.0587870768679564
-1.0517624756921764
-1.0448080423800135
-1.0371652667824318
-1.0279703087870007
-1.0162639971865675
-1.0010024565449764
-0.9810683620598364
-0.9552828224223342
-0.9224178906740972
-0.8812097030611039
-0.830372245884637
-0.7686117503492926
-0.6946417154080285
-0.6071985586042656
-0.5050578949110341
-1.095201546314178
-1.161154480406059
-1.2088643970657778
-1.2410126216422337
-1.2600931345313324
-1.268410250766281
-1.2680769276049368
-1.261013700114199
-1.2489482447514506
-1.233415570943046
-1.2157588406598498
-1.1971308159898142
-1.1784959347076158
-1.1606330138413323
-1.1441385812361666
-1.1294308351152234
-1.1167542316373267
-1.1061847004518905
-1.0976354882508363
-1.0908636303175516
-1.0854770500729058
-1.080942286618307
-1.0765928502758062
-1.0716382061252536
-1.0651733855384982
-1.0561892257106364
-1.043583237188308
-1.0261710993950404
-1.0026987841536388
-0.9718553072056244
-0.9322861077277221
-0.8826070558453922
-0.8214190881434129
-0.747323471173508
-0.6589376929590229
-0.5549119824966492
-1.047321349551843
-1.1230159687121315
-1.17892647591772
-1.217940370189794
-1.2427435373339835
-1.2558181701932356
-1.2594413168977416
-1.2556840571119035
-1.2464113062783522
-1.2332822478590144
-1.2177513935732236
-1.2010702716328794
-1.1842897429746573
-1.168262945489262
-1.1536488662477309
-1.1409165417247848
-1.1303498860192231
-1.1220531470713717
-1.1159569908775735
-1.1118252137017306
-1.1092620822838897
-1.1077203020458792
-1.1065096132939891
-1.104806015418706
-1.1016616190914852
-1.0960151264585796
-1.0867029393319114
-1.0724708953769901
-1.0519866322978852
-1.0238525800192355
-0.9866195808653162
-0.9388011377361468
-0.87888829028065
-0.805365119066856
-0.7167248777491552
-0.6114867532325996
-0.991230532429698
-1.0767829154342612
-1.1409992858982498
-1.1869788829776595
-1.2176047130839494
-1.2355417107994922
-1.243235527790075
-1.2429119497144454
-1.2365769411309047
-1.2260173184009517
-1.21280205058997
-1.1982841883649658
-1.1836034208893513
-1.1696892607147782
-1.1572648566700148
-1.1468514347468735
-1.1387733669831857
-1.1331638683428227
-1.129971321592766
-1.128966230177223
-1.1297487990887913
-1.1317571437366716
-1.1342761268119255
-1.1364468231497837
-1.1372766125889993
-1.1356499008282503
-1.1303394682795878
-1.1200184469189345
-1.103272925133627
-1.0786151805670106
-1.0444975409600743
-0.9993268729901411
-0.9414796991066026
-0.8693179423636971
-0.7812052992503439
-0.6755242405170157
-0.926073488247105
-1.0215869069494103
-1.0942052822014101
-1.147245141808799
-1.1837918100373308
-1.20669780919085
-1.2185818891863653
-1.221828685126173
-1.2185890028670299
-1.2107807325863684
-1.200090390345566
-1.1879752876502554
-1.1756663290076883
-1.1641714374811403
-1.154279608241371
-1.1465655901151242
-1.1413951951306793
-1.1389312360604513
-1.1391400919606345
-1.1417989017078984
-1.146503385533126
-1.1526762945522038
-1.1595764882938575
-1.1663086402245357
-1.1718335712703403
-1.1749792113360042
-1.17445218882092
-1.1688500481322102
-1.1566740951948498
-1.1363428709588344
-1.1062062529033971
-1.0645601845382708
-1.0096620329019996
-0.9397465740572972
-0.8530426065834532
-0.7477901930657861
-0.8509128138387624
-0.9564783424558081
-1.0375864814734765
-1.0977765779144102
-1.1403414531994884
-1.1683260453884332
-1.1845266794174625
-1.1914909653339885
-1.1915183245283676
-1.1866611439626922
-1.1787265583966373
-1.1692788606103455
-1.1596425396243688
-1.1509059469166518
-1.1439255906365644
-1.1393310578159819
-1.1375305645774128
-1.1387171343391724
-1.142875404017608
-1.1497890582263672
-1.1590488914727153
-1.1700614983509008
-1.1820585917325686
-1.1941069489542184
-1.205118986001715
-1.2138639596918401
-1.2189797978508976
-1.218985557490362
-1.2122945109795775
-1.1972278602155006
-1.1720290787894967
-1.1348788821511762
-1.083910825769284
-1.0172275312896348
-0.9329175406900959
-0.8290727984326163
-0.7647246363989116
-0.8804218553416491
-0.9700999777261461
-1.037526682411604
-1.0862074493272176
-1.1193844423753574
-1.1400360203317992
-1.1508768757429995
-1.1543588018204218
-1.1526720873319054
-1.1477475394900876
-1.1412591348378671
-1.1346272981309218
-1.1290228092172672
-1.125371337913867
-1.1243586068802913
-1.1264361824894171
-1.1318278936951836
-1.140536878897389
-1.152353260803539
-1.166862449287739
-1.1834540722466378
-1.2013315344524156
-1.219522204402821
-1.2368882291682557
-1.2521379772359054
-1.2638381093509194
-1.2704262773546378
-1.270224451019865
-1.261452872883192
-1.2422446410743655
-1.210660920142704
-1.1647067798805641
-1.1023476621438493
-1.0215264756695719
-0.920181318890458
-0.6663938526669289
-0.7922916469151772
-0.8906133706111132
-0.9653605291224694
-1.0202564042923095
-1.0587451780047827
-1.0839916837479344
-1.098881786173556
-1.1060233886540867
-1.107748068836562
-1.106113342193609
-1.1029055535714907
-1.0996433967351957
-1.0975820619105774
-1.097718011323539
-1.1007943827362672
-1.1073070209805127
-1.1175111374879199
-1.131428597817401
-1.1488558371795599
-1.1693724039581639
-1.1923501312286606
-1.216962936273745
-1.2421972480959727
-1.2668630629274191
-1.2896056277363903
-1.3089177517311787
-1.3231527458608627
-1.330537990313163
-1.3291891300093375
-1.3171248980961279
-1.2922825674347531
-1.2525340300869514
-1.1957025047980665
-1.1195798724771864
-1.0219446396743228
