Predicted value
-0.530338351741376
-0.5944735047451392
-0.6089902821297409
-0.5928482355910029
-0.5552571898270636
-0.49954239453950416
-0.4258883097345655
-0.3332035384318794
-0.22031262136504356
-0.08664647431813174
0.0674272779491914
0.24051971573824824
0.43029074856787686
0.633602911356106
0.8467049026993094
1.0654056889444101
1.2852129921264395
1.501421816040076
1.70914989707165
1.9033280500621133
2.0786646178164174
2.229614725132244
2.3503966269068304
2.4351086583218597
2.4780103149480786
2.474038569324243
2.419633958952155
2.3139480303534556
2.1604915948437977
1.9692585198387473
1.759318344017062
1.5618080356022528
1.4231630988291006
1.4083045286665397
1.6033334857895873
2.1170717412447377
-0.9497791012202637
-0.9191667985247346
-0.838207504804211
-0.7292782727375301
-0.6044065785493575
-0.4691268802790858
-0.32524689538010276
-0.17275717186505035
-0.011082043799585717
0.16016268309167475
0.3407694150083438
0.529785827960408
0.7255217021803071
0.9256470715741758
1.1273295149231153
1.327372380726057
1.5223279646714922
1.7085707400312828
1.882326223951748
2.0396613962185595
2.1764530710205126
2.2883613533527223
2.370846131700599
2.4192750016563944
2.4291802551775703
2.3967293687578732
2.3194760772325274
2.197455407096835
2.0346731728428566
1.8410149981200328
1.634557821666562
1.4442032695652574
1.3124616240468823
1.2980909658679491
1.4781310982856788
1.9486578243873736
-1.1835108547683524
-1.0968911688782887
-0.9580042427719072
-0.7919321874211154
-0.6129876847450215
-0.4285353492083447
-0.2417560772125452
-0.05357910066283195
0.13602773907091195
0.32725056919707474
0.5199743834805199
0.7135746729209322
0.9068717098346732
1.0981817098216216
1.2854145948877236
1.4661812879098564
1.637884958238438
1.7977809940595229
1.943000239171541
2.0705396440342336
2.1772342387598544
2.2597343335670628
2.3145219310270737
2.33801002912138
2.326776981129884
2.2779941231218213
2.1901067842951587
2.063824345598173
1.903461425500347
1.7186461450325483
1.5263686804126873
1.35327914789401
1.2380527006645345
1.2335151395049109
1.408057051873758
1.8456502666155066
-1.2767909484042033
-1.1619791924821088
-0.9924366465226158
-0.7952997542111763
-0.5866760443423464
-0.375406934184856
-0.1658085952561821
0.04039315705386612
0.24275093780489346
0.4412542827300111
0.6358333839438546
0.8261069158459586
1.0112934456266767
1.190223424629647
1.3614034964392918
1.5230973360991964
1.673398016528358
1.8102765577408795
1.9316003847042396
2.035124338972173
2.1184659490550146
2.179085956878543
2.2143044627557416
2.2213920247734213
2.1977828091987526
2.141462205870197
2.051582504100475
1.929355063556945
1.7792531371988238
1.6105327165803192
1.4390354087583843
1.289172629409504
1.1958987424570715
1.206355797100704
1.3807069313559537
1.7914611154720699
-1.267983910881487
-1.1442283426142412
-0.9632188030722909
-0.7535560307752696
-0.5326943065374978
-0.3106253832750627
-0.0925770056817042
0.11906665151584352
0.32344702806737125
0.5203694779685827
0.7097779878312455
0.8914695934404747
1.0649715960468895
1.2295214100542688
1.3841028840893803
1.5275047171749239
1.6583766947043754
1.775268461121807
1.8766439532778818
1.960872873164152
2.02620896858931
2.07077350499664
2.0925709903579737
2.0895724944323972
2.05990896486111
2.002221559000821
1.916216495205604
1.8034660807982736
1.6684826312995833
1.5200645739117251
1.3728700748262723
1.2491082689369088
1.1801460510288746
1.2077030307956678
1.3841414011726885
1.7711429288257297
-1.1889306495569147
-1.068858545693182
-0.8892979424365238
-0.6797830675177727
-0.45870883178894806
-0.23691842731133006
-0.020343164658217644
0.18810661451974098
0.3872312556626963
0.5766721552311479
0.756368220110454
0.9262461199086144
1.0860710538615743
1.2354007422334492
1.3735986626561345
1.4998736620286568
1.61332252786116
1.7129604565136454
1.797732128106774
1.8665037161887599
1.9180439080096543
1.9510099757335548
1.9639629586396459
1.9554436286380366
1.9241472998617182
1.8692394850957732
1.7908542160795025
1.6908103387895095
1.5735655125253434
1.447399610644358
1.3257747001338025
1.2287530047116992
1.1842616960083112
1.2288676476467888
1.4075591871274806
1.7718172186075634
-1.0654695137710561
-0.9566806755223614
-0.7866955623780915
-0.585508504354815
-0.3720902027115921
-0.15786421222630606
0.05072587528560718
0.2503680463523004
0.43959116486552746
0.6178981167169613
0.7852134706404483
0.9415577348622454
1.086878545401644
1.2209843974691375
1.3435391713302582
1.4540861735150887
1.5520792464605275
1.6369062430159393
1.7078973280079572
1.7643175788830696
1.8053504908215088
1.830086333502284
1.8375366946286569
1.82670351750704
1.7967366824076454
1.7472174755133008
1.6786044592752427
1.592871118640718
1.4943484615109868
1.3907571369656775
1.2943685722153773
1.2231683703196556
1.2018022347764978
1.2619586489455392
1.4416762156630185
1.7828488035569128
-0.9180486842624698
-0.8244086048984945
-0.6685407136663348
-0.48048136464184493
-0.2794524646249017
-0.07721455237954064
0.11945043422643226
0.3069443680510576
0.4835920414354568
0.6487863710298918
0.8024355079042544
0.9446282618119852
1.075451765792307
1.1949098992608473
1.302902985750184
1.3992391388340106
1.4836558692403474
1.555837727400867
1.6154223428040702
1.6619936505743444
1.6950676421945112
1.7140827236936222
1.718413547868894
1.7074335461092074
1.6806565085269904
1.637990233763425
1.5801338218816727
1.5091424370797648
1.4291665829237237
1.3473437598239337
1.2747747954787259
1.2274504189444935
1.2269002823549429
1.3002102926418073
1.4788875949960336
1.7958377184015344
-0.7623823846897366
-0.6850610841996418
-0.5452359026793148
-0.3726200981020933
-0.1864011445543498
0.0015395533051852754
0.18423801409368484
0.35791574638640655
0.5207573316384344
0.6720756290095266
0.811765452256872
0.9399663879535902
1.0568722313148642
1.1626384527058453
1.2573504923080279
1.341024953787851
1.4136234425162235
1.4750654008300144
1.525232328939248
1.5639616558400755
1.591034511514334
1.6061678298570117
1.6090274173102754
1.5992843948025242
1.5767419510749157
1.5415614231903605
1.4946146804155835
1.4379814597971148
1.375592955772627
1.3139932608369047
1.2631441845021512
1.2371318220660499
1.254539512671153
1.338125206088598
1.51327456401724
1.8044862425392763
-0.6101145127973495
-0.5484113840084234
-0.42470826595075006
-0.26808061742005096
-0.09743325041918477
0.0754211220886414
0.24347515332787023
0.40286537162628305
0.5516954472673814
0.6892280912852845
0.8153513655101132
0.9302442499487926
1.034182438432917
1.127438643069376
1.2102424866780364
1.2827737794879415
1.3451701138970238
1.3975357912090234
1.4399446067019306
1.4724343690466748
1.4949964845170485
1.5075695732952894
1.510051739821983
1.5023513320671342
1.4844999889849801
1.4568532846095923
1.4204016722874493
1.3772055496546551
1.330950383076781
1.2875876185110127
1.2559805709687264
1.2484069190175435
1.280675358857991
1.3714870994682657
1.5405060388996508
1.8043865600417512
-0.4694626467590729
-0.42145252756848
-0.31270905716676467
-0.17140292299127655
-0.015943733003402183
0.1420884053867441
0.2957640864105445
0.44121958801348027
0.5765316835541435
0.7009417730466683
0.8143399177303864
0.9169377038816166
1.0090743320285225
1.091113037629004
1.163395189555832
1.226227600836575
1.2798852136605847
1.3246169010493583
1.3606471433706344
1.3881711883710404
1.4073462521543272
1.4182864408334548
1.4210742029773664
1.415805802757633
1.4026917284419527
1.382233917918665
1.3554985388863423
1.3244936496089528
1.2926426744173611
1.2653139359300665
1.2503195120757213
1.2582287360476652
1.3022472712487811
1.3972855928648444
1.557673744043511
1.792764335704824
-0.3458231859134159
-0.3088542392494181
-0.21313325260841443
-0.08570410967965822
0.055697504372435785
0.19986344958769156
0.3400466508595033
0.47245714775925507
0.5951930650398848
0.7075014462228572
0.8092842022379794
0.9007820716471908
0.9823843316479972
1.0545241362080588
1.117629066506961
1.172104164827995
1.2183308674286808
1.2566703593109048
1.2874644196144165
1.3110312043001011
1.3276578824324583
1.3375966766133134
1.3410754907059574
1.3383384810184116
1.3297348385440892
1.3158745010123998
1.2978658565796481
1.2776405865717637
1.2583519192431794
1.2448014199040023
1.243802055756412
1.2643169655463555
1.3171186897700704
1.4135863151923829
1.5630909272814788
1.7682048937271706
-0.24232481057195215
-0.2133946244849743
-0.12833840450965195
-0.012893277777746787
0.11602585933318388
0.24769887389140743
0.3756491139489392
0.4962237981491685
0.6075846100750162
0.7090087190409652
0.8004200007799454
0.8820872049313515
0.9544400577614854
1.0179658793813184
1.0731584984910916
1.120498457890403
1.1604491915572772
1.1934585148366745
1.2199588714163065
1.2403637124531235
1.25506140002125
1.2644121994886517
1.2687580864430694
1.2684587862728738
1.263969888815216
1.2559788419236126
1.2456104841600726
1.234703385839103
1.2261389345814138
1.2241735266028229
1.234676450894914
1.265107412978656
1.3239727082720365
1.419371577567733
1.5560771464522625
1.730381534531872
-0.16032265632511788
-0.13635523951209938
-0.059447919026690874
0.04610970548583086
0.1643405839958942
0.28510664242069916
0.40227419800357966
0.5123807476463075
0.613687596479233
0.7055236459185036
0.7878444802043969
0.8609472185935926
0.9252952666088029
0.9814181701208005
1.0298605006181187
1.0711604603617992
1.1058441527722422
1.1344257033980316
1.1574071012248288
1.1752751414621778
1.1884964408845313
1.197515233415043
1.2027623690770506
1.2046871773911119
1.2038258195067628
1.2009192511260043
1.197089313961478
1.1940706320085657
1.1944762243069973
1.202042768718512
1.2217533162389813
1.2596663087813582
1.3221845806010257
1.414370396591784
1.5367454056831822
1.6797996522697236
-0.09982974561250384
-0.07787275815611687
-0.00662886007549539
0.09116437297235697
0.2005570762277018
0.3120667089222813
0.4199604092378548
0.5210091324694475
0.6136037600695415
0.6971434072198455
0.7716242694448506
0.837373056860776
0.8948821808181693
0.944714432886034
0.9874531668526014
1.0236803302757362
1.0539695432847573
1.0788852670898295
1.0989823968712147
1.1148037303832878
1.1268759523176997
1.1357081009495058
1.14179977919245
1.1456691814046505
1.147912535247594
1.1493056178944148
1.1509529668510137
1.1544791397039167
1.162236207022507
1.1774693093804138
1.2043336396678646
1.247586985383888
1.3116865829650304
1.398891286174297
1.5058028576036282
1.6175655641206166
-0.05988544285044797
-0.03724403861631699
0.030661675980438605
0.12271726440666152
0.2250637778378646
0.3289285666877625
0.4290236751590267
0.5223872736169891
0.6075638171210265
0.6840378707540176
0.7518539727975636
0.8113700192852136
0.86310424415695
0.9076459739257214
0.945608177408663
0.9776057673046101
1.004248081030369
1.0261374427647851
1.0438686337920409
1.0580268453870747
1.0691845012602028
1.0779002783060165
1.0847265556390058
1.0902339279322846
1.0950625374321574
1.1000086269716676
1.1061492683751926
1.1149965561180033
1.1286520065309198
1.1498991995462857
1.182123921574171
1.2288815879719963
1.2928361574169516
1.3736669038014928
1.4643722268500876
1.5451851881191947
-0.038863127404915904
-0.01318416513774366
0.053464476404416594
0.14163209141497143
0.23859087883852007
0.3363148104666782
0.42999213526688745
0.5169531406540934
0.5959141355859803
0.6664571085679445
0.7286812852894807
0.7829773513157693
0.8298871944119457
0.8700216793232134
0.9040164045745978
0.9325109517622627
0.9561412523332331
0.9755378257250665
0.991325225485497
1.0041204324361244
1.0145303957108105
1.0231515045275614
1.030576305600586
1.0374148092514344
1.0443384614525328
1.052153120491436
1.061901545785567
1.0749838690656834
1.093263615004023
1.1190938110810629
1.1551486656300227
1.2038765855205225
1.2662945816820836
1.3397161938615492
1.4138379167972117
1.4643947759291365
-0.03472102858581766
-0.004039106168523655
0.06314091781300872
0.14904494115992273
0.24209513354255907
0.3350326886047809
0.42354158581218815
0.505260898650931
0.579091663212496
0.6447220680853674
0.7023108622785273
0.7522828699219745
0.7952021113664826
0.8316972655295272
0.862421263754722
0.888032014780578
0.9091850427346948
0.926531627343844
0.9407183001265926
0.9523856324536005
0.9621663866616653
0.9706853484379864
0.9785653464118564
0.9864456401839315
0.9950192331983447
1.0050935671652814
1.0176728658585692
1.034048011681013
1.0558586075026741
1.0850585509905994
1.1236671314897773
1.17311775098913
1.2329205168026238
1.2982269932955006
1.355718312769414
1.3770236989741904
-0.04520134561777865
-0.007956100224093425
0.06122921921008163
0.14624500503145837
0.23666286646847176
0.3259971803758274
0.41043643884508685
0.48793759480652876
0.5575942392138002
0.6192064709446202
0.6729958426959899
0.7194222318596606
0.7590706405293841
0.7925847637569717
0.8206308622325684
0.8438803564679415
0.8630030330282615
0.878665262579208
0.8915295996639541
0.9022539198576689
0.9114900829190896
0.9198840469243589
0.9280812262913126
0.9367422337618628
0.9465741875081393
0.958380328796355
0.9731241743498089
0.9919917215117068
1.0164136913835429
1.047976197727606
1.0880986820601646
1.1372878720846578
1.193680562560929
1.2504600406028106
1.2915639790614346
1.2848876895054548
-0.06798348022058448
-0.02301585133923932
0.04933178104694401
0.13457986909579941
0.22343158265736804
0.3101672734677542
0.3914790158543298
0.465643837912449
0.5319510655375242
0.5903155310467267
0.6410233279959875
0.6845697548100793
0.7215598111484446
0.752650067718755
0.7785170912621872
0.7998421814610355
0.8173053639132793
0.8315838175006893
0.8433516134425392
0.8532791561535732
0.8620322703792591
0.8702725287264688
0.8786619860097195
0.887876530268608
0.8986317919750368
0.9117228060578827
0.9280717927780533
0.9487654211773187
0.9750411094345928
1.0081480727810386
1.048959078097999
1.0971386325639214
1.1495772980168053
1.1976738555272535
1.222880162192065
1.1897098517132143
-0.10079752746601031
-0.04733117625447843
0.029030362766350272
0.11538340675070229
0.20352940652738657
0.288495747410595
0.36746846372863023
0.43904064290894246
0.5026962993791158
0.5584651500115451
0.6066980810150969
0.6479255733407693
0.6827716622280425
0.7119041065163252
0.7360074899649882
0.7557702678976872
0.771879695999232
0.7850205596959541
0.7958750730627614
0.8051225791180388
0.8134389823711896
0.8214972309478102
0.8299714661030834
0.8395482207188792
0.8509474949503388
0.8649535037486733
0.8824477799701637
0.9044240433519156
0.9319421851983132
0.965944654331401
1.0068086001213563
1.0534367743992465
1.1015941072017117
1.1410689408202834
1.1510711670239273
1.0930660908793792
-0.14150418030657175
-0.07911697479960116
0.001825417213701871
0.08992368980848042
0.17803077339397827
0.261891807125737
0.3391694714886576
0.4087633695404642
0.4703473648647356
0.5240637773143938
0.570327143857299
0.6097022652071095
0.6428311750983702
0.6703914329373223
0.6930738937576825
0.711572137805109
0.7265784232870273
0.7387827767348314
0.7488730596765796
0.7575348858248363
0.7654513294395489
0.7733035119085907
0.781774205670371
0.79155710245495
0.803373578320522
0.8179954923029776
0.8362651866905513
0.8590903373244775
0.8873690160864202
0.9217660683827901
0.9622118263428964
1.0069237283365131
1.0506553038748252
1.0817491159452979
1.077403683181997
0.9963512792092263
-0.18814697425652943
-0.11673636406142023
-0.03090425338360131
0.059368009256771645
0.14792631458090605
0.23119528218531035
0.30729020489320347
0.37540280243989205
0.4353885920284013
0.4874980364501315
0.5322069036557963
0.5701128404870944
0.6018747066587324
0.628178662756409
0.6497204860627642
0.6671973743514122
0.6813049576552263
0.6927367795271735
0.7021845289374004
0.7103381340222203
0.7178856851256881
0.7255140835393128
0.7339121390243393
0.7437781144625202
0.7558326640955385
0.770834577959021
0.789589142888851
0.8129251893925269
0.8415944066837645
0.8760120791584802
0.9157081888729087
0.958287308449116
0.9975995990171028
1.0206974510087925
1.0029859330226563
0.9007624127331402
-0.23898239256412965
-0.15872758836146175
-0.06792529199378547
0.02476200672540049
0.1141046452207099
0.197160745530434
0.2724683955590046
0.33949283207227005
0.39826010686450125
0.4491224484719913
0.49261328999659015
0.5293610762973048
0.5600401531841289
0.5853441918988389
0.6059728286112568
0.6226257628475718
0.6360008175904195
0.6467938165858839
0.6556989704514574
0.6634091092531567
0.6706157670291989
0.6780098574766403
0.6862843038629859
0.6961400518429266
0.7082956279132733
0.723496657892284
0.7425139482388937
0.7661047949261667
0.7948895216696373
0.8290606758346081
0.8677920005953734
0.9081437377278258
0.9431647336720872
0.9587641616507816
0.9287595241853912
0.807295150406212
-0.29249282245830277
-0.20381594551490131
-0.10816057972377806
-0.012979994459380147
0.07734372581733048
0.16044975188745397
0.23526426244692938
0.30150384192223245
0.35935145675860475
0.40925306898233726
0.4517952061774908
0.4876345411480261
0.5174593878893079
0.5419698925120113
0.5618686894103888
0.5778571542365426
0.5906344626580025
0.6008978480040409
0.6093431238616893
0.6166650206358278
0.6235573857719916
0.630713857558416
0.6388300655547569
0.648608289202198
0.6607640491075134
0.6760301660143083
0.6951458253354973
0.7188040741915391
0.7475083636678727
0.781254056087444
0.8189004317387997
0.8570281470959422
0.8879810691497338
0.8966638942333891
0.8555010625196768
0.7167504082168047
-0.34738674592503316
-0.25091450260938214
-0.15069023780496668
-0.05307615310634219
0.03830957424144867
0.12162939993135907
0.19615885467162514
0.261840734612518
0.3189992078285808
0.36816454035692636
0.409970924028178
0.44510023058989695
0.4742530510992336
0.4981349905461631
0.5174509625698843
0.5329034059794981
0.5451922597456074
0.5550155679876959
0.5630701161818772
0.5700518399438399
0.5766561020488846
0.5835783412454858
0.5915158804829437
0.6011713956680667
0.6132569204367052
0.628493154812331
0.6475906863644574
0.6711854726201816
0.6996779922820878
0.7328906852457823
0.7694078656992385
0.8053917176678388
0.8325720354297873
0.8349800252020697
0.7838308655794451
0.6297480593537245
-0.40258990327760125
-0.29911685200543675
-0.19474564073227177
-0.09487216023616091
-0.0024396891603878784
0.08117553933714299
0.15555644078190792
0.22084449278097296
0.27748764848286234
0.3260899009128824
0.3673269614523317
0.401902481933775
0.4305274817195076
0.45391200786100055
0.4727626318574533
0.4877823967121175
0.49967159871994427
0.5091286927342489
0.5168510153161507
0.5235352371761482
0.5298776844318567
0.5365749444483129
0.5443253181821084
0.5538312510759128
0.5658011024840544
0.5809443604783827
0.5999461106068961
0.6233921819772749
0.6515933499439783
0.6842221170370327
0.7196251327520524
0.753603770923246
0.7773595429600125
0.774173875923162
0.7142264707798623
0.5467452250964654
-0.45723051734376513
-0.34768461428874226
-0.2396987975321737
-0.1378322129871909
-0.04444621092172911
0.03947913673110797
0.11378969267389817
0.17879623055907898
0.23505173722183118
0.28322244670111063
0.32401887246803734
0.35816270932416366
0.3863734211668115
0.409364469239605
0.42784352789259494
0.44251389537829416
0.45407595123616856
0.4632283036227262
0.4706685701138836
0.47709384846692887
0.4832010553539595
0.4896874757937403
0.49725189490191823
0.5065961315057913
0.5184248963597047
0.5334375212630874
0.552296690826755
0.5755448213522774
0.6034156080851585
0.6354533586869531
0.6698022692734116
0.7019573158390767
0.722672725818864
0.7145970683482981
0.6470390203462488
0.46805709568027143
-0.510621037154864
-0.3960318573003592
-0.28504900522327115
-0.18152757521557195
-0.08734263297804759
-0.003145448197401155
0.07112658998444538
0.13592281554071087
0.19188150889374161
0.2397189755653935
0.2801733767533272
0.313980466296273
0.34186606059518954
0.3645459932567497
0.3827285312649106
0.3971169565155671
0.40841155063160994
0.41731091759433087
0.424512791292527
0.43071450244753884
0.4366133133069415
0.4429069012462047
0.4502942041664466
0.45947618698008674
0.4711540881571813
0.4860182273626429
0.5047119467314753
0.5277406918795846
0.5552730599036952
0.5867457164625751
0.620133646642515
0.650676804301482
0.6687586745935983
0.656505587567101
0.582510998313717
0.39387866788215364
-0.5622382737168217
-0.4437080913053127
-0.33040824099605315
-0.22562401606941185
-0.13084131397554097
-0.046451269276964254
0.027778176685941333
0.0924033020388312
0.1481272744772273
0.19570382870686628
0.23589131068834557
0.2694353718401833
0.29706600944508393
0.31950037569496575
0.3374468502904157
0.35160848046960475
0.3626853324779565
0.37137591651544893
0.37837798934766054
0.3843889983028602
0.3901063950999305
0.39622804770321246
0.4034528325731888
0.4124807547263227
0.4240098599477634
0.43872264540294875
0.45724609443282044
0.4800548382425873
0.5072637358485316
0.5382212404739686
0.5707645316336798
0.5999271005795253
0.6157941103831076
0.6000744506171112
0.5207941699132681
0.3243062043121684
-0.6117032727146247
-0.49038103680878986
-0.37548635542665026
-0.269869068227158
-0.1747233774249503
-0.09024942196968015
-0.01609348558328831
0.048375592275723266
0.1039050924573461
0.15127325912610456
0.19125097102889096
0.2245895038992886
0.2520208136366347
0.2742623103974555
0.2920220276064742
0.3060025953638539
0.3169037891268159
0.32542397981888666
0.33226089972697564
0.3381120473671421
0.343674967746897
0.3496475895756592
0.35672859657092815
0.3656170133232267
0.37700804062438553
0.39157755780392406
0.4099390787030437
0.43254229037132425
0.4594590825112836
0.4899680779286939
0.5217983577817414
0.549822916978197
0.5638972275809809
0.5454121882059029
0.461966913017933
0.2593575916781536
-0.6587618110436609
-0.5358199557113702
-0.4200767713363436
-0.3140797339865915
-0.21882814764827987
-0.1343999954505809
-0.0603676196169816
0.003942915820401943
0.059302137264075884
0.10649978070942209
0.1463115268822232
0.1794899519484474
0.2067667255605506
0.2288584552149243
0.24647238422406073
0.2603105663240211
0.2710724370094918
0.27945620928590087
0.2861595715328198
0.2918800396856347
0.29731519478913193
0.3031629452156125
0.31012170826946694
0.3188895665645365
0.3301592662585711
0.3446012680200461
0.36281840131386023
0.3852410023263628
0.41190820749124435
0.4420462252997621
0.47330418885153885
0.5004381906991221
0.5131391780444416
0.49257461365958854
0.4060504222539602
0.19899108995243123
-0.7032660227536147
-0.5798799963073216
-0.46404309056926896
-0.3581309997258348
-0.26304329840024454
-0.17880364363597243
-0.10495756063036672
-0.04082012367467528
0.014381728700960071
0.0614362724899319
0.10111628121225504
0.13417131303522578
0.16133051023145195
0.18330862458310446
0.20081167730103336
0.2145410008672215
0.22519565653001394
0.23347369538365476
0.24007275775283193
0.24569036149820253
0.25102409069938103
0.25677178462401584
0.2636315599560277
0.27230063577491775
0.2834697189418346
0.29780503240291883
0.3159013998751016
0.3381751387124879
0.3646423391180314
0.3944933298045929
0.4253240296518566
0.45181506567921864
0.4635548729930456
0.4415775724152805
0.353023500824197
0.14312221432853375
-0.7451573583370542
-0.6224877320856996
-0.5073067689471593
-0.40194530328347355
-0.3072958467069292
-0.22339389912401225
-0.14980422866923124
-0.08586205039376306
-0.030812093602571748
0.016119719804606053
0.055695659261122646
0.0886580025947427
0.11573115137484109
0.13762696377894598
0.15504981705608825
0.16870018562043804
0.17927672911234718
0.18747733904433958
0.19399961043664274
0.19954105707810688
0.2047992475762418
0.21047192445894453
0.21725689646363544
0.22585062443638648
0.23694220454681644
0.2511947778368823
0.26919773745341585
0.29135847271993914
0.31767927190907885
0.347330321087479
0.3778797786108972
0.4039722911312873
0.4151529357231324
0.39240853083301336
0.30283582910831364
0.09163867419310573
-0.7844508588589006
-0.6636278739572875
-0.5498358394781658
-0.4454829369094371
-0.35154397906217255
-0.26813022338504133
-0.19487024647540924
-0.13114957696745724
-0.07625047083477066
-0.02942543874507978
0.010069881140986543
0.042966325162136734
0.06998139017035347
0.0918230251095734
0.10919355074587941
0.1227924502999895
0.1333179558872063
0.14146780267309456
0.1479395448586864
0.15343069037313817
0.15863878234015807
0.16426145287948687
0.1709962140122353
0.17953889179573437
0.19057740629437236
0.2047729446172616
0.2227119475931162
0.24479774833816348
0.2710276612011968
0.3005667506112211
0.33097971705815077
0.3569129527437225
0.3679247458807878
0.3450369738286445
0.2554197124729787
0.044413408850025766
-0.8212205797646802
-0.7033310029544044
-0.5916345440334535
-0.488733259982401
-0.3957695988328837
-0.31299169723980624
-0.24013462242341804
-0.17666315921111714
-0.12191605211134741
-0.07518432579519972
-0.03574866438978665
-0.0028936934051321155
0.02408908332032299
0.045902718359628454
0.06324707242817723
0.07682050495359086
0.0873207923209084
0.0954455141506951
0.1018921871997837
0.10735831319193999
0.1125414049677505
0.11813898027971943
0.12484827895858008
0.1333646282742882
0.14437520847675037
0.15854035273336917
0.17644593913600143
0.19849591993579102
0.2246910916482985
0.25420577778914594
0.28462449156281977
0.3106315133272746
0.3218525757767358
0.29942363890309687
0.21070036649445464
0.001315812499995152
-0.8555859223179699
-0.7416621006135271
-0.6327336700641989
-0.5317065374431007
-0.43997143012445133
-0.35797120601442384
-0.28558787180166556
-0.22239293680786923
-0.16779965797835858
-0.12114892870181468
-0.08175328946515988
-0.04891667297722751
-0.02194159583392414
-0.00013085539955952612
0.017212553961108695
0.030785733316271924
0.041285970182405464
0.049410685004732884
0.055857358020532065
0.06132348471863678
0.06650654655746817
0.07210395030445985
0.07881269812311806
0.08732776339164923
0.09833602194780822
0.11249802601142676
0.13040140017344878
0.15245521554120403
0.17867187513266997
0.20824876991884017
0.23881257029404185
0.2651201602569664
0.2769168350420681
0.2555286244746211
0.16860480185398918
-0.03777876207539934
-0.8876986153636295
-0.7787096399925041
-0.6731813752704676
-0.5744262064718589
-0.4841584998610043
-0.40306995991535355
-0.33122743528432486
-0.26833493655164764
-0.21389717411161885
-0.16731560236575338
-0.12794104620763064
-0.0951003868722808
-0.06810906892726383
-0.046276655976671105
-0.028909384786545225
-0.01531155151239016
-0.004786397742978624
0.0033633283763414537
0.00983506843853685
0.01532631166832351
0.02053451010438781
0.0261569688039388
0.032890494393801144
0.041429857259095926
0.05246206115432649
0.06664892402217733
0.08458205262844967
0.10667997842639954
0.1329745373597017
0.16269948146708335
0.19354514689456997
0.22037444285599128
0.23310241819028166
0.2133183803122367
0.12906933180160593
-0.0729811812165425
-0.9177301266624782
-0.8145750327332628
-0.7130343115002413
-0.6169213982410335
-0.5283438401314614
-0.4482922065458348
-0.3770532660184463
-0.31448742369261495
-0.2602065744692761
-0.21368268394883175
-0.17431086078324487
-0.14144434804111736
-0.11441332662607467
-0.09253500332878158
-0.07511923854014772
-0.06147187145968203
-0.05089672239047149
-0.042696724645818196
-0.03617448105293225
-0.030632508995817296
-0.025373381473846716
-0.019699881450386092
-0.012915350610564457
-0.004325067912774731
0.006758524538105286
0.02099952971296177
0.03899570232445969
0.0611792295373741
0.08760893417739517
0.11756775307978619
0.14883043243151947
0.17639814135542853
0.19040409869344121
0.172771526579461
0.0920456525497665
-0.10438243428668838
-0.9458593603071743
-0.8493622966306602
-0.7523489203266487
-0.6592195952162457
-0.5725382993410074
-0.49364003221042835
-0.4230634901220834
-0.36084731437260636
-0.30672499512005885
-0.2602481489818238
-0.22086170023609222
-0.18794841989924202
-0.16085491970953542
-0.13890688695978654
-0.12141818354767595
-0.1076963479643567
-0.09704584117736666
-0.08876980747837065
-0.08217090488680213
-0.07655165917803994
-0.0712146631073376
-0.06546277200622547
-0.0585994272172738
-0.04992980538243391
-0.0387653794748206
-0.024438773710508753
-0.006343990616923551
0.0159688669436341
0.04259290514389263
0.07287262921745624
0.1046872257355048
0.13320724919265137
0.14883084283519002
0.133883366307073
0.05750535303604802
-0.13204941563845085
-0.9722606027998726
-0.8831679028534207
-0.7911728566628703
-0.7013393782370407
-0.6167444149365301
-0.5391082039893885
-0.4692500924718466
-0.4074066016169364
-0.3534458125000043
-0.3070072646088823
-0.2675907305507277
-0.2346114136761369
-0.2074339331920109
-0.18539325633756046
-0.16780762532741536
-0.15398644939436482
-0.14323490871479988
-0.13485639703898622
-0.1281536461789013
-0.12242919626092702
-0.11698565688393428
-0.11112594250516755
-0.10415354988493765
-0.09537341103559602
-0.08409563451371942
-0.06964862412688576
-0.05141612313767768
-0.028926615150143616
-0.0020456692360390043
0.0286447439635194
0.061147594052645415
0.09083288220350998
0.1084088377828927
0.09666886588455181
0.025442608055999315
-0.15602285196459656
-0.9970918029576511
-0.916070870937056
-0.8295365929661357
-0.7432833018432317
-0.6609503735755786
-0.5846790673488337
-0.5155946329394194
-0.4541487919363651
-0.40035571654940116
-0.3539502253241952
-0.3144914477103657
-0.2814296519711341
-0.2541489226073647
-0.23199427239268375
-0.21428870974984915
-0.20034370787412573
-0.18946526741557315
-0.18095708820626233
-0.1741220073396223
-0.16826259459124568
-0.16268148175499414
-0.15668163881714217
-0.14956658718001767
-0.1406408923569315
-0.12921293597322617
-0.11460600859727836
-0.09619167124864796
-0.07347303852468315
-0.046267580559117075
-0.01507222364772961
0.018258439225021725
0.04932286237071001
0.06918295257627696
0.06116379190125798
-0.0041252886591317435
-0.17631775159317564
-1.0204833976722798
-0.9481232916291724
-0.8674453546303924
-0.7850310214215912
-0.7051241577344067
-0.6303175761382384
-0.5620640502081915
-0.5010453923616108
-0.44743180364246754
-0.4010597835890598
-0.361551783986206
-0.32839549295524045
-0.3009958014401119
-0.2787085059547193
-0.2608617824896898
-0.2467693920288629
-0.23573828825079557
-0.2270725599968108
-0.22007520202976227
-0.21404884678203834
-0.20829617122557864
-0.2021202179448634
-0.19482452892872967
-0.18571321770294205
-0.1740926280917135
-0.15928012120939672
-0.14063327102027307
-0.1176262599250694
-0.09002198097404017
-0.05822126127387054
-0.023918320417062926
0.008741671059381121
0.03121628981358484
0.02742362309981034
-0.031159973514754722
-0.1929268404878373
-1.0425280149366687
-0.9793415617939409
-0.9048716271207535
-0.8265328725882706
-0.7492080425119751
-0.675966585515363
-0.6086066538968595
-0.5480525221884903
-0.49463874046378975
-0.4483089066435373
-0.4087522041750727
-0.3754958165399421
-0.3479666707862812
-0.32553206708516697
-0.3075257767534968
-0.29326411452270823
-0.28205516248236956
-0.27320351916932617
-0.26601242193807756
-0.2597846289130913
-0.2538229165037486
-0.24743045330365027
-0.23991084296820694
-0.23056771975491383
-0.21870515631645376
-0.20363387515759043
-0.18469581209823296
-0.16133288191123063
-0.133247265890111
-0.10073315688929374
-0.06530724587486089
-0.030831562295613048
-0.005412548752983174
-0.004480184181623954
-0.055607112756407534
-0.20582750225439966
-1.0632714866372153
-1.00969870197205
-0.9417485482209037
-0.8677041635569083
-0.7931136552878738
-0.7215425768182108
-0.6551484347483909
-0.5951077442307452
-0.5419260628889008
-0.49565849697296155
-0.45606380671117847
-0.42271046888615615
-0.39504857296464047
-0.3724576361927918
-0.3542774930677524
-0.3398273347244354
-0.32841660481880725
-0.3193505852953207
-0.3119328894040892
-0.30546651094101807
-0.2992544299230644
-0.2926000518192269
-0.28480715260322137
-0.27517894686585725
-0.26301711412883283
-0.2476251764501
-0.22832798201818644
-0.2045321273069645
-0.1758733585982094
-0.14252930035157257
-0.10582283755767413
-0.06930736536286516
-0.040614856875320876
-0.03446699807442764
-0.07740502251621707
-0.21499274236142313
-1.0827056769377807
-1.0391181872971005
-0.9779645467530924
-0.908420478171081
-0.8367178377681321
-0.7669320011845471
-0.7015898322366843
-0.6421272126428772
-0.5892256696715252
-0.5430552038732704
-0.5034464295086943
-0.47001064216305205
-0.44222212754945867
-0.41947334133945735
-0.4011107057140867
-0.38645668537281946
-0.3748223951225625
-0.36551404651494995
-0.3578358308910311
-0.3510911566677422
-0.3445833857486191
-0.3376163559922495
-0.329494227090765
-0.31951997678968164
-0.3069929238325013
-0.2912090264650327
-0.2714748588180449
-0.24715900743454458
-0.2178255619437489
-0.18352635511688414
-0.14537520085742972
-0.1065928040384197
-0.07430020332382281
-0.06245724937848471
-0.09649722320994342
-0.22040663716650533
-1.1007636699849372
-1.0674697495322854
-1.0133596063782315
-0.9485142956780659
-0.8798595504063244
-0.8119884220719201
-0.7478030859775046
-0.6890032158132846
-0.6364495472423889
-0.5904293257253149
-0.5508467287598451
-0.5173571315129079
-0.48945997043575923
-0.4665613857309375
-0.44801498772267556
-0.4331470074054131
-0.42127063922376806
-0.4116933668632626
-0.4037202562639873
-0.39665540583024206
-0.38980284187312014
-0.3824671485122191
-0.37395321973933093
-0.36356414710614515
-0.3505971278605786
-0.33434045446191435
-0.31408157970472517
-0.2891488404313853
-0.2590300635660821
-0.22364291830329766
-0.18387806835769668
-0.1426011246333887
-0.10638801617096859
-0.08838636121491665
-0.11284921940120075
-0.2220845948324697
-1.117317857718873
-1.0945675974832905
-1.0477235158999194
-0.9877732102762752
-0.9223380310246424
-0.8565306042208578
-0.7936302608707846
-0.7356021530451209
-0.6834877192715767
-0.6376927574460287
-0.598196151589565
-0.56469836190814
-0.5367248654937754
-0.5136962766377611
-0.4949740919060772
-0.47988892094899605
-0.46775657136210047
-0.4578862659470399
-0.4495843663731023
-0.442156065717533
-0.4349064776253537
-0.42714140509243687
-0.41816701209833884
-0.4072870756955481
-0.3937971806282475
-0.3769781882592576
-0.3560980133983362
-0.33044306762813974
-0.29942106369834137
-0.2628081594818016
-0.22125919052605542
-0.17726419023697998
-0.1368224257220759
-0.11222244398839236
-0.1264695978851143
-0.2200985384067292
-1.1321814220259114
-1.120171453100078
-1.0807964148463185
-1.0259399787171015
-0.9639123631276705
-0.9003416391295156
-0.8388819776386843
-0.7817629249616727
-0.7302063555343603
-0.6847368782433252
-0.6454086639161284
-0.6119680177585625
-0.5839672981145674
-0.5608424460750696
-0.5419636635191808
-0.5266666971889719
-0.5142706556244856
-0.5040871241518307
-0.49542434073612257
-0.48758916516655204
-0.4798884036815491
-0.47162975637418286
-0.46212143129841937
-0.45066874552606156
-0.43656652301887555
-0.41908885324672535
-0.3974842342888488
-0.3709961736052825
-0.33894933777049857
-0.3009722558342044
-0.2574729163215044
-0.2105475344996325
-0.16559018879434645
-0.13398757508162704
-0.13743525702092044
-0.21460681420464373
-1.1451136156718424
-1.143990712437966
-1.112271857046205
-1.0627145406042886
-1.004302528424532
-0.943169118937146
-0.8833368051096115
-0.8272956450710172
-0.7764459047906614
-0.7314302074088734
-0.6923780295807996
-0.6590820445205906
-0.6311222975004316
-0.6079509916623386
-0.5889479980492629
-0.5734551327699852
-0.5607956787921151
-0.550284398713133
-0.5412321852789392
-0.5329483467680886
-0.524742216573124
-0.5159243283864916
-0.5058060068916452
-0.49369531637314473
-0.4788875973375735
-0.46065135125935164
-0.4382164416389384
-0.41078334241293707
-0.37759185262706
-0.3381182254208928
-0.29251454452426906
-0.24246758836730464
-0.19274121978329256
-0.15378215333720655
-0.1459202162149211
-0.20588822699558867
-1.1558291173107522
-1.1656919190813888
-1.1418025010383703
-1.0977580498531276
-1.0431919194907486
-0.98472627941981
-0.9267411864823248
-0.8719805024674345
-0.8220190450641628
-0.7776155900594702
-0.7389743757475243
-0.7059347344132718
-0.678105180368793
-0.6549552138002642
-0.6358755060902149
-0.6202150762885428
-0.6073024729945091
-0.5964566785554013
-0.586992257649946
-0.5782220039526182
-0.5694588925907569
-0.5600175429002419
-0.5492138329089802
-0.5363602108362389
-0.52075432844269
-0.5016609194935393
-0.4782927940308279
-0.44980828514222815
-0.4153618309323956
-0.37427450633082493
-0.3264357399932892
-0.2731103130559464
-0.21841089295599123
-0.1718114153975321
-0.1522270061496156
-0.1943791064174812
-1.1640115752544982
-1.1849095913901166
-1.1690084040113125
-1.130698837348764
-1.0802311832977245
-1.024693940200585
-0.9688096910702204
-0.9155665359271794
-0.8667081850303439
-0.823106624015008
-0.7850397365976935
-0.7523935717910823
-0.7248058771602742
-0.7017645971384397
-0.6826725208243396
-0.6668872299406993
-0.6537438780846522
-0.6425669732949191
-0.6326760489354635
-0.6233887224801518
-0.6140230578862882
-0.6038993876491742
-0.592340013483961
-0.5786639158933705
-0.5621734690110041
-0.5421322172658831
-0.5177384491386477
-0.4881104629486831
-0.4523184129235155
-0.40952734627322923
-0.3593599844493464
-0.3026501028382529
-0.24284286174821823
-0.18841272940925666
-0.1568191118109588
-0.18071171932380867
-1.1693312749149847
-1.2012602871668792
-1.1934877595201783
-1.161140108873742
-1.1150431698904326
-1.0627229922629748
-1.0092253222289522
-0.9577700347294318
-0.9102622196903078
-0.867683021257719
-0.8303822606558798
-0.7982925162239409
-0.7710815115374171
-0.7482568990741982
-0.729235101218541
-0.7133838674035308
-0.7000465695824158
-0.6885548430082727
-0.6782348043061587
-0.6684105791518282
-0.6584071514217295
-0.6475526296248426
-0.635178113714195
-0.6206118612155885
-0.6031640999718189
-0.5821006509016652
-0.5566089269768235
-0.5257707193258266
-0.48857481191020224
-0.44403176773525466
-0.39149668092165535
-0.33136741524827534
-0.2664106747561538
-0.20408175064680942
-0.16035233967072607
-0.1657516673189377
-1.1714666830519656
-1.2143596380738286
-1.2148297972670303
-1.188669088387108
-1.1472286930013396
-1.098437140240714
-1.0476395926733213
-0.9982722832549559
-0.9523922644077787
-0.9110846353157401
-0.8747688196567848
-0.8434234661222205
-0.81674697835672
-0.7942680892826326
-0.7754185692779868
-0.7595781952136669
-0.7461004619964348
-0.7343260537978484
-0.7235896345673449
-0.7132239074217825
-0.7025630379558553
-0.6909454649944788
-0.6777140335531135
-0.6622097031986447
-0.6437545121885203
-0.6216210449417505
-0.5949907709433835
-0.5629141451271069
-0.5243036182762393
-0.4780195758166495
-0.4231521714516141
-0.3596631599271671
-0.2896359694422974
-0.21949494705575012
-0.16370232020667924
-0.15063115906145175
-1.170129460622269
-1.2238419646339218
-1.232629479831682
-1.2128672695266312
-1.1763727963097574
-1.1314356258023293
-1.0836721267987561
-1.0367164418767998
-0.9927661912369854
-0.95300400733683
-0.9179158968904191
-0.8875258012544806
-0.8615634330163553
-0.8395800607812065
-0.8210247014086288
-0.8052912680877151
-0.7917455781047231
-0.779739618506742
-0.7686189342669285
-0.757727288284364
-0.7464107574734142
-0.7340212042721453
-0.7199167986678339
-0.7034553859161798
-0.6839756987040527
-0.6607627268191635
-0.6329983902438151
-0.5997088538306081
-0.5597376997324327
-0.511802601966834
-0.4547355808411944
-0.3880674514141599
-0.3132005131958975
-0.23552539937519507
-0.16798465498258797
-0.1367742395234441
-1.1650924233097997
-1.2293820199534515
-1.2465036161892227
-1.2333214682723768
-1.2020512915463515
-1.1612957705061349
-1.1169096982264326
-1.0727035386238373
-1.0310020034511966
-0.9930775221049071
-0.9594788942797655
-0.9302741828150006
-0.9052249003812798
-0.883906339155566
-0.865786806556724
-0.8502766832451742
-0.8367565867302708
-0.8245923864082635
-0.8131432140165116
-0.8017667991899297
-0.7898243488991898
-0.7766848143875413
-0.761725951142544
-0.7443274992594814
-0.7238507900672209
-0.6996001433538361
-0.6707659601667452
-0.6363592726411667
-0.5951650022472681
-0.5457691552945303
-0.4867570924767051
-0.4172399320913988
-0.33794886265074076
-0.2532481746496036
-0.17456349691391965
-0.1259092152479508
-1.1562198990623647
-1.2307184415623875
-1.2561081010819433
-1.24963551369578
-1.2238375299915254
-1.1875754196476331
-1.1469048979943635
-1.1057878734430815
-1.0666604475786925
-1.0308756604361635
-0.9990404199763447
-0.971265234961382
-0.9473436746922625
-0.926876492753821
-0.9093534078087488
-0.8942037653274398
-0.8808256951060088
-0.8686018206101387
-0.8569079151085233
-0.8451189936618627
-0.8326150991541162
-0.8187865194346002
-0.8030355634182283
-0.7847697486882614
-0.7633800061618945
-0.7381983079860499
-0.7084333696658741
-0.6730925929861769
-0.6309155114115489
-0.5803715180326574
-0.5198160287892036
-0.44795853149840237
-0.3648779573280078
-0.27393099376637725
-0.18504364215834923
-0.12006266359530045
-1.1435000261160981
-1.227678657752438
-1.2611562253485584
-1.261442714843219
-1.241309730982882
-1.2098157872955393
-1.173175099578834
-1.1354726550306011
-1.0992378228865443
-1.0658934324362253
-1.0360987484500537
-1.0100043886281675
-0.9874358598076873
-0.9680206398306973
-0.9512719465293067
-0.9366406589220898
-0.9235452839747437
-0.9113882940273742
-0.8995654499285081
-0.8874727360584532
-0.8745131896011965
-0.8601032447692718
-0.8436754361329726
-0.824671834978124
-0.8025211207238401
-0.776592731158757
-0.7461254816566975
-0.7101372139290123
-0.6673387293352808
-0.6161023136296254
-0.5545759883313774
-0.4810932859754671
-0.3951095903465299
-0.2990053996785367
-0.20124054766931204
-0.12152858918340134
-1.1270788010342827
-1.2202053462919566
-1.261438434695869
-1.2684197503011985
-1.2540597706966432
-1.227545848352286
-1.1952030932013311
-1.1612074515463722
-1.128160758918848
-1.097542930135287
-1.0700585363048536
-1.0458950905501028
-1.0249093455817861
-1.0067564126614377
-0.9909749027951248
-0.9770397238841373
-0.9643926479157072
-0.9524591977503338
-0.9406586555251473
-0.9284119327431314
-0.9151495935718736
-0.9003195272595104
-0.8833908266200274
-0.863847767671951
-0.8411660903501196
-0.8147640630484261
-0.7839244600662874
-0.7476924029654255
-0.7047703056998265
-0.653457742118003
-0.5917243301574243
-0.5175617435006139
-0.4298414515181213
-0.33001322648833553
-0.22512211197944032
-0.13280553313786914
-1.1072961796830263
-1.2083851356721866
-1.256844600129892
-1.2703034005470843
-1.2617051900095868
-1.240290354952777
-1.212441763032782
-1.1823901008976074
-1.1527858526026478
-1.125151108577878
-1.100227090171384
-1.078233828805263
-1.059057792304636
-1.0423820347905821
-1.0277720341209398
-1.0147289408352862
-1.0027205111797224
-0.9911984504653854
-0.9796091208012521
-0.9674024433163292
-0.9540412811514376
-0.9390106676752298
-0.9218231490904852
-0.9020136614746852
-0.8791154465677224
-0.8526085355913661
-0.8218356759525003
-0.7858890468113305
-0.7434869887194027
-0.6928860724424032
-0.6319135478236185
-0.5582625753051202
-0.4702723682328414
-0.3685229210873461
-0.2587156175868731
-0.15649379850260725
-1.0847253181815562
-1.1924811362547387
-1.247390867243324
-1.2669126473781205
-1.2639073778705112
-1.2475848385758828
-1.2243265441905713
-1.1983771613460834
-1.1724085556371728
-1.1479674599014031
-1.12582108664331
-1.1062160696447778
-1.0890658698883247
-1.0740808648832927
-1.060854145339037
-1.0489147494505033
-1.0377586994832837
-1.0268666930501955
-1.0157155186851279
-1.0037880918033415
-0.9905843786799501
-0.9756324369908241
-0.9584955570675617
-0.9387684571527527
-0.9160533534357862
-0.8899064948282345
-0.859748797612646
-0.8247423340594439
-0.7836498956154306
-0.7347204675506113
-0.6756826011918147
-0.6039843687064699
-0.517497536405946
-0.41601023672942705
-0.3039729883899864
-0.1951444839801284
-1.0602171874181594
-1.1729721633499648
-1.2332545470146967
-1.2581801734298774
-1.2604005008184547
-1.2490026709398265
-1.2303011973759914
-1.2085088649382616
-1.1862876567202658
-1.1651882619429328
-1.1459907152368232
-1.1289603160039734
-1.1140331491033273
-1.1009449364019646
-1.089315993296256
-1.0787039376693293
-1.0686345379125712
-1.058619625552972
-1.048169220096545
-1.0368028042632544
-1.0240619866269896
-1.0095236424879508
-0.9928092387167629
-0.9735828423545004
-0.9515279683709525
-0.9262929385133511
-0.8973971693493273
-0.8640985740349479
-0.8252373140123759
-0.7790962656229651
-0.7233571437343672
-0.6552872530041691
-0.5723700047661573
-0.4736980679985702
-0.3625875300213021
-0.25105178190304744
-1.0349543842171824
-1.1506032476410488
-1.2148223797113573
-1.2441992907019146
-1.2510378633371058
-1.244201479883348
-1.2298647618991938
-1.2121569493722981
-1.1936941967012378
-1.176006646830156
-1.159870839368005
-1.1455601716782902
-1.1330267545618435
-1.122027762515055
-1.1122086867515781
-1.1031549617235947
-1.0944223001334854
-1.0855546801127338
-1.0760971719397754
-1.0656085612961617
-1.0536759653837229
-1.0399303963392212
-1.0240587102070213
-1.005804006502086
-0.9849439931633394
-0.9612360998129722
-0.934320571848994
-0.9035801924440754
-0.8679699152236916
-0.8258543287462542
-0.77492887417101
-0.7123560892007796
-0.6353255268049603
-0.5423508038894134
-0.4357556682495402
-0.32598006731946955
-1.0105200844027478
-1.1264543109740088
-1.1927599371086657
-1.2252949019595478
-1.2358650900787604
-1.232999043979098
-1.2226504861376526
-1.208806782268745
-1.1939967822008477
-1.179700940353071
-1.1666720421084538
-1.1551776216191447
-1.1451762583490313
-1.1364400753529114
-1.1286353595851406
-1.1213724998818604
-1.1142354493991573
-1.10679961771011
-1.0986453812205226
-1.0893721655614577
-1.0786152479061326
-1.0660641022261819
-1.051477474064801
-1.0346868399020637
-1.0155771572768622
-0.9940328368756466
-0.9698390243673307
-0.9425353441181092
-0.911233476508914
-0.8744340865317615
-0.8299160409628368
-0.7748255206696929
-0.7061692106367059
-0.6220196238683795
-0.5238779633809516
-0.42081776458372766
-0.988990837213665
-1.102036817504118
-1.1681130273889266
-1.2021303543666173
-1.2152329217007816
-1.2154923241822848
-1.20855119123535
-1.1981889588696666
-1.18679912842001
-1.175777673777319
-1.165828447321738
-1.1571948226532092
-1.1498284238195895
-1.1435063326058952
-1.1379080788033806
-1.1326632316408969
-1.12737959182864
-1.1216607932020897
-1.1151204656916291
-1.1073978893677299
-1.0981772343590388
-1.0872090873901414
-1.0743292210516286
-1.0594658823401584
-1.042623937754646
-1.0238330006849004
-1.0030485349664482
-0.9800016453855933
-0.9540070702804808
-0.9237625439615309
-0.8872095328114198
-0.8415793310357469
-0.7838242721003703
-0.7117367439472645
-0.626194948715411
-0.5351509165377102
-0.9730653962590112
-1.0794319017561542
-1.1424558426917308
-1.1758660922863067
-1.1899666232697304
-1.192237645039011
-1.1879100121829005
-1.1804801634607018
-1.1721503786135923
-1.1641904802706176
-1.1572240970430827
-1.1514466546537483
-1.146784415706103
-1.1430048671535753
-1.1397890124659622
-1.1367759032879792
-1.1335891215034972
-1.1298538660955748
-1.1252117221329891
-1.119337999286719
-1.1119636802078001
-1.1029005711521904
-1.0920644077304416
-1.0794868524356194
-1.065304200534087
-1.0497091703821353
-1.0328537396611026
-1.014697362314029
-0.9948082920258103
-0.9721488973151938
-0.9449121040838973
-0.9105293926557001
-0.8660457347667022
-0.8091588389298731
-0.7403552203413919
-0.6667508997203624
-0.9662461394737447
-1.0614880470742534
-1.1181053627940762
-1.148390977934011
-1.1616141405393705
-1.164515335009568
-1.1618009039167225
-1.1565986602745888
-1.150854440346185
-1.145661882852619
-1.141525547435025
-1.1385622347386881
-1.1366481003625992
-1.1355206019880988
-1.1348449516088346
-1.134254815268649
-1.1333765999004721
-1.1318457685555794
-1.129322150800908
-1.1255090775920638
-1.1201783292110075
-1.1131993995532146
-1.1045676602684549
-1.0944220680503718
-1.0830397682128035
-1.0707932869901975
-1.0580573145781782
-1.0450581155216918
-1.0316715837991055
-1.017198626874626
-1.0001822275213246
-0.9783831296580657
-0.9491052364763026
-0.910162836305572
-0.8619158058893905
-0.8109729377798489
-0.9730949803153444
-1.052101971921886
-1.098427332197464
-1.122653157490741
-1.1328013384710394
-1.1347085093746219
-1.1324298332514449
-1.1286264561872674
-1.1249113823891213
-1.1221418952240598
-1.1206553540136535
-1.120450682261341
-1.121321204600073
-1.1229464390824164
-1.1249514903913629
-1.1269430824252744
-1.1285311146965125
-1.1293439126588867
-1.1290439939024828
-1.1273491089566554
-1.124060500919574
-1.1190968233407212
-1.1125281716276585
-1.104600632980927
-1.095738311569201
-1.0865079147588832
-1.077532027949533
-1.0693429074959586
-1.0621811956857499
-1.0557661384552914
-1.0490989649306146
-1.0404129897221368
-1.0274573207152307
-1.0084011206861003
-0.9837782840052945
-0.9600650857994584
-0.9995921571169948
-1.0566131206550247
-1.0882661057721659
-1.1031245507807983
-1.107730063083388
-1.10683327542406
-1.1036953461838594
-1.1003981014020339
-1.0981319975192907
-1.0974455377945116
-1.0984493990995
-1.1009747873373898
-1.104689530377213
-1.1091779042881538
-1.1139916672440502
-1.1186805220096538
-1.1228103519724248
-1.1259770725965519
-1.1278227435839059
-1.1280586213422037
-1.126497064267044
-1.1230906982887987
-1.1179732188213647
-1.1114920601310019
-1.1042195699158042
-1.0969272569812571
-1.0905084629746307
-1.085840185581707
-1.0835869539889111
-1.0839713470746666
-1.086570238218258
-1.0902470559980326
-1.093402848774696
-1.094828040279895
-1.0955685480868869
-1.1023913231253912
-1.0536340613028368
-1.0823502046765672
-1.0945389656634674
-1.096441590894177
-1.0928635388475842
-1.0872666154177795
-1.0819563620423283
-1.0783054235619993
-1.0769761138747604
-1.0781209772899725
-1.0815507293715234
-1.086866039310597
-1.0935542945518792
-1.1010555497994345
-1.1088038156566637
-1.116250975227127
-1.1228810499422246
-1.1282222728080886
-1.1318634089880537
-1.1334789201526405
-1.132864872006108
-1.1299839996764425
-1.125014285735324
-1.1183911821522043
-1.1108298837860988
-1.1033118045247332
-1.0970199419716693
-1.093212875862949
-1.0930389239901208
-1.09731318625319
-1.106314118107289
-1.1197067837412498
-1.1367716130664582
-1.1572156153161823
-1.1829736526517605
-1.221577445605358
-1.1457154945762116
-1.1393777665018887
-1.1270453172699804
-1.1122749046565674
-1.0978539183838565
-1.0857287276313008
-1.0770657709957214
-1.0723783955867259
-1.0716763014581687
-1.0746112002686692
-1.0806038899574943
-1.0889458849845708
-1.0988741491216343
-1.1096211523329762
-1.120444937510516
-1.1306454369074852
-1.1395740523360773
-1.1466435204481298
-1.1513442726908523
-1.153271804397176
-1.1521669645891417
-1.1479676356741186
-1.1408662035960186
-1.1313629350257628
-1.1203015397490175
-1.1088707669925426
-1.0985561825204009
-1.0910310249565627
-1.0879864310048393
-1.0909220486119375
-1.1009513882368456
-1.118726076335365
-1.1446540230244282
-1.1796836712285428
-1.2270560059838689
-1.2955947460133714
-1.2898526094273999
-1.241501923144817
-1.1995526553276643
-1.1644923867730033
-1.1367788208484477
-1.1165888618078803
-1.1037408821406784
-1.0977150009046683
-1.0977214540554234
-1.1027851121351127
-1.111826847279628
-1.1237312933504444
-1.137396721648368
-1.1517670827071185
-1.1658492782120147
-1.1787207382816152
-1.1895335288416902
-1.1975215232733465
-1.2020165970932146
-1.202478285280113
-1.198538858642956
-1.190062398952164
-1.1772123965272367
-1.160518068647925
-1.1409256610553702
-1.1198184074039508
-1.0989888957299088
-1.0805520456717976
-1.0667979125933438
-1.0600037931272648
-1.0622578626008476
-1.075395695851347
-1.101221045024054
-1.1422784278954248
-1.2035734482927596
-1.2958041823859816
