Predicted value
-0.43971656107850166
-0.500888302881842
-0.6074558286651
-0.6748753738851088
-0.6882390380677732
-0.6567770083095326
-0.5927217820578354
-0.5039374283184133
-0.3933628354731571
-0.26104914106451815
-0.10650624609688109
0.06964827121358486
0.2649767433410273
0.4752886908640104
0.6951846764445127
0.9187754593832786
1.1403478690553874
1.3548392507752993
1.5580597233471605
1.74665394581142
1.9178241007325503
2.068854933619033
2.1965050635471655
2.296369683912936
2.3623848572157096
2.386729119347478
2.360467564906042
2.2753473430268136
2.1271506375848634
1.9208941883054877
1.677886876208769
1.4441851328549407
1.2993143588088873
1.3632956902713231
1.7991468868250475
2.807332644189435
-0.8992805042851302
-0.8188859602925742
-0.7855415161004178
-0.7213987258774983
-0.61497950572761
-0.47754400175488776
-0.3226923916019562
-0.15917732081443425
0.009681971592951033
0.18402003078061302
0.36508432530588797
0.5535206221398439
0.7485367907572913
0.9478145707743573
1.1478936931199248
1.3447494850829926
1.5343503990196656
1.713065179447577
1.8778611266753074
2.0262835596639843
2.1562341735272392
2.2655831684327667
2.3516707369239596
2.4107898421843794
2.437799932179229
2.426096155781881
2.3682346723892835
2.2575635599483634
2.0911924588000628
1.8745092344666714
1.6271784644465628
1.390109112361127
1.2322625884616367
1.2554436025625566
1.5945069340713385
2.409962207305756
-1.1659099696599924
-1.0071585750552332
-0.8929327913673522
-0.7514391982017212
-0.5741218482292343
-0.37391927865797614
-0.16561853003828553
0.041147753434492174
0.24252804897993796
0.4385527352436358
0.6308288810870932
0.8207936169488699
1.0087882199143428
1.1938460761797816
1.3739444435835564
1.5464623055395081
1.7086451540345422
1.8579541358309817
1.9922434391844386
2.1097548610390016
2.208943843487994
2.2881666798327553
2.3452768982766985
2.377211036486122
2.379694999891983
2.3472674406124057
2.2738804048450283
2.1543730847594453
1.9870864172223734
1.7777555515749688
1.544549809761901
1.3237085282611851
1.1746619060906833
1.1828980056572524
1.458288678366733
2.126376564203606
-1.2789227380745967
-1.085092486141864
-0.9309111272706057
-0.750034354050281
-0.536322104646187
-0.3040081668661747
-0.06882384559481336
0.1588141972862993
0.3744776775712588
0.5779245265531627
0.770853463332468
0.9551535988789621
1.1319179933863204
1.3011353666317818
1.4618335085638203
1.6124366142035338
1.7511511405335618
1.8762651617500805
1.9863076698397064
2.080055968965319
2.15640257918917
2.214106873182815
2.251472815731836
2.2660226266707557
2.2542810285989816
2.211841157531224
2.133935943396499
2.01676244137652
1.8597684250747182
1.6689757708237478
1.461155665377944
1.2682772895672945
1.1411504732360442
1.1506560910924506
1.3845697489641038
1.9380116567259353
-1.2770103166676439
-1.0763782604754466
-0.9094647694895257
-0.7148238613733557
-0.48825145050846475
-0.24488994356577143
-0.0011408295620176645
0.23194696224721922
0.4493992038503114
0.650622704469271
0.8372385761129582
1.0113513860039278
1.174526968319884
1.327411664517756
1.4697883214669658
1.6008499972368142
1.7195190847133706
1.824704164047485
1.9154437065836651
1.990924303492279
2.0503824291908685
2.092911106981131
2.117207049611175
2.1213188996184646
2.1024964464170264
2.057289076534598
1.982084412111589
1.8742911605362926
1.7343234717095994
1.5684069005253636
1.3919761064554654
1.2330703131086402
1.134690440238105
1.154656470047432
1.36127443261982
1.8233848575027876
-1.1952897255472017
-1.0050635062217088
-0.8424559702205614
-0.650437023723037
-0.4263024115497642
-0.1857337347853898
0.05447979759712518
0.28283983260082035
0.4939068093155099
0.6867216951129433
0.8627322271296397
1.024100524255528
1.17266596203925
1.3095123116330976
1.4349544801351928
1.5487433459806166
1.6503288591772476
1.7390808186117859
1.8144191913346301
1.8758414383755841
1.922853860041315
1.9548250200024448
1.9707917735109415
1.9692704057556678
1.948159559028221
1.904862702227181
1.8367915408178592
1.742415436000313
1.6229680147688503
1.4847840276741766
1.3420005210861348
1.2190227483318283
1.1517728603943538
1.1864152636542027
1.3741809406780425
1.7614073594131296
-1.0637685829486223
-0.8931882906503041
-0.7445209903211163
-0.5647454964555649
-0.35227626533081313
-0.12299645919247837
0.10619074372463855
0.32353265167502476
0.5232348673553537
0.7040014185486878
0.8670641888629196
1.0145439789486466
1.1484156883399321
1.2700406435944425
1.3800997157181913
1.478742110849642
1.565801809299997
1.6409879115086172
1.704003529835379
1.7545807041012924
1.7924367111445532
1.8171670018454826
1.8281009096744283
1.82416548444091
1.8038323684425843
1.7652570811608725
1.7067455725942182
1.627678294046353
1.5299622645115853
1.4199439048325773
1.3104886644947147
1.2226312746905041
1.1858782356097093
1.2360207236223402
1.4094003082121092
1.7332924378186068
-0.9067831258949273
-0.7595386949659204
-0.6292169212826275
-0.4664762013354449
-0.2705298766698421
-0.0571664037241848
0.1568499614349701
0.35970549725160383
0.5453761097782769
0.712285529847503
0.8614445964042885
0.9948772857551891
1.114602260719514
1.2221449142163627
1.3184302270810675
1.4038865924739088
1.4786237351236835
1.5425975579028832
1.5957193299296109
1.6378968896594663
1.6690118964317233
1.6888459606054005
1.6969780047902225
1.692691922582457
1.674958989250285
1.6425879293257981
1.5946537240263943
1.5313043740218362
1.4549803427537698
1.3719453235080081
1.2938135662925385
1.2384890428006097
1.2296698532390309
1.2939478439336973
1.4547712957375953
1.7234853615331165
-0.7430757193004691
-0.6191637935338341
-0.5080416798717229
-0.3637940255938472
-0.18617679912729024
0.009365624027805497
0.206431837688843
0.3933285808473852
0.5639304614641472
0.716453112186759
0.8517059218735782
0.971591500213797
1.0781148269109426
1.1728870655204402
1.2569894853505128
1.3310418245300581
1.3953487289214623
1.4500433870823919
1.4951885255189687
1.5308227799956446
1.5569554018063287
1.5735200943552385
1.5803070612600503
1.5769068171840679
1.5627209243214504
1.5371178486098551
1.4998237611577625
1.4516199275942319
1.3953501743502306
1.3371085345184501
1.2872780444691403
1.2608545268879119
1.2762876378421364
1.3520469992564004
1.5005104018706328
1.7199377911611695
-0.5862642060792504
-0.4833897177379627
-0.3900442073032955
-0.26355662615883846
-0.10403203013701412
0.07362946588131192
0.2535794203149331
0.42440789384529043
0.5800116288850611
0.7184767757501433
0.8404460465372234
0.9476974201474119
1.042189627294018
1.1255675906210376
1.1990069109691872
1.2632548626802986
1.3187514007572139
1.3657552910928206
1.4044382300493563
1.434935426840437
1.457354756256511
1.4717535621639872
1.4780993789134407
1.4762432937064631
1.4659528751310797
1.4470697382663138
1.419862609275315
1.385623114318065
1.3474806543149436
1.3112829810076214
1.2862050150085156
1.2845445373482531
1.3200218918432203
1.4039740954884041
1.5393714834992267
1.7139669782449916
-0.44552352976758325
-0.3601348693978954
-0.2818143922675982
-0.17101800225285335
-0.028065791597737366
0.13283757836249177
0.29655066327462665
0.4520868601088648
0.5934778464422826
0.7187586680336492
0.8284480793340245
0.9242099915561566
1.007941838915882
1.0812895554482935
1.1454805035005935
1.201343934401995
1.2494117250514447
1.2900301885571308
1.3234484598664886
1.349872475317731
1.3694859906992707
1.382446279515595
1.3888683647199933
1.3888222883425816
1.3823830524109741
1.3697866141702764
1.3517459215073837
1.3299526646739406
1.3077177039879775
1.2905778511629957
1.286528297764349
1.3053695293459733
1.3565756730244247
1.4452606973126207
1.5665021917173747
1.6998746579560027
-0.32635338142527637
-0.25438576485025344
-0.18769952869921847
-0.0898164600493856
0.03880785590396929
0.1847685341849412
0.3337488135233264
0.47530042575068876
0.6036885320549755
0.716970561666982
0.8155866713800917
0.9011054686074558
0.9753598970986052
1.0399779495847654
1.0962104802554236
1.1449368435411664
1.1867497301057
1.2220553764135336
1.2511571998431366
1.2743124874298926
1.2917630774373032
1.303746473855092
1.3104991820296306
1.3122730903144277
1.3093980863215366
1.30243390030435
1.292450175659766
1.2814414962300782
1.2728102947832625
1.2717304580612
1.2850522441888135
1.3202721876951462
1.3830687213574435
1.473168190195645
1.5791315675430748
1.6744493305275567
-0.23134675413245098
-0.1687360052715583
-0.11013881695280858
-0.02212878754147729
0.0947342401976099
0.22790612414629297
0.36397737729035984
0.49312746447414263
0.6099373153041399
0.7125522840648812
0.8013781743123278
0.8779111026335114
0.9439238956378107
1.0010172424584431
1.050447569032183
1.0931225769748905
1.1296738468999017
1.1605477500126817
1.186085173966052
1.206580342965476
1.2223192962962648
1.2336034661371609
1.240768380495761
1.2442151118521996
1.2444819718581144
1.2423902226815022
1.2392895298918658
1.237393293854094
1.2401197793079826
1.2522406270098452
1.2795026773307974
1.3272855102848882
1.3978922579868638
1.486427710391883
1.576182187996314
1.636436155940179
-0.16090544820227493
-0.10392371454098592
-0.05004176855523457
0.031091853116774093
0.13880295102849582
0.2614302190729463
0.38652130017830333
0.5049478010110288
0.6116716704361194
0.7049819761281959
0.785290768377338
0.8540455623035809
0.9129678305596389
0.9636280033279249
1.00727747683789
1.0448379030963535
1.0769646087623517
1.1041301438819613
1.1267008126691085
1.1449971429783172
1.1593385901157993
1.1700770881814446
1.1776279738342688
1.1825131163537013
1.1854387402788524
1.187433539841923
1.190061079068326
1.195682144318023
1.2076686811466681
1.2303628818801182
1.2684561170356807
1.325392042818924
1.4004904397176714
1.4849351551578933
1.5578690445745615
1.5860287926061976
-0.11387165854378001
-0.05932737838676605
-0.007162309249018506
0.06984968295610106
0.17087598906392376
0.28512645589685937
0.40112610182923536
0.5104795761419586
0.6085782266308954
0.6939000233178547
0.7668986480439552
0.8289959379958346
0.8818728694698827
0.9270706985527335
0.9658302163954137
0.9990778792183673
1.0274825471116071
1.0515332808296458
1.0716132787032684
1.088061596383635
1.1012227622444088
1.1114882183711423
1.1193368357770728
1.1253869167165933
1.130477755591251
1.1357991287404021
1.1430723661663789
1.154746109802034
1.1740965270080803
1.2050203526249397
1.2512071563110827
1.314339641579429
1.3911188808777581
1.4694461978013218
1.5253240180142775
1.5244153543776422
-0.0880614098321546
-0.033397989574295295
0.019560462395907363
0.09484686149475441
0.19139966999881464
0.2992598484975786
0.4079240367139706
0.5097494020536597
0.60058904038144
0.6791442877783098
0.7459397904544103
0.802392346425719
0.8501537849184883
0.8907395923091016
0.9253776996781683
0.9549938817583377
0.9802638457226666
1.0016866030505294
1.0196563139143842
1.034524929360808
1.0466556289944209
1.0564704214347709
1.0644980720615296
1.0714326691373868
1.0782170164627656
1.0861628375827412
1.097102352352292
1.113523477805174
1.1385687116970709
1.1756833399182807
1.2276135324919566
1.2944495437214003
1.3706118483085001
1.4412982883874723
1.480267808756503
1.4533946783725322
-0.08069715122060916
-0.024018133117461815
0.031710120861708324
0.10725127273961488
0.20122522687152422
0.30444117021545336
0.4073394776033772
0.5030303492275205
0.5878462566116602
0.6607360368773832
0.7223182933265386
0.7740223717866912
0.81748172866085
0.8541905885168927
0.885363843350162
0.9119235800859254
0.9345481386496082
0.953742138915178
0.9699066462069372
0.9834024689262646
0.9946065231359251
1.003964168574853
1.0120427599128654
1.019594900276639
1.0276421720888154
1.0375856986170913
1.0513301233966441
1.0713639330483427
1.100668372433304
1.1422399838764972
1.19794352330152
1.2664382409364079
1.3401761402992962
1.4021737784792752
1.4247391617059613
1.375067971872769
-0.08874442381646475
-0.02878728945071707
0.031155053051271198
0.10850158353668005
0.20145194179776504
0.30150321400929997
0.39999343309113644
0.49077005479575747
0.5706494398653528
0.6388424904955834
0.69607852913899
0.7438136292441717
0.7836724143057945
0.817132631005858
0.845397142935746
0.8693829604003707
0.889768534070312
0.9070613036944394
0.9216665218727542
0.933950991702035
0.944301629323642
0.9531813749567926
0.9611869137597526
0.9691151103505847
0.9780459341083502
0.9894432689589605
1.0052532208376341
1.02793487947027
1.0602896418277639
1.1048753281990578
1.1627396384284396
1.231264537230813
1.3012201419097642
1.3539094435090973
1.3608830745275957
1.2916035398635464
-0.1091621190357075
-0.04523815243304252
0.019864249317600002
0.10015256786774285
0.19329896061473062
0.2913958097086841
0.3866184097364705
0.47352213581467184
0.5494004077661936
0.6137321754972749
0.6673683968634248
0.7118025881006791
0.7486584890739478
0.7794018950385676
0.8052252293616066
0.8270400385888125
0.8455234872582118
0.8611841122940324
0.8744295760285067
0.8856306717873851
0.89518149723176
0.9035580046293813
0.9113787232213771
0.9194731825852358
0.9289631821120427
0.9413539386181493
0.9586086425248995
0.9831346131073663
1.0175424715419978
1.0639672799754958
1.1227052115219307
1.1900062737886217
1.255220165650775
1.2983518577466533
1.290794480033145
1.2050677761002553
-0.13907823132625463
-0.07099194160961275
-0.00022778539456602687
0.08375917708710301
0.178006883344074
0.27510294111886713
0.3679888817858941
0.451887792238668
0.5245538041079496
0.5857324350521331
0.636401911793921
0.6781005933321358
0.712457557336811
0.7409306010618267
0.7647034674448772
0.7846824249712987
0.801542675538378
0.815792843280051
0.8278418710536919
0.8380631580034985
0.8468558762586835
0.8547054148586493
0.8622461771787836
0.8703310654429678
0.8801104874445369
0.8931140872178172
0.9113034400007365
0.9370181970189916
0.9726736656761348
1.02000274059523
1.078615635151171
1.1437667413967485
1.2036221647498027
1.2372545405423194
1.216410891284796
1.1173131864603445
-0.1759038033661926
-0.10386217397741282
-0.02731362997162412
0.06079519853288362
0.15676711356331863
0.25358178543849536
0.3448687573619103
0.42647030848033596
0.4965772187100266
0.5551937992982967
0.6034265614537243
0.6428630762949947
0.6751422682582229
0.7017171587787239
0.7237644881595517
0.7421857163717976
0.757653844216566
0.7706770349295065
0.7816648201392031
0.7909922632440203
0.7990620522036705
0.8063662509776448
0.8135504479373113
0.8214835940974224
0.8313343393627367
0.8446437099166357
0.863357780482684
0.8897380542183362
0.9260051773250106
0.9735138745042159
1.031252979351485
1.0936081384644023
1.1477746191405642
1.17221092017577
1.1394460836176539
1.0299133041565496
-0.2173974667267573
-0.14191666085158428
-0.059770511865419484
0.03260105455065887
0.13067525437249872
0.22772145057183424
0.31797488067493307
0.39784255545293307
0.46592183737951337
0.5224629204309857
0.5686977063509275
0.6062646811116381
0.6368155283887116
0.661800936358554
0.6823920945639802
0.6994862214972041
0.7137541249922246
0.7257032466344802
0.7357433027043164
0.744250391519259
0.7516295779906557
0.758377498698982
0.7651473048806807
0.77281832826518
0.7825694997686308
0.7959434238910147
0.8148607990784649
0.8414989392397976
0.8778885747352771
0.9250325674103854
0.981361076951863
1.0405080613981577
1.0888873405283501
1.1046164598230819
1.061356575880826
0.9441344760831523
-0.26169198814128247
-0.18350701191311725
-0.09619026119041929
0.00035493262288466276
0.10070413255923605
0.19831818116476302
0.28795434848440504
0.3665261154467435
0.4330029424476953
0.487863960759252
0.5324603668318546
0.568480998700448
0.5975917919964557
0.6212427892828438
0.6406007880073991
0.6565593169873727
0.6697871205225832
0.6807908268389952
0.6899801159469021
0.6977317087029093
0.7044522266559166
0.7106413053065264
0.7169569124779118
0.7242844629256928
0.7338071996539619
0.7470621754981273
0.7659381128918054
0.792525649007635
0.8286734558573209
0.8750601903807914
0.9296174384392002
0.9853345329564438
1.0280107282238156
1.0356533720052954
0.9833330846911096
0.8609352772031895
-0.30729284080512986
-0.2272739699898796
-0.13538849975329104
-0.03493831927710567
0.0676919849949219
0.16606350498008488
0.25537290404421653
0.3329799540233435
0.3981887325619974
0.4516873436022636
0.49493765586087807
0.5296764380060318
0.5575841581193672
0.580111215807865
0.5984208659564397
0.6134034229349219
0.6257257401607105
0.6358936321293661
0.644316633666751
0.6513718240512969
0.657466800444684
0.6631030415719377
0.6689412930442658
0.675869869721546
0.6850719785094382
0.6980741550935695
0.7167291671244578
0.7430412577649522
0.778687155303709
0.8240495097385448
0.8766182598232706
0.9288351732531852
0.9660303282384365
0.9662919164020736
0.9063099704742646
0.7809854630663533
-0.3530572544457211
-0.2721356978750782
-0.1763990281901655
-0.07244549547391521
0.032341700483287106
0.1315419404218252
0.22071164126724402
0.2975963803804849
0.36179562027263446
0.41418436171665385
0.4563246174554681
0.4899971970235367
0.5168963856932026
0.5384733522498513
0.5558883659121419
0.570028898475327
0.5815600830481301
0.5909869624068753
0.598718882061261
0.6051331149787869
0.610637830430804
0.615735520161332
0.6210882302129727
0.6275848825949975
0.6364055929788812
0.6490631305044019
0.6673723769181256
0.6932535557578375
0.728223096916039
0.7723957205373274
0.8228730696065438
0.8716365634449754
0.9036721762393375
0.8973031090327181
0.830986756933037
0.7046976905436515
-0.3981606167144158
-0.3172648598099337
-0.21845836142303332
-0.11149471595564853
-0.004772410076761324
0.09523529232566708
0.1843695101680065
0.2607021708892013
0.3240881947613428
0.37556608084311277
0.4167861040831897
0.44956811529513785
0.4756187159268939
0.49638976964352216
0.5130388592957326
0.5264508779626206
0.5372893836862553
0.5460587028137323
0.5531679819202941
0.558994588060504
0.5639469888530518
0.5685281078287203
0.5734002509160231
0.5794513501953252
0.5878563844209107
0.6001124358212281
0.6179961252820849
0.6433475485220257
0.6775354135802658
0.7204339531459267
0.7688060495320811
0.8142504726568114
0.8415151743813467
0.8292786080576013
0.7578569317489845
0.6322665753644316
-0.4420556097920154
-0.3620591004464946
-0.2609843409541631
-0.15155984110017107
-0.04319317518061189
0.05753108902211146
0.1466695202223307
0.22256303466798197
0.2852822567636388
0.33600512637181024
0.37645742096628326
0.40849224044164767
0.4338264088888657
0.4539120274748049
0.4699040780729111
0.48268503934108387
0.4929170050962836
0.5011036380156851
0.5076538920990673
0.5129451704396348
0.517386058364297
0.5214795164885674
0.5258874023583344
0.5314955925125514
0.5394726519354508
0.5512990573207959
0.5687139378208638
0.5934821970115001
0.6268378511314817
0.6684410794004548
0.7147616336255216
0.7570842940806135
0.7800075471422423
0.7626544722043204
0.6872403205039237
0.5637109124502153
-0.4844281370910797
-0.40610839701883017
-0.303551802006648
-0.19224217150468542
-0.08256665126200774
0.01873326476531284
0.1078669930188555
0.18338997382228342
0.24554963927736986
0.29563919269066186
0.33544667268934786
0.3668521142297385
0.391580048157949
0.41108206848089807
0.4265104731395718
0.4387454063275961
0.44844757357772314
0.4561200168651302
0.46217150931419115
0.4669794576804337
0.4709524497529202
0.47459322489825834
0.4785627302575654
0.48374411622757885
0.491298826137736
0.5026905436635675
0.5196224824304795
0.5437899546195015
0.5763054044401441
0.6166401395286123
0.6610125574434956
0.7004536866044995
0.719485166465842
0.6977363409597239
0.6193163017067866
0.4989160002362891
-0.5251529609634025
-0.44916178768726844
-0.34586744137321346
-0.23325127639565546
-0.12262732832680018
-0.02092629258271861
0.06815865557904704
0.14334646750924906
0.20502385168728554
0.2545753960512007
0.29383799459360216
0.3247120041209955
0.34892686779618093
0.3679327246347184
0.38287898036316437
0.39464345803278394
0.4038855200969773
0.4111076189370093
0.4167183583402781
0.42109513160157175
0.42464645843234117
0.42787469543044293
0.431439594245607
0.4362211928251845
0.4433735118100393
0.45434376741264737
0.47080137336077094
0.4943780245853738
0.5260775430344032
0.565206168562562
0.607769042561553
0.6445959954536674
0.6601901871762057
0.6347243206426013
0.5541559622311643
0.4376739516253889
-0.5642510449051508
-0.491095177829873
-0.38774534043122566
-0.27438619755315774
-0.16318352753626209
-0.06127626277048387
0.027691753330971014
0.10255574794872738
0.1638058838462471
0.21289485822846588
0.25169509206225765
0.2821205268494806
0.3059025615158465
0.3244887994149084
0.33902545828496133
0.3503880041327816
0.35923447701160965
0.3660667597694298
0.37129329590624716
0.37529145677159226
0.3784696530221863
0.3813297632757456
0.38453018105599507
0.3889476423151472
0.3957287228875879
0.406304839570682
0.42231405623794843
0.44533058475796744
0.47626223770397147
0.5142725906788514
0.5551882324768521
0.5896835045337235
0.6022889684969188
0.5737364596286215
0.49175196565685764
0.37972063238955434
-0.6018498672516135
-0.5318812960446624
-0.4290840514189751
-0.31551780133577517
-0.20410365277685488
-0.10219505672489865
-0.013427321276640147
0.06110771725136396
0.12196975773220112
0.17065713542809152
0.20906471910197286
0.2391133043469314
0.2625332168960489
0.28076836685197165
0.29496143200531244
0.30598545166124713
0.3144971462088162
0.3209978401313268
0.325895822697302
0.3295684394352892
0.33242396970890115
0.33496376235659675
0.3378447710070219
0.34194036974635006
0.34838984874593987
0.35860970750828214
0.3742092948264484
0.396711489137789
0.42694028349354235
0.46393765917820307
0.5033833351136974
0.5358359470413894
0.5458886721340053
0.5148301581002377
0.4320454232199049
0.3247684487690998
-0.6381474305424713
-0.5715624003646415
-0.46984574559221853
-0.356572694877039
-0.24530364676392682
-0.14360092235448838
-0.05512514658938536
0.01906526983774942
0.07956760905536236
0.12790428476291854
0.1659798922906662
0.1957154469514036
0.21883716475252102
0.23678406997923288
0.2506949166900354
0.2614402267565149
0.26967539165823823
0.2759011823137349
0.2805257372339723
0.28392637453065767
0.2865112312733135
0.2887811015279425
0.29139146752391865
0.2952123618249348
0.30137605789507393
0.31128514214566594
0.32652296575974743
0.3485671529737609
0.3781696260745537
0.4142706483880038
0.45243217593472096
0.4831319737709436
0.4910522287011074
0.458021192538526
0.37494943122678803
0.27253462602973233
-0.6733803073743416
-0.6102260027956501
-0.5100376332884742
-0.39751887126909125
-0.286735782511922
-0.1854430991340923
-0.09735422652366255
-0.02353006102402755
0.03663422066368072
0.0846644888428337
0.12246275572122498
0.15194377192411207
0.1748266422158091
0.1925443066444261
0.2062311975720247
0.2167552172364107
0.22477041181105162
0.23077699939926563
0.2351829693957711
0.23836561192239802
0.2407329170018949
0.24278511422678867
0.2451762117227874
0.24877296643932817
0.25470096453312546
0.2643499442618694
0.27927999716336666
0.30092946482945776
0.32998954362323246
0.3653176592965487
0.4023850338349247
0.43161946204489865
0.43781156622778616
0.40330025923585555
0.32036918913171175
0.22276490113169478
-0.7077958120214257
-0.6479836630937398
-0.5496956780475061
-0.4383530854640799
-0.3283787786737903
-0.22769400285859379
-0.14008676169292925
-0.06665311414928665
-0.0068089793943282295
0.040955243196016095
0.07852709162929802
0.10780874067313302
0.1305092409316014
0.14805426191710438
0.1615735137532904
0.1719321720104924
0.17978291752708023
0.18562541411411237
0.18986750260383953
0.1928864449580439
0.19509008251621943
0.1969780784900264
0.1992029789055362
0.20262835397690665
0.20837346102324664
0.21781627933513598
0.23249636907856452
0.25381865418970223
0.28242462558242487
0.3171069952326378
0.3532717331862619
0.38132465780523817
0.38617911457998394
0.35064707410273577
0.26821876119682764
0.17525272035850525
-0.7416282391983059
-0.6849527760611879
-0.5888705182638685
-0.47908986895633593
-0.37022914595635764
-0.2703423507043287
-0.18330915303709341
-0.11029069344214672
-0.05075039005935357
-0.003213840012163613
0.0341805177065668
0.06331614280850215
0.08588915560115114
0.10331678971213759
0.11672363643700345
0.12697203683650743
0.13471328500891216
0.14044648800548803
0.14457933813117999
0.1474890691497935
0.14958337339478128
0.15136134913490779
0.1534740986307829
0.15678210401237622
0.16239866392447203
0.17169109482451905
0.18618113820270973
0.207246088165192
0.2354885354662003
0.2696541110542287
0.3051080146729803
0.33226019575177657
0.3361576562281188
0.3000421283283725
0.21843461431186495
0.12985411175980488
-0.775079040327467
-0.7212412170071376
-0.6276154596257516
-0.5197520487440077
-0.41229363536029534
-0.31338710502690625
-0.22701712597160373
-0.1544376420154483
-0.09518509077833295
-0.047838535703341234
-0.010573565600957985
0.018468577373905774
0.04096827052125865
0.058333169102410654
0.0716823555773187
0.08187522980041892
0.08956167754463919
0.09524024633431054
0.09931847980491988
0.10217358351715718
0.10421310089168348
0.10593556777464642
0.10799066310087894
0.11123588298216161
0.11677894198825706
0.1259775931561571
0.14033846726631974
0.1612169870504311
0.18918755947919874
0.22296615245231433
0.25790121945019795
0.2844320533967263
0.2877486043458462
0.25147621019044486
0.17098607626047624
0.08649841591265206
-0.808300789668314
-0.7569346963314292
-0.6659763912368061
-0.5603626281670014
-0.4545826527831643
-0.3568321091477578
-0.2712113583738653
-0.19909329178470753
-0.14011198239474498
-0.09291773513852736
-0.05573420803132722
-0.02673321097958057
-0.004252869808854615
0.01310377016849977
0.026449899194054577
0.03664187090556116
0.044328141426499545
0.050006695966987494
0.05408492931893503
0.056940018839666075
0.05897935920691854
0.06070092658584209
0.06275299759032173
0.06599018582790464
0.07151499993065845
0.08067673676167507
0.09496963981036757
0.11573304599283687
0.1435239370167295
0.17704609283519473
0.2116553084047641
0.2378454784186672
0.24095876894981996
0.2049577792699867
0.1258828310168396
0.045195027332170845
-0.8413848074213901
-0.7920866887047449
-0.7039834922484693
-0.600937900271321
-0.49710451645327347
-0.4006812989877021
-0.31589350485475554
-0.24425819044357577
-0.18553112736305172
-0.1384513230293139
-0.10130125551701545
-0.07228908416350185
-0.049774159546140756
-0.03237133406537763
-0.01897368758624473
-0.008728016140552762
-0.000987314254410331
0.004745838222283071
0.008878687066059897
0.011788381430677206
0.013882167422952327
0.01565746430782916
0.017761167693632042
0.021045113704209018
0.026606988518254413
0.03578875540757772
0.05007503172324547
0.07079493686963825
0.09849895173327149
0.13189645320808
0.16637521113001286
0.1925098959828055
0.19580563311209093
0.16051823429537704
0.08317951590762385
0.006036240066597642
-0.8743523381589418
-0.8267108309406361
-0.7416446218379652
-0.6414816877546813
-0.5398604544896991
-0.44493439269762874
-0.36106252557777657
-0.2899310211436618
-0.2314412123522035
-0.1844381337708474
-0.1472737489953438
-0.11819829947086341
-0.09559505669627323
-0.07809177492821612
-0.06458817734289729
-0.054234311534789595
-0.04638464325153052
-0.04054232003674225
-0.03630024526328186
-0.03328129798583088
-0.031078380569061027
-0.02919462801960908
-0.02698450442897027
-0.023598844846736217
-0.017944395767845366
-0.008685384309519425
0.005655996914246897
0.026404646322274617
0.054115738993893575
0.08752256228764908
0.12207046516044516
0.14844276214053448
0.15232111362891615
0.11821506048668362
0.04297742180336628
-0.030803781591001833
-0.9071492182417634
-0.8607757148742702
-0.7789403145568378
-0.6819806297746902
-0.5828402632218745
-0.4895829809718208
-0.40671124571967354
-0.33610564544194865
-0.27783706908217143
-0.2308739285247394
-0.19364832406534022
-0.16445828970763876
-0.14171369611694415
-0.12405628304050154
-0.11039278443318487
-0.09987659881649918
-0.09186368271851214
-0.08585775358284517
-0.08145186387664148
-0.07826892089950824
-0.07590197579745356
-0.07385471624990171
-0.07148294646621038
-0.06794006782257686
-0.06213686682966807
-0.052742599182832785
-0.038283390946959775
-0.017432413800103887
0.010381740997103032
0.04393528414363483
0.07875807003487792
0.10567228679258672
0.11055373061760732
0.07813278443515836
0.005423231095164738
-0.06507396197300608
-0.9396439963266896
-0.8942020300714645
-0.8158203295084264
-0.7224004601500718
-0.6260185688889753
-0.5346069604076975
-0.4528230890222038
-0.3827682151312647
-0.3247072020376923
-0.27774934551279185
-0.2404175681198444
-0.21106339598263835
-0.18812595677171554
-0.1702620427598722
-0.1563857559253593
-0.14565393977672755
-0.13742405867299587
-0.13120040095975277
-0.12657616759610285
-0.12317429429024312
-0.12058798256874638
-0.11832147446632453
-0.11573190088450554
-0.11197513366975367
-0.10596561505281499
-0.09637646319173931
-0.08173481425229115
-0.060705606974778635
-0.032689283370935115
0.0011531113309975055
0.03646444582070002
0.06423890865495324
0.0705690628660961
0.040381609824086784
-0.029295334060623235
-0.0964553274484965
-0.9716294905616298
-0.9268620312822081
-0.8522017219236474
-0.7626832411221501
-0.6693516540879751
-0.5799712698004248
-0.4993689449245964
-0.4298943129356444
-0.37203128427657106
-0.3250477866082723
-0.28756830046829873
-0.2580035216154761
-0.23482445513708994
-0.21670398198403606
-0.20256390971791258
-0.1915646102056246
-0.1830650673910121
-0.17657013891638101
-0.17167317248005143
-0.16799713274826186
-0.16513537626023148
-0.16259270870661344
-0.15972758889147953
-0.15569828678412467
-0.149422546872768
-0.13957621086829713
-0.1246844939140779
-0.10339768605177162
-0.0750758100960323
-0.040796506110784406
-0.004773646521803995
0.024195367508085985
0.03244832351120147
0.005093559833787342
-0.06095713348238929
-0.12457425732413885
-1.0028277706053175
-0.9585813143769212
-0.8879684175767218
-0.8027455306927647
-0.7127748252496939
-0.6256229044660135
-0.5463041436399212
-0.47744609610060773
-0.41977759540261467
-0.37274321471423405
-0.3350797507708227
-0.30526268378035887
-0.28179744321584504
-0.2633739782231966
-0.24892210393522787
-0.23760578456402928
-0.22878552573111813
-0.22196674806410774
-0.2167429422955799
-0.21273710357138523
-0.20954275408574372
-0.2066652872637243
-0.20346451951023004
-0.19910109376636254
-0.19249577117606165
-0.1823260588006023
-0.16711238303767428
-0.14548394197507283
-0.11674780103277144
-0.08187675057923267
-0.044909393945123055
-0.01439481243169033
-0.0037151435783293607
-0.02758408445602012
-0.08931871922444223
-0.14902019448653014
-1.0328985394729946
-0.989142880282511
-0.9229722730803104
-0.8424774691480841
-0.7562003084447599
-0.6714881968149573
-0.5935655276768887
-0.525369431173119
-0.46790038947808177
-0.4207978490586092
-0.382921622341223
-0.3528174491489754
-0.3290275976097651
-0.3102599682731447
-0.2954526266937798
-0.2837731615063625
-0.27458358638667846
-0.2673898712119503
-0.26178564325834264
-0.2573939318124789
-0.25380844601009167
-0.2505352165966735
-0.24693549627508612
-0.24217235794724515
-0.2351694164339865
-0.22460494671753337
-0.2089918916795818
-0.18693202599776862
-0.15766681218233342
-0.12204212216680312
-0.08388762319897675
-0.05146063761563341
-0.03782166936066578
-0.057498281776246385
-0.11412917127727984
-0.1693680516613787
-1.0614508571788632
-1.018293447709969
-0.9570355975369048
-0.8817427712421193
-0.7995156677602981
-0.7174703624190049
-0.6410686217537389
-0.5735910227904165
-0.5163371951967054
-0.46915975930957177
-0.43105203932279224
-0.4006352505736535
-0.37649069506341376
-0.3573449559730457
-0.342144500833732
-0.33006052629844823
-0.32045651715417245
-0.312838968317797
-0.30680163379263203
-0.30196758490978653
-0.29793075642818867
-0.2941979065241889
-0.29013188024769543
-0.2848983676938126
-0.2774238724092797
-0.26638681148235555
-0.25029027620614896
-0.22770259923412037
-0.19778713289317473
-0.16124041138127437
-0.12164810418179685
-0.08692898013320088
-0.0697735970884692
-0.08450289728940263
-0.1351488871322024
-0.18520552851847905
-1.0880580928653043
-1.045751940474531
-0.9899550919609756
-0.9203796035852789
-0.8425827424319079
-0.7634473188666907
-0.6887049149144566
-0.6220155531019809
-0.5650060649106939
-0.5177603730400742
-0.4794153889299535
-0.448672592105404
-0.4241541779630789
-0.40460591839708054
-0.388982702025337
-0.37645924824196536
-0.3664004440424437
-0.3583132718904608
-0.35179159965018564
-0.346458556339655
-0.3419083677506472
-0.33764867004542487
-0.33304417118866714
-0.3272635587827721
-0.31923655668271983
-0.3076415151327
-0.2909698354970175
-0.2677509722605561
-0.23705813752326582
-0.19941615689708908
-0.15813067424435953
-0.12073214835527202
-0.09948636655777499
-0.10847474297053872
-0.15217250892003698
-0.19616548885762564
-1.1122759116555962
-1.0712200214822074
-1.0215071301443392
-0.9582023100377816
-0.8852370938837762
-0.809269787761685
-0.7363392767946727
-0.6705228592183932
-0.6138028005786695
-0.566511921790366
-0.5279400788804285
-0.4968731561256143
-0.47197561698013885
-0.45201261170328366
-0.43594728688240136
-0.4229577071515882
-0.4124100521913147
-0.40381173961382244
-0.3967567370770278
-0.39086826010611736
-0.3857409299860782
-0.3808834970936452
-0.37566296397541254
-0.3692516677486786
-0.36058330404713473
-0.3483365465900445
-0.33099005455562636
-0.3070298943674875
-0.27542802484510154
-0.23651577427295944
-0.19328237313400548
-0.15281787769706448
-0.12690251303130318
-0.12933312922491869
-0.16505607853334325
-0.20196342153175184
-1.133662993228256
-1.094394469708835
-1.0514542551106851
-0.9950039182946746
-0.9272879387235196
-0.8547596850520494
-0.7838075309713952
-0.7189651801504693
-0.6625981894401854
-0.615304854565805
-0.5765362312944609
-0.5451658242697042
-0.5199010722883909
-0.49952626838349445
-0.48301241473954
-0.4695406269043988
-0.4584782200945174
-0.4493329807437686
-0.44169896548282783
-0.43519952633531434
-0.42942983916120747
-0.4239001210289612
-0.4179803178375455
-0.4108474345224611
-0.40144045874999057
-0.3884395983069058
-0.37031081615454714
-0.3454936287174459
-0.31284909127835664
-0.27249450341625564
-0.2270667273106894
-0.18316185754387704
-0.1520086573686547
-0.14706294446085832
-0.17374835354815543
-0.2024398058358381
-1.151804037050906
-1.114981094920639
-1.0795526952725276
-1.030559314617346
-0.9685185146816584
-0.8997087874123598
-0.8309141978341374
-0.7671644974403629
-0.7112352752697294
-0.6640052387685452
-0.6250933220710833
-0.5934626071599771
-0.5678633332594711
-0.5470981512173713
-0.530145215682276
-0.5161882589370258
-0.5045955241342147
-0.4948750918339761
-0.4866211084267477
-0.4794571447627491
-0.47297916377270094
-0.46669935332028045
-0.45999153308166907
-0.4520388700244288
-0.4417877065007549
-0.4279220744461613
-0.408896753051647
-0.3831033956516487
-0.3492846208213338
-0.30732524602594513
-0.25947522741078366
-0.21178279093131558
-0.17485541275930272
-0.16174108814493515
-0.1783259758833622
-0.19760690054940655
-1.1663344306152204
-1.1327097539123543
-1.1055606103137023
-1.0646289071692647
-1.0086867796477015
-0.9438776285489376
-0.8774303930422975
-0.8149099703557293
-0.7595266673126597
-0.7124521418086706
-0.6734777431966246
-0.641656440496622
-0.6157799726384593
-0.5946678788724858
-0.5773044009728777
-0.5628752967104349
-0.5507494840508032
-0.5404352674248498
-0.5315269092753234
-0.5236483288221285
-0.5163966034974572
-0.5092865864640563
-0.5016972542136952
-0.4928200278495573
-0.48161160489482124
-0.46676350553705614
-0.4467227258600999
-0.41983416984469385
-0.38471736466693246
-0.3410092356978901
-0.29054088893960295
-0.23875979698137412
-0.19557990485723142
-0.17356580168899638
-0.17903183924150756
-0.18769905141200027
-1.1769657398046751
-1.1473498696818214
-1.1292466566468384
-1.0969625094826365
-1.0475262769393003
-0.9869945263705975
-0.9230918223497966
-0.8619554237037003
-0.8072518446400938
-0.7604549377418025
-0.721530209949997
-0.689618741721419
-0.6635510794634526
-0.6421613579657275
-0.6244384239742726
-0.6095693070257694
-0.5969233187836005
-0.58600894524471
-0.5764206380532079
-0.5677828604842703
-0.5596942498854232
-0.5516732491674443
-0.5431057007793735
-0.5331940993847133
-0.5209096475431322
-0.5049567154430152
-0.483780273670262
-0.45568266595307083
-0.41915941398944645
-0.3735882887536221
-0.3203535584297897
-0.26425169539400595
-0.2144302772618905
-0.18288804944038628
-0.17631552710537668
-0.17322503836722003
-1.183510926231229
-1.1587256627994091
-1.1503983175484307
-1.1273030655557714
-1.08474691383154
-1.0287545707278427
-0.9675967497793265
-0.9080167840162987
-0.854154348245998
-0.807790411363728
-0.7690628542271126
-0.7371965305115596
-0.7110564332280296
-0.6894880438946522
-0.6714828770132599
-0.6562283322294947
-0.6430938423045848
-0.6315880990133885
-0.621305894194793
-0.6118725199497174
-0.6028887592957011
-0.5938778353081235
-0.5842346614565528
-0.5731764816936493
-0.5596945211668432
-0.5425134016073858
-0.5200846868566341
-0.49067613170283503
-0.4526630289898506
-0.40515811053095585
-0.34907631112675097
-0.2885173414920853
-0.23179111510594258
-0.19024357859873764
-0.17087406720591436
-0.15502023508788998
-1.1859079128431196
-1.1667300901507398
-1.1688292815549965
-1.155389714576002
-1.120035302523236
-1.0688183188961775
-1.010603740460127
-0.9527692842929187
-0.8999386725372919
-0.8541994425920982
-0.8158557440833161
-0.784208802185867
-0.7581517539353104
-0.7365371113431887
-0.7183566553704033
-0.7027971513690854
-0.6892279527543317
-0.6771581067757301
-0.666183017316151
-0.6559292054835785
-0.646000344107887
-0.6359259188047932
-0.6251126719584243
-0.6127972456151731
-0.5979979837536168
-0.5794695455532232
-0.5556820897690543
-0.524881281441976
-0.4853316690518257
-0.43588177134240347
-0.37696187143645377
-0.3119356970229129
-0.24820815122855122
-0.19638361458915177
-0.16369045037588803
-0.13429540505515902
-1.1842398240444136
-1.171336267986467
-1.1843849920905969
-1.1809595737818492
-1.15305422036975
-1.106809869083598
-1.051728908448454
-0.995844184786691
-0.9442665876205893
-0.8993829619004484
-0.861652462830548
-0.8304417199699118
-0.804663522524361
-0.7831719583388635
-0.7649562465155021
-0.7492015005276284
-0.7352769671410465
-0.7226924100631742
-0.7110442954491947
-0.6999609171995996
-0.6890497487235884
-0.6778483190851501
-0.6657785411840944
-0.652102164937538
-0.6358735118202912
-0.6158897726675789
-0.5906555991411939
-0.5584123495791788
-0.5173300737227767
-0.46600201767099186
-0.4043674709154562
-0.3350237207787702
-0.2644099139864899
-0.20230131618486935
-0.15606637701923387
-0.11267779239189535
-1.1787499520173146
-1.1726049659138638
-1.19694536365001
-1.2037475344314759
-1.183440691042918
-1.1423139423496922
-1.090542364540292
-1.0368247180975214
-0.9867525741368908
-0.942996802746256
-0.9061542978465115
-0.8756420886919443
-0.8503817418731461
-0.8292223227726302
-0.8111473379703132
-0.7953393694681944
-0.7811678540954258
-0.7681439644976134
-0.7558659321860856
-0.7439645385396625
-0.7320521254110776
-0.7196763188491683
-0.7062781144049504
-0.6911511768524624
-0.6733965553667562
-0.6518694466013588
-0.6251292588053845
-0.5914368371556522
-0.5488917854449724
-0.4958505585744528
-0.4317659492513382
-0.35844945016661545
-0.28132313619436256
-0.2092501220787577
-0.14964451880231167
-0.09223877319057161
-1.1698492987405076
-1.1706866480726115
-1.2064236171420493
-1.2234833700843493
-1.2108022219449235
-1.1748716518217823
-1.1265636105187387
-1.0752410117622546
-1.0269580835932806
-0.9846450891520433
-0.9490125789719314
-0.9195085376747737
-0.8950499484716713
-0.8744732051069144
-0.8567528279135346
-0.8410683598871922
-0.8267902645738169
-0.8134323109165353
-0.8005955453401848
-0.7879141442267766
-0.7750065044402797
-0.761432599136298
-0.7466569078787515
-0.7300128687429603
-0.7106609384932865
-0.6875329509200815
-0.6592680777510015
-0.6241770992185517
-0.5803220135455811
-0.5258518933161717
-0.4597502273641241
-0.3830368429701194
-0.3000777904042119
-0.21874898323731828
-0.14641422792184766
-0.07550072078096814
-1.1581144915599801
-1.1658165856527485
-1.2127603076701168
-1.2398856268512486
-1.234710933987605
-1.2039748530465173
-1.1592558422311299
-1.1105639480436358
-1.064384526225273
-1.0238719624549042
-0.989818845110154
-0.9616799499577521
-0.9383518639746496
-0.9186498400695612
-0.9015363427023548
-0.8861880832014831
-0.871978227447991
-0.8584250394203636
-0.845133890911895
-0.8317434635505496
-0.817879432154758
-0.8031164141498561
-0.786947082732902
-0.7687533919319238
-0.7477697155523212
-0.7230263408781442
-0.6932721766871583
-0.6569055334823437
-0.6119932702998195
-0.5565186765378481
-0.48902758798534224
-0.40975810380052236
-0.3219965889968699
-0.23256823123141812
-0.14869312468483842
-0.06541393426130693
-1.1442740814224779
-1.158301883751247
-1.2159120148600044
-1.2526522147284238
-1.2546958004909405
-1.229059463309194
-1.1880196167187411
-1.1421984007717696
-1.0984653470936525
-1.06015188202128
-1.0280929162234393
-1.001721038838798
-0.979894403935972
-0.9613982526024026
-0.9451806233489723
-0.9304168006347395
-0.916485570583701
-0.9029125830336614
-0.889309642520341
-0.8753212370987435
-0.8605814326030728
-0.8446815815603433
-0.8271472475171309
-0.8074181879843338
-0.7848187340080212
-0.758502436262617
-0.7273628707477957
-0.689930872169435
-0.6443308513211988
-0.5884351361462827
-0.5203995686973917
-0.4397084091383249
-0.34856276110524287
-0.2526885498345499
-0.15907540892291583
-0.06529254066256485
-1.1291818625004462
-1.1485000112003645
-1.215834994973334
-1.2614485038760817
-1.2702341287509635
-1.249499067011966
-1.2121872643888563
-1.1694771987094752
-1.1285584348891295
-1.092879585565502
-1.0632697610351
-1.0391057452564787
-1.0191874917167625
-1.0022616221887017
-0.9872607909415768
-0.9733621169277809
-0.9599546989333606
-0.9465758126177573
-0.9328465566521372
-0.9184186709273008
-0.9029353792451047
-0.8860062577841615
-0.867193931549502
-0.8460052187553188
-0.8218714050967532
-0.794096609114448
-0.7617586172380441
-0.7235730805316807
-0.6777851125950352
-0.6222247915131331
-0.5547228265867288
-0.47405728528876595
-0.38135900434964176
-0.28122430240782625
-0.18033617308778482
-0.07869630211804335
-1.113777108923522
-1.1367898039759075
-1.2124655653978103
-1.2658952599121749
-1.280744981094091
-1.2646016990655602
-1.2310209961885763
-1.1916587140918975
-1.1539416266286728
-1.121362275119016
-1.0946874874880763
-1.0732005193353806
-1.0556224668707566
-1.040653972293937
-1.0272137456640134
-1.0144867370640682
-1.0018795141983683
-0.9889470140668929
-0.9753234207002216
-0.9606692159586916
-0.9446368428796956
-0.9268544001879986
-0.9069244514014015
-0.8844292118888892
-0.8589239339087763
-0.829892187223534
-0.7966393239633445
-0.7581248108114507
-0.7127877950933571
-0.6584988416356085
-0.5928462441365843
-0.5139705520205184
-0.42196986951393567
-0.3203014769675948
-0.215279594424147
-0.1092433831181765
-1.0990337830483914
-1.1235382061669907
-1.2057013812789745
-1.2655612039571658
-1.2855897182168479
-1.273615195097535
-1.243720144314085
-1.2079334400482977
-1.1738165012105641
-1.1448189805204645
-1.1215811188473246
-1.1032518314876083
-1.0884531036647254
-1.0758348717631434
-1.0643070684074236
-1.0530723550376444
-1.0415652667936979
-1.0293667825450927
-1.0161290823945446
-1.0015227492209042
-0.9852082757656152
-0.9668305529123267
-0.9460325621320365
-0.9224780281376683
-0.8958617683159532
-0.8658757994202021
-0.8320987963414159
-0.7937984964158631
-0.7496906083012631
-0.6977823434765626
-0.635520046900265
-0.560496950031808
-0.47183969377194235
-0.37187996117979094
-0.2665178602924112
-0.16033756167576918
-1.0859041832363734
-1.1090695712291272
-1.1953914257268674
-1.2599687115050102
-1.284088611927755
-1.275750271996266
-1.249446739184297
-1.2174486575770973
-1.1873293515707197
-1.1623956992319546
-1.1430904086255713
-1.1283857877067258
-1.1167867211246203
-1.1068922362691267
-1.0976141308019975
-1.0881880167584452
-1.0780913409263813
-1.0669425160655526
-1.0544179439123582
-1.0401992538096922
-1.0239518445183582
-1.0053324725722967
-0.9840210834198474
-0.9597649633492701
-0.9324106260440798
-0.9018854634563687
-0.8680874282464681
-0.8306603220149025
-0.7886862259908985
-0.7404169948749549
-0.6832741046925358
-0.6144146267702175
-0.5320788506506158
-0.4375100416982123
-0.33616731781804354
-0.23479237707659717
-1.0752676142767417
-1.0936496182415334
-1.1813479179815807
-1.248626618717926
-1.275567967128063
-1.2702360053650779
-1.247384115954202
-1.2193657524626424
-1.1936236397811018
-1.1732102700115041
-1.1582952426496205
-1.147632950074252
-1.139598020513032
-1.1327453989936933
-1.126007126661336
-1.1186742325008932
-1.1102878331984372
-1.1005189763180483
-1.0890760143610558
-1.075651727044277
-1.0599102746040854
-1.0415105710450545
-1.0201600525572152
-0.995685047407481
-0.9680895791123391
-0.9375581861384015
-0.904351032920849
-0.8685558873608274
-0.8297151826650392
-0.7864423804177617
-0.7362652899856421
-0.676034956686769
-0.6032129198563904
-0.5180143159951278
-0.4254490081009066
-0.3343346584348259
-1.0679020376264643
-1.0775036816880315
-1.1634010077998138
-1.231111846007975
-1.2594599752850968
-1.2564301637135056
-1.2368510229973864
-1.2129724874890333
-1.1919459344288763
-1.1764485709883103
-1.1662997388394998
-1.159998948905675
-1.155785690770891
-1.152187941257721
-1.1481869750364522
-1.1431612664815816
-1.136743851605667
-1.128678364159628
-1.118714504576205
-1.1065548433510313
-1.091851767050176
-1.0742497423085209
-1.0534654259777607
-1.029389736280539
-1.0021798527870565
-0.9722898424032689
-0.9403774960726722
-0.9070379208763473
-0.8723674070454144
-0.8354624465396112
-0.7940982776542942
-0.7449652196062349
-0.684872890756157
-0.6130890952995276
-0.5341829225004389
-0.4589712391196805
-1.0645069776948541
-1.0608993965945692
-1.1415277581816219
-1.2072322669556128
-1.2354882848730748
-1.234017634506601
-1.2175044649452529
-1.1978832582894228
-1.1818379979710913
-1.1715442329686323
-1.1663966774517036
-1.164611909850071
-1.1643021691161826
-1.1640000269836492
-1.162779202574066
-1.1601500913042861
-1.155875422854861
-1.149797216712164
-1.1417177025117335
-1.1313455420447922
-1.1183045730036607
-1.1021985357573263
-1.0827226023786332
-1.0598034819641164
-1.0337318986252795
-1.0052287874571948
-0.9753713709810455
-0.9453145457979403
-0.9157949364141964
-0.8865113842148697
-0.8556311226742969
-0.8198380805542506
-0.7754303175507085
-0.7208244734481726
-0.6601696033815521
-0.6062060211955962
-1.065820059963472
-1.0443382609909078
-1.116101361284981
-1.1773177859752495
-1.203986859671807
-1.2033447768457446
-1.1896790970691038
-1.1743749057210564
-1.163462177339889
-1.1584884703219065
-1.1583582205224079
-1.160991951203612
-1.164401075746052
-1.167174011997199
-1.1685388320146284
-1.1681983032714376
-1.1660945902290862
-1.1622010094822084
-1.156385320815244
-1.148355032946224
-1.137679993896596
-1.1238836664804261
-1.1065918970957145
-1.085718328246
-1.061645743643162
-1.0353368447884408
-1.0082884307727675
-0.9822481569407707
-0.9586635163612189
-0.9379438009463923
-0.9187871264174428
-0.898025377559647
-0.8715902046424373
-0.8371502914220155
-0.7984598468311774
-0.7701006427584876
-1.0728884439655055
-1.028919623904915
-1.0883257951202967
-1.1427059534246116
-1.166419117545337
-1.1659569748196634
-1.154930412186006
-1.1439250406053536
-1.138126571151313
-1.1383358720497703
-1.1429180265124834
-1.1495070509269123
-1.156065775166316
-1.1613159162389648
-1.1647259994280283
-1.1662718646293255
-1.1661397239258715
-1.1644756505963363
-1.161227668551378
-1.1560897202190175
-1.1485404168743252
-1.1379655130215318
-1.1238505548854743
-1.106019909444079
-1.0848765871361872
-1.0615679847514707
-1.0379785223456768
-1.0164509001451036
-0.9991862679639764
-0.9873890143700417
-0.9804088457782418
-0.9753673698550596
-0.96796724706258
-0.9552271604409122
-0.9405241584188815
-0.940181715568793
-1.0875812923414454
-1.016965765166306
-1.0609464192504685
-1.1065138518202855
-1.1261898117363012
-1.1254321571618473
-1.1168744396771644
-1.110045272678303
-1.1091018166948379
-1.1139972802049236
-1.122535050355458
-1.1321046548279408
-1.14070746706668
-1.147310168205736
-1.151738708373383
-1.1543480825477404
-1.1556514610679989
-1.1560192933179443
-1.155496072292086
-1.1537424400327203
-1.1500926967800282
-1.1437137415807277
-1.1338491390918202
-1.1201212125404214
-1.1028402961946555
-1.0832373409875875
-1.0635070011145848
-1.0465442239221583
-1.0353035560774333
-1.0318296471482322
-1.0362097532833636
-1.04596745884406
-1.0566890041456372
-1.0648186276815317
-1.0733493630408044
-1.100212025703664
-1.1134617123311816
-1.0130292919558905
-1.0393597574737727
-1.0748208648638657
-1.089875069082191
-1.0886360296461084
-1.0824496468018139
-1.079534663858258
-1.082854199391904
-1.0914436521002417
-1.1025619808069012
-1.1134409375212937
-1.1222536168722554
-1.1283672956292712
-1.132121242763197
-1.134387188799999
-1.1361104784402285
-1.137949500338782
-1.1400623882637828
-1.14204661804324
-1.1430181813788063
-1.1418129326308564
-1.1372905951877992
-1.1287106114776848
-1.1161232461494175
-1.1006826048985938
-1.0847539589899489
-1.0716783796831033
-1.0651009962977664
-1.0678918163797877
-1.080905380671525
-1.1021278181234115
-1.1270939838421887
-1.1517038049832578
-1.1785116904225528
-1.2268635264052907
-1.1571779956780839
-1.0254457569402344
-1.0332876077909465
-1.0584289780324263
-1.0690381229763262
-1.0675669265793861
-1.063768886736495
-1.0643208391424253
-1.0708618302040487
-1.0814867509158805
-1.092983100642789
-1.1025713304950129
-1.1087890941291887
-1.1116156377786797
-1.1121079939577232
-1.111830939371993
-1.1122941662318278
-1.11452145543443
-1.118801890733264
-1.124626158880318
-1.1307906226614861
-1.1356477443995665
-1.137479624108285
-1.1349596588172997
-1.127639520271288
-1.1163579425336003
-1.1034280335103208
-1.0924447191985416
-1.087593821799691
-1.0924697087738853
-1.1086403814045802
-1.1345349540566687
-1.165625045660097
-1.1972209050874558
-1.2313053080037788
-1.2883579441535256
-1.2305864272130034
-1.068647167699738
-1.0592336217305478
-1.0754204252242476
-1.0828515454972694
-1.0820115010619364
-1.0807825516922112
-1.0841094640417719
-1.0922338410798074
-1.102355615642895
-1.1109393405040664
-1.115418776573165
-1.1149650750337936
-1.1104506714112636
-1.1039147889456702
-1.0978387854738383
-1.0944611895718577
-1.0952646064205034
-1.1006852609172988
-1.110045047047441
-1.1216840853032704
-1.1332676844809457
-1.1422401674992324
-1.1463858707471726
-1.1444277640663323
-1.1365493267240465
-1.1246797293852158
-1.1123610928198033
-1.1040525027547776
-1.103853113534961
-1.113872716624511
-1.1328478406675928
-1.1560608553818876
-1.1780729915736636
-1.2000444875912346
-1.2431781854010788
-1.3538837078125994
-1.1665181873692436
-1.1440068902400764
-1.154799077439586
-1.1618134827535087
-1.1632992326168416
-1.1650408573223379
-1.1701295313679667
-1.1774192121365576
-1.1833543238654407
-1.1843247326014001
-1.178302455921326
-1.1654568820456106
-1.1479214719195783
-1.1290555318404776
-1.1125376714959119
-1.1015381891877283
-1.0981101281286927
-1.1028501225165632
-1.1148250503623105
-1.1317370329821976
-1.1502952505521495
-1.1667620721980896
-1.1776285297577527
-1.180342239962803
-1.173961819220894
-1.1595601358414456
-1.1401708215554027
-1.120103792736284
-1.1035847599985402
-1.0929333044126857
-1.0868971197064554
-1.0802825187143188
-1.066580007500628
-1.0457085155380037
-1.039002599819944
