Predicted value
-1.4619779525914725
-1.3931001777216054
-1.2737569138403648
-1.114772358108979
-0.9256248803978124
-0.7144541292650123
-0.4881224809768892
-0.25231889279930286
-0.011694027320413233
0.22998367990367197
0.46966053155769943
0.7048273752767295
0.9333546169713217
1.1533395463523748
1.3629722747084196
1.5604257794570193
1.7437747444607963
1.9109470795674697
2.0597111973021467
2.1877013191089763
2.2924822780081344
2.371654479002975
2.422998873041039
2.444660994801488
2.435372309050372
2.394706304774023
2.3233659707697147
2.223498480841606
2.099032111218831
1.956029607281471
1.8030514111490135
1.6515213561547457
1.5160866286984143
1.4149629924383316
1.3702554642529745
1.4082438258709962
-1.303439651534017
-1.2304291997023085
-1.1119741447888907
-0.9580069579473482
-0.7772646638115157
-0.5772726400925626
-0.36438426716015865
-0.14386453889820763
0.07999344834321684
0.303729406346972
0.5245636372950672
0.7402403542869739
0.9488744011638394
1.1488084271612866
1.3384867663823479
1.5163514665509403
1.680765105975154
1.8299642321184837
1.9620464496460048
2.074993380281349
2.1667309112792026
2.235227343786914
2.2786292468376477
2.295434017186413
2.2846973396691164
2.2462729372336927
2.1810811942612016
2.0914024312636506
1.9811898035141715
1.8563959906340322
1.7253070386298366
1.5988759103431163
1.491047494743394
1.4190660199646539
1.4037550094540137
1.4697591150702685
-1.1570783341582043
-1.0803655650904431
-0.9629490796060914
-0.8138916199862778
-0.6412082546892737
-0.45182761709682817
-0.2516104373917487
-0.04541352891847918
0.16281180409045384
0.36989716500810804
0.5733196915817467
0.7710585275001323
0.9614529497520573
1.143069157237547
1.3145819205620353
1.474676487412668
1.6219753323847632
1.7549935345953012
1.872125760889205
1.9716670269130172
2.0518686027994386
2.111029624675076
2.1476241676725905
2.160462730597309
2.148886276867222
2.112990170814152
2.053874542902749
1.9739168118928168
1.877061286439345
1.7691199630934882
1.6580778321365914
1.5543951971482184
1.4712987086780125
1.425052006860082
1.4351960622774447
1.5247484988529691
-1.0228163671297736
-0.9427547402490843
-0.8264698153542828
-0.6821767346179523
-0.5171879292510896
-0.3378525477283483
-0.14955455649654317
0.04324227542057836
0.23691349097718367
0.4285673363445486
0.6159218008281944
0.7971738719254348
0.9708687664546496
1.135776093156473
1.290779096635946
1.434782326983541
1.566642273881837
1.6851246984734762
1.7888915907349034
1.8765198745692535
1.9465531773006024
1.9975871747206795
2.028388217307983
2.038044137708112
2.0261453340329965
1.9929934180055502
1.9398339114451635
1.869108669058283
1.784722899967215
1.692320854879135
1.5995634402661585
1.5164002153961809
1.4553274225230715
1.4316228950136511
1.4635478826577608
1.5725050278765895
-0.9004970356805233
-0.8173707843447061
-0.7022591227149353
-0.5625519061766382
-0.40487823492691205
-0.23502482680719577
-0.05791437817606994
0.12236782570356762
0.3025099837575826
0.4798826631374221
0.6524298161330212
0.8185504463630083
0.9769786351122874
1.126668833155927
1.266692517877163
1.3961515099561774
1.5141124383751667
1.6195660369541056
1.7114141501004423
1.7884865199248425
1.8495886213439623
1.89358100626008
1.9194898123762965
1.926647286674861
1.914860368055054
1.88460456809591
1.8372395833779414
1.7752422672668653
1.7024517835312243
1.6243209586346277
1.5481670440122262
1.483414294109878
1.441819960433337
1.4376744963236554
1.4879659616438485
1.6124978110307415
-0.7898957943301645
-0.7039273603849944
-0.5899852754294077
-0.45465665578270825
-0.30390661851773065
-0.14297635882833032
0.0236575328012921
0.19227420208993334
0.3598609940487794
0.5240373250690848
0.6829592358792338
0.835213091711153
0.979706090484898
1.1155604342891023
1.2420172139038392
1.3583552505813152
1.463829333768663
1.5576314879259798
1.6388780960616118
1.706624902075545
1.7599111084706367
1.7978329804602668
1.8196465619698767
1.8248983034986932
1.8135815962768287
1.786316401621794
1.7445483588673227
1.6907629497062784
1.628709491258273
1.5636289246414792
1.5024785602970074
1.4541461357830423
1.4296447362248352
1.4422793220754873
1.5077748033113285
1.6443547936545575
-0.6907304226602312
-0.6020876490018057
-0.48927178017791584
-0.358090022317988
-0.21386295018108203
-0.06130305378444949
0.09554428719952011
0.2533090396812216
0.4092647968987553
0.5612671290108356
0.7076712263475355
0.8472372515975868
0.9790310116798091
1.1023267545151088
1.2165180903843502
1.3210422320262643
1.4153219420984235
1.4987287710931718
1.5705703632692614
1.6301038026288184
1.6765761654381075
1.709292640259444
1.7277117709304508
1.7315665723957339
1.7210094637648976
1.6967781574396976
1.6603788376219824
1.6142821559829446
1.5621267667430556
1.5089243178809313
1.4612590096582345
1.4274740261165748
1.4178363396712461
1.444670583395487
1.5224518800578237
1.6678467114439175
-0.6026701597522103
-0.5114732384542894
-0.39970608023461085
-0.2724191347331596
-0.1343080163045537
0.010426710567216379
0.1581561939142643
0.30584799333250623
0.45104959824246355
0.5918407426429094
0.7267636881059605
0.8547398412310826
0.9749802662443363
1.0868968478980552
1.1900200542950095
1.2839284437299734
1.3681942541104721
1.4423486079873549
1.5058690606946934
1.5581914135673767
1.5987469086736315
1.6270251159685583
1.6426620182436427
1.6455519937160556
1.6359815905704236
1.6147821822346158
1.5834977866399504
1.5445635271850868
1.5014894075917433
1.4590432673092217
1.4234259785936085
1.402431140856361
1.4055807223458658
1.444227293694415
1.5316126923319031
1.6828721512364178
-0.5253438884687671
-0.4316720618939066
-0.32084730380334925
-0.19718682645465516
-0.06478105189758351
0.07266458950101465
0.21192324821627342
0.3502871706891218
0.4855658731644574
0.6160519014621769
0.7404632983684145
0.8578710948032084
0.9676193353896761
1.0692443435186352
1.1623991254714838
1.2467880076329996
1.322115795294595
1.3880549360174181
1.4442333649935544
1.4902449043124515
1.5256832825085447
1.5502000352349297
1.563585742376787
1.5658732513871274
1.557460731096294
1.539251594715508
1.512807525223627
1.4805100307951193
1.4457251523961554
1.412965140144545
1.3880401094981436
1.37819188280518
1.3922014162188594
1.4404604064474202
1.5349968662797138
1.689443652295223
-0.4583474383236479
-0.36224545049978263
-0.25223312550545646
-0.1319183602252021
-0.004806380698562494
0.12587566712202033
0.25728851771620065
0.38703646566312155
0.5131796073195865
0.6342125216662562
0.7490184619479702
0.856807324203169
0.9570448532462436
1.049379741135506
1.1335744676283408
1.2094449265939544
1.2768130768230033
1.3354760501422476
1.3851943442112382
1.4257009218469028
1.45673223319077
1.4780813715024204
1.4896727678316255
1.4916570242904987
1.4845236801158326
1.4692288991806766
1.447334262083062
1.421152040408642
1.3938915252328843
1.3698001763973104
1.3542925535631474
1.3540591845145984
1.37714672065284
1.4329999240906703
1.532455225226633
1.6876747841462851
-0.4012500732525615
-0.3027343686595476
-0.19338580705749214
-0.07612732927887936
0.04610077123903716
0.17053268154164974
0.2947023605613629
0.4165137269971769
0.534266376296623
0.6466466538360429
0.7526931058640711
0.8517445242420403
0.9433779954838908
1.0273435590670312
1.1035012744544566
1.1717656907372966
1.2320619072758254
1.284296608185831
1.3283466479860975
1.3640669601916313
1.3913187551061057
1.4100181675358754
1.420204709616769
1.4221280784137307
1.416351062422251
1.4038654855693722
1.3862173217809435
1.3656363076506348
1.3451645752151067
1.3287780213085707
1.3214933244388654
1.3294527145960129
1.3599777958730896
1.421582916248118
1.5239377733445332
1.6777681394566561
-0.35360022816404246
-0.2526648949375301
-0.1438174807437307
-0.02932079831825917
0.08842922515108165
0.20711101623645314
0.3246174128083098
0.439139698996919
0.5492062001429602
0.6536852147719453
0.7517612550960713
0.8428927620159755
0.9267586550637296
1.0032002721972635
1.072164448825286
1.1336526799106195
1.1876805034687328
1.234250438247122
1.2733410028400507
1.3049135379620147
1.328937748072176
1.345436073010861
1.3545461947780773
1.356600179052883
1.3522179455212844
1.342411955549222
1.3286992002060423
1.313215766112742
1.2988284510581156
1.2892370957948045
1.2890604928961122
1.3038979280233114
1.3403576034220257
1.4060423879351416
1.5094825322885574
1.6600041828749532
-0.314930555716015
-0.21155301013887373
-0.10303473685479536
0.008996254672075642
0.12266750146059546
0.23608439683008522
0.34748428434834844
0.45533367394601143
0.5583791127018218
0.6556614372724058
0.7465023294088371
0.8304712904712485
0.907340345321566
0.977032980443314
1.039573015606306
1.0950383028628892
1.1435233411312824
1.1851140890904057
1.2198774535794623
1.2478671251643942
1.2691466270022063
1.2838296376029987
1.2921368425584263
1.2944677647741563
1.2914852172127633
1.2842092166223622
1.2741163911951394
1.2632401095688095
1.2542657530528862
1.250614747430514
1.2565101651554837
1.2770159032328934
1.3180406365408066
1.386296940819104
1.4892051740205903
1.634730899188289
-0.28476234233049025
-0.17890875134486517
-0.0705425738305756
0.03931713717464977
0.1493001155051369
0.2579212349717499
0.3637479051964626
0.46550979815153815
0.5621613878467046
0.6529069800765757
0.7371971036094247
0.8147043286672914
0.8852857730162528
0.948938750454561
1.0057552109552097
1.0558798161883525
1.0994756886178612
1.1367010668351762
1.167699294262459
1.1926037628259225
1.211558627669078
1.224755303444503
1.2324839471915847
1.2351983272765754
1.2335916723401397
1.2286802886664523
1.2218909288567545
1.2151470891591507
1.2109486072752815
1.2124381269333782
1.2234471899860586
1.2485139112600994
1.2928633858542653
1.362341173050158
1.4632893954698931
1.602354186583286
-0.2626093500255304
-0.15423978836146757
-0.0458477674122927
0.06213022528313252
0.16880446106315816
0.27308156341769574
0.37384446638734536
0.470073976000571
0.5609223671310651
0.6457486426263004
0.7241242760271313
0.7958174536671729
0.8607630264095442
0.9190245757474235
0.9707541934637369
1.0161547685141474
1.0554487692663888
1.088856703697846
1.1165876346221417
1.1388433214843618
1.1558367547334027
1.1678250432488004
1.175155809768248
1.1783254437308857
1.1780467554202998
1.1753227697600344
1.171522592583282
1.1684544766672793
1.1684304092918025
1.1743157375500124
1.189556542108765
1.2181766645843706
1.2647354881686372
1.33423676560891
1.431977983114664
1.5633289432320883
-0.24798113821033876
-0.1370544765897677
-0.028461712675265247
0.07791627750688081
0.18164822808207898
0.28201450885563356
0.37819890215556545
0.4694213188420779
0.5550218358045571
0.6345056317358624
0.7075575924425122
0.7740345514182514
0.8339423258773353
0.887403902912731
0.9346243249133048
0.975857017842921
1.0113755004532408
1.0414536069708789
1.0663565502684282
1.086344346997733
1.1016883206326522
1.1127005928374163
1.1197756680455409
1.12344241060313
1.1244239082992586
1.1237019105749888
1.1225817241714355
1.1227526434461639
1.126338187056057
1.1359296071736638
1.1545953318728883
1.1858581957887562
1.2336315086248473
1.3021042055508534
1.395564518001577
1.5181507978575508
-0.24038591715602994
-0.12686443789375323
-0.01790279038065379
0.08714622793485809
0.18828730344408984
0.2851562514452357
0.3772228625101661
0.46393408794161567
0.5448078965804065
0.6194873296912154
0.6877634751242436
0.7495752764190239
0.8049932869854515
0.8541936739659935
0.8974279708518951
0.9349932723950578
0.9672067598261342
0.9943876388582431
1.0168487674245692
1.0348994445669821
1.048860026361661
1.0590882292365844
1.0660161755046007
1.0701964304046592
1.072354474412646
1.0734442490521294
1.0747026089041838
1.0776977069843208
1.0843655351234258
1.0970280354584503
1.1183853936074828
1.1514743185726817
1.1995833088834065
1.2661150989607641
1.3543856741536335
1.4673484373651011
-0.23933298242136067
-0.12318671860755145
-0.013698306651170177
0.09027940989108499
0.18916410603898398
0.28292842248116146
0.37131312774728853
0.45398008318954813
0.5306152929718069
0.6009915157337364
0.6649991090660001
0.7226529724014897
0.7740826483964465
0.8195118373441798
0.8592327736329433
0.8935801077284069
0.9229081316300087
0.947574380219351
0.9679318353876515
0.9843311542981362
0.9971335376081134
1.0067340479443392
1.0135943833941385
1.0182833052436175
1.021522113663161
1.0242317595092676
1.0275773748806505
1.033005199535376
1.042266074744694
1.0574188706280623
1.0808064074827377
1.1149956260901637
1.162672956450256
1.2264850288635398
1.3088140657499574
1.4114764870620402
-0.2443347770794
-0.12554557139096736
-0.015386052542443473
0.08776216364707404
0.18470630984661385
0.2757368940183493
0.36085041887770125
0.43991143167680785
0.5127641364485022
0.579302995316805
0.6395109399487996
0.6934730086916212
0.7413724194071531
0.7834752824858867
0.8201093529902642
0.8516414153466862
0.8784570884742265
0.9009460337069651
0.9194947423357034
0.9344882740636992
0.9463215121399147
0.9554196954021326
0.9622671819311649
0.9674425934862345
0.9716576843604766
0.9757964727643664
0.9809503673137482
0.9884442156679935
0.9998473968326901
1.016963273110119
1.0417895121496383
1.0764409840189653
1.123026132686192
1.1834669157712598
1.2592516008944519
1.3511089014183422
-0.25490862615783505
-0.13347390520887195
-0.022515527648452743
0.08002678418998364
0.1753259111648534
0.2639709167325982
0.34619856037940744
0.42206373268552194
0.49155899409801684
0.5546925939568172
0.611533540787568
0.6622314893438407
0.7070184043500207
0.7461981553650843
0.7801293916563343
0.8092062404410296
0.8338405663227003
0.8544487242178125
0.8714449325372974
0.8852425878563347
0.896264036774631
0.9049585151383064
0.9118271592633593
0.9174531882695435
0.9225345511023555
0.9279155262896904
0.9346129569485914
0.943831998026375
0.9569654472292808
0.9755699255606564
1.0013113678595527
1.0358714781994578
1.0808059994757795
1.1373448409795264
1.206123302223518
1.286832825756308
-0.2705781852723216
-0.14651444527670474
-0.034648869446142996
0.06749076747851834
0.16141859855223506
0.24800256472275542
0.327703954118784
0.4007555180751007
0.46728829590928
0.5274164749335213
0.5812888066539575
0.6291142945786788
0.6711690635245676
0.707790514781901
0.7393640659645475
0.7663069688424365
0.7890528929218529
0.808040157007963
0.823705685452846
0.8364859602611656
0.8468254346944784
0.8551920684840421
0.8620988392308442
0.8681292790404375
0.8739642799090319
0.8804066058461526
0.8883987441880379
0.8990289230248146
0.9135193161333501
0.9331896512765392
0.9593886321986572
0.9933847791152588
1.0362074869649767
1.0884282951594342
1.1498715570363396
1.2192428916897096
-0.2908746429989911
-0.1642206423810602
-0.0513615276510523
0.05055631605189071
0.14336338648772284
0.2281864483941119
0.305695325717006
0.37628798947768294
0.4402240232296787
0.49771574252785705
0.5489854393007394
0.5942964164860833
0.6339646727585548
0.6683572916472078
0.69788278380934
0.7229778256961645
0.7440940323145939
0.7616875962582981
0.7762138196500596
0.7881277601063152
0.797891406303626
0.8059869931956986
0.8129352613984209
0.8193166597292578
0.8257926843562019
0.8331237424803427
0.8421791229449824
0.8539338506330799
0.8694463959836805
0.8898104054268399
0.916072813005419
0.9491098879209892
0.9894519672099483
1.037046817224812
1.0909507620645065
1.148935911566349
-0.3153377140989466
-0.18615736855104528
-0.07224272042249147
0.02961006729044972
0.12152247618336909
0.20485965899590072
0.2804837070717885
0.3489449961501189
0.4106216423798668
0.4658162949187683
0.5148186859463898
0.5579415533901355
0.5955367461317881
0.6279975159310455
0.6557521947713798
0.6792536508024042
0.6989681105217965
0.7153661293086955
0.728917686889341
0.7400925787845984
0.749366469257867
0.7572321657507355
0.7642148692626108
0.770889349599408
0.7778961888852534
0.7859534312000135
0.7958591706743289
0.8084798048426878
0.8247178745239455
0.8454526059675525
0.8714454654726181
0.9032022311557988
0.9407822810128661
0.9835449908876684
1.029822330431063
1.0765059396012584
-0.34351645827428456
-0.21190143362279995
-0.09689570682352534
0.00502301005986828
0.0962413094188928
0.17834191081907846
0.2523626211777755
0.31899321976296025
0.37872024984394365
0.4319288932937471
0.4789702989117679
0.5202019297042255
0.5560076888287365
0.5868037783782319
0.6130354396482949
0.6351689180008542
0.6536821899060367
0.6690571842128418
0.6817754241681662
0.6923182111725646
0.7011716657300029
0.7088361355177129
0.7158386749711321
0.7227464952477629
0.7301784779026569
0.7388110400770884
0.7493738334708453
0.7626299538374286
0.7793345322103109
0.8001647735372756
0.8256137028687077
0.8558390737145847
0.8904580876537656
0.9282777687480496
0.9669500307823298
1.002539669821036
-0.3749699567018926
-0.24104195480628854
-0.12493790750771885
-0.022849442095926827
0.06784878370050618
0.14893584949386077
0.22160843782218828
0.2866825348402166
0.3447428978859041
0.39624941616115605
0.44160868523407903
0.4812183105390136
0.5154906495194476
0.5448618965277723
0.5697916090647123
0.5907569684101148
0.6082452621656552
0.6227472706988701
0.6347534339468004
0.644753869506379
0.6532425074075727
0.6607248014341398
0.6677276713257337
0.6748095246639436
0.6825674017137268
0.691637480960547
0.7026843775524013
0.7163738613247751
0.7333228155554299
0.754019452064793
0.7787059927465769
0.8072152220821223
0.8387515096608191
0.8716060961978254
0.9027956310091617
0.9276121433731261
-0.4092678761579843
-0.2731806089301769
-0.15600090317131834
-0.05366725061461101
0.036657599479605375
0.11692749725977272
0.1884808711656387
0.252246515996927
0.3088970718765551
0.3589592702856666
0.40288921781660314
0.4411201827588108
0.4740895441015297
0.5022507570059859
0.5260753832686629
0.5460494297660954
0.5626674323404866
0.576426917054318
0.5878250652109815
0.5973586030073224
0.6055271311528522
0.612839304259245
0.6198204642726003
0.6270195266898118
0.6350121127692508
0.6443961154148292
0.6557750808813755
0.6697239829181146
0.686731160435909
0.707109384252779
0.7308682129410857
0.7575389922686163
0.7859430471946818
0.8138928098511975
0.8378148214075736
0.8522827401871145
-0.44599094811304296
-0.3079317946073255
-0.189730337876254
-0.08710545139634408
0.0029647126002298315
0.08258680851426176
0.1532235926513001
0.21590306555488326
0.27137529304837743
0.3202259321014364
0.36295468210595877
0.4000260766152878
0.4318992250692571
0.45904230849654926
0.48193682765469886
0.5010757965369305
0.5169592686438889
0.5300897778871783
0.5409694704604919
0.5500998984829754
0.5579846406883288
0.5651341099020174
0.5720711015178224
0.5793348316538239
0.5874804081367759
0.5970698719326893
0.6086501411103076
0.6227123838930178
0.6396265418236066
0.6595439185351288
0.6822599440900237
0.7070284193184708
0.7323177390558487
0.755498787648011
0.7724533945619689
0.7770914324084226
-0.48473138774355684
-0.3449227291301344
-0.22578575191605715
-0.12285377864062852
-0.03294813242251631
0.04616831137921157
0.11606493511891713
0.17785513755013102
0.23235582282910433
0.28020359589094423
0.3219358347219598
0.35804400452071516
0.38900577320914537
0.4153016822239515
0.43742132098735875
0.4558631479251811
0.47113129536899817
0.48373189014811463
0.49417061614583435
0.5029524395634432
0.5105836121041587
0.5175752617581661
0.5244470753387234
0.5317287713881819
0.5399562565416286
0.5496585529047234
0.5613307784711608
0.5753876570740576
0.5920912288344202
0.6114456265387156
0.6330509778464303
0.6559076876973611
0.6781615497572526
0.696779330209247
0.7071436616674852
0.7025552794580567
-0.5250932753736403
-0.38379350247169153
-0.2638403664634962
-0.1606162351408049
-0.07081381025759696
0.007911813457984382
0.07721866643342648
0.13829153657916415
0.19200344733807612
0.2390339074506812
0.2799520528984142
0.3152719959562292
0.34548689075463546
0.37108741922013627
0.39256959573190503
0.4104359833013921
0.42519360855042143
0.4373510572321982
0.4474164265085093
0.45589700466526556
0.4633007434173904
0.47013878242293067
0.476927480095121
0.48418759926999916
0.49243749075603244
0.5021763122610761
0.5138525146608491
0.5278120220419763
0.5442197264215033
0.5629471125136611
0.5834180223835128
0.6044037642959819
0.6237579645376231
0.6380807554573585
0.6423010874412661
0.629165147005367
-0.5666929204263453
-0.424197108335385
-0.3035808398054514
-0.2001106287045576
-0.11037918327796051
-0.031956847611093714
0.03688481337124829
0.09738777236401716
0.15047032306271899
0.19684676439819404
0.23711205602650073
0.27179870994390126
0.3014123775658068
0.32645178607740405
0.34741787233254673
0.36481615704636045
0.3791555964958676
0.3909463434118079
0.40069804321368596
0.4089194862089465
0.4161196308460342
0.4228092075799644
0.4295013073778872
0.43670855336099423
0.4449336485479803
0.4546492871341304
0.4662626112089713
0.4800585892842843
0.496115887473142
0.5141879986294926
0.5335415892266786
0.5527432182221403
0.569384776624414
0.5797371909474027
0.5783211282057557
0.5573826345740532
-0.6091592255311791
-0.46579946976234965
-0.3447070125372519
-0.24106809193551332
-0.15140444784317797
-0.07322502576559785
-0.004749481059402629
0.05530695334974751
0.1078968671657857
0.15376116670826181
0.19351468302564903
0.22770410894468235
0.2568446743333384
0.28144116332392993
0.30199807171164966
0.3190228972127627
0.33302574973550836
0.3445176632856331
0.35400918559734357
0.36201001604932637
0.36902965689434714
0.3755782372998031
0.38216586416546505
0.3892980481535097
0.3974639478348038
0.4071133693242646
0.4186176532469846
0.4322087753456714
0.447890181508814
0.46531207246785256
0.48360304788048925
0.5011492139861405
0.5153110534883959
0.522067550788207
0.5155762601603991
0.4876371989349527
-0.6521340660010541
-0.5082794743728324
-0.38693165665541684
-0.28323260017772767
-0.19366247300945394
-0.11569247482172763
-0.047509081254547995
0.012200705081091405
0.06441267830728414
0.10988610349927443
0.14924971170013804
0.18306018047758107
0.21183945923921702
0.23609649299154611
0.25633809269672536
0.2730728948500769
0.28681154737014847
0.2980654533619997
0.3073455987832531
0.31516218451130873
0.32202497777898553
0.3284434924147167
0.33492530179228436
0.34196998286394725
0.3500553841196734
0.359612104784054
0.3709812670313387
0.3843498574678923
0.39965710860023806
0.41646458547571485
0.43378183715163626
0.44983866711770526
0.4617942712652991
0.4653726864661023
0.454413187291426
0.4203234628724201
-0.695272697458609
-0.5513290318842676
-0.42998024105444743
-0.3263604999915639
-0.23693814389837062
-0.15917055556310364
-0.09122997556389208
-0.03178989846163617
0.02013747629830984
0.06532146452417523
0.10439870867291708
0.13793169518872336
0.16644628693998656
0.1904537743787234
0.2104621435152799
0.22698045327002145
0.24051940923257287
0.25159041532803306
0.26070457935845526
0.26837234285674244
0.2751036001589735
0.28140736607003713
0.2877892459663117
0.29474415664799525
0.3027409407225495
0.31219471176958524
0.32342196200638035
0.33657265864208263
0.3515327495775131
0.3677896935763491
0.384252824502326
0.39901955368596437
0.4090776089531848
0.40993270331704357
0.3951502208026776
0.3557987013444149
-0.7382442019585501
-0.5946531641155702
-0.47359072350003234
-0.3702200580961809
-0.28102771952243777
-0.20348145127656694
-0.1357583952774662
-0.07653339995403662
-0.02481794866271368
0.020158967253614567
0.05903590092144139
0.0923769925322299
0.12070926117161979
0.14454459944497897
0.16439111893089084
0.18075768896302846
0.19415470570973123
0.20509332298946134
0.2140845707291805
0.2216389814415504
0.22826653956572118
0.23447596298533807
0.24077152050625586
0.24764478354531522
0.2555579047503974
0.26491421074083604
0.2760110906261283
0.28896935642974864
0.3036324460137332
0.3194280335685642
0.33518380720174634
0.34888836762733116
0.35738739642750444
0.35600443682622224
0.3380748243837316
0.2943804994896879
-0.7807319805193692
-0.6379701352538585
-0.5175133767177365
-0.4145910382805579
-0.32573821243223156
-0.24845739896261917
-0.1809499431399673
-0.12190702719986914
-0.07035078398759302
-0.025516907127747495
0.013229062373604591
0.046448787658138514
0.07466773470838099
0.09839672170622261
0.1181430170271712
0.1344147783095494
0.14772181950670255
0.1585748872991465
0.16748482271244647
0.17496217825548185
0.18151705536261362
0.187658121392134
0.19388895990224142
0.2006991023946445
0.2085462841847647
0.21782566152636582
0.2288209215873051
0.241631411341961
0.25606860591475566
0.2715144313780539
0.286733151476582
0.2996277222193725
0.3069307127491042
0.30381908536757013
0.2834413220648653
0.23634457936875433
-0.8224342975445138
-0.6810116277265351
-0.5615106538029561
-0.4592643113516931
-0.3708867951166153
-0.29393994101485427
-0.22666873604999546
-0.16779576950409972
-0.11636524431263866
-0.07162797305756242
-0.032959588544861335
0.00019499553588541102
0.028357032841340307
0.052034654933846465
0.07173339207956829
0.08796024666328847
0.10122425606667897
0.11203567632572675
0.12090511235185684
0.12834311497015918
0.13485995949698676
0.14096451504805704
0.14716030823704976
0.1539360793935578
0.16174732389811025
0.17098450570084914
0.18192282455930492
0.1946476129995768
0.20894863347408857
0.22417574065795176
0.23904756829483187
0.25140409447207474
0.25789313367371347
0.25357999842884055
0.23146876784168796
0.18192279475862688
-0.8630648801797871
-0.7235229665883655
-0.6053570957246335
-0.5040415007553258
-0.41630023565424923
-0.33977919972944143
-0.27278656416810754
-0.21409146403353005
-0.16277162467928327
-0.11810139707722303
-0.07947248208685859
-0.04634042922485006
-0.018190801024513096
0.005480300393649296
0.02517584238823289
0.04140129881674192
0.054664801794491756
0.06547608944703634
0.07434552537941468
0.0817836600543738
0.0883009987405877
0.09440683516075482
0.10060520443831925
0.10738520341042346
0.11520212084356285
0.12444501455727543
0.1353855669300624
0.1481022447305981
0.16237298368615027
0.17752881266899492
0.19226002685047155
0.20436571364118875
0.21043662970475085
0.20546062180124172
0.18233897868556107
0.13130129575457403
-0.9023535732204718
-0.7652633928998966
-0.6488392812619358
-0.5487346640712442
-0.46181436268130327
-0.38583317457243227
-0.31918206622431505
-0.26069189181849056
-0.20948535679738364
-0.16486875083759706
-0.12625578032631996
-0.09311663596084455
-0.0649462366223215
-0.04124639620602277
-0.021517465621514846
-0.005255807707285988
0.00804573166449369
0.018896387486262198
0.027806300178451714
0.03528602094887914
0.0418463125479122
0.047997054488045116
0.054243256265380374
0.061075376589375376
0.06895034109607645
0.07825884548892421
0.08927372552007767
0.10207336969406672
0.1164333450444461
0.13167860080298516
0.14648780924979218
0.15864059750163276
0.1646976184645665
0.15960260364588721
0.13619473498921547
0.08461886736545374
-0.9400470477483831
-0.8060063841402828
-0.6917558172798121
-0.5931660081519448
-0.5072735573070009
-0.4319670596993748
-0.36573991838236386
-0.3074998806157917
-0.256426065474257
-0.2118650575749708
-0.17325844707529095
-0.14009500162119126
-0.11188146145904643
-0.08812675445424875
-0.06833523329130876
-0.05200534266123201
-0.03863092977309929
-0.027703217057916164
-0.018712261463934315
-0.011147530273784997
-0.004498028904902093
0.001746778314150698
0.008093207867696111
0.01503390522241372
0.02302904385623773
0.032473712029517994
0.04364621865014289
0.05663124405318501
0.07121095598449402
0.08671640554652282
0.10183071233353652
0.11433474245221589
0.1207851775925301
0.11611406778261578
0.0931381549302625
0.04196544872246684
-0.9759095592457605
-0.8455400172642829
-0.7339173648160574
-0.6371676332401324
-0.5525302671753318
-0.47805257678842816
-0.4123500315848462
-0.35442240941983877
-0.30351661985921247
-0.2590278265698199
-0.22043129895117092
-0.18723822875065144
-0.15896955293597903
-0.13514262962965942
-0.1152664194413458
-0.09884163006514042
-0.08536308754001558
-0.0743224031026675
-0.0652098100932551
-0.057514850905612105
-0.05072639950465824
-0.044333310564873746
-0.03782779181483726
-0.030714401703965284
-0.022528380038728864
-0.01286782476675993
-0.001445033618397673
0.011836865153638035
0.026775063164621093
0.042718268115279574
0.05836940500224279
0.0715304759562381
0.07877942681166332
0.0750680629800241
0.05322925166858623
0.003380841954458005
-1.0097237484996315
-0.883667367579912
-0.7751466940192175
-0.6805812989672484
-0.5974445354379819
-0.5239673158148808
-0.45890674986990637
-0.40136970697552754
-0.3506821717200508
-0.30629606766773526
-0.267726029536297
-0.23450940959553618
-0.20618360962196827
-0.1822756352754695
-0.16229957529508815
-0.14575851344231008
-0.13214818665120345
-0.1209605083760053
-0.11168588165785041
-0.10381403196347941
-0.09683389537990096
-0.09023390328012025
-0.08350481010618281
-0.07614801644692061
-0.0676931451189243
-0.057729433490403104
-0.045956310818730924
-0.03225933490361476
-0.016818467888958712
-0.0002564765776343189
0.01616395184549472
0.030284982255808227
0.038730090238802695
0.03650119945884252
0.016484684726890752
-0.031146377783813746
-1.0412914761769745
-0.9202069341899445
-0.8152787585433864
-0.7232582027019333
-0.6418835349702421
-0.5695940739616923
-0.5053080397170091
-0.4482543342132474
-0.3978491705347151
-0.3536092755085444
-0.31509419613876616
-0.28187104570386934
-0.25349583091397393
-0.22950630705487773
-0.20942211357737686
-0.1927487481213964
-0.17898274249560514
-0.16761620966432625
-0.15813973632469158
-0.15004340118812673
-0.1428165046113893
-0.13594740075352138
-0.128925628966214
-0.12124934665621956
-0.11244187138958389
-0.10208194553860848
-0.08985314230359034
-0.0756186374725237
-0.059528376813085745
-0.04216647452236584
-0.024747483690934532
-0.009370985268986564
0.0006552524465707572
0.00041248625407559834
-0.017123280663030434
-0.06167973721072755
-1.0704346795177382
-0.9549930803071622
-0.8541607775726524
-0.7650587582840395
-0.685721095728364
-0.6148201804273816
-0.5514546580459572
-0.4949902380930312
-0.4449443427479872
-0.40090637067637624
-0.3624861562301012
-0.3292840099582943
-0.3008765318862622
-0.2768131945510091
-0.2566194983129867
-0.2398033069948536
-0.22586177742917019
-0.21428710202808696
-0.20457008901922336
-0.19620141052307294
-0.18867115417840624
-0.18146811955328018
-0.17408110611040106
-0.16600524502672545
-0.1567572326983196
-0.14590412929263608
-0.13311119124150367
-0.11821501209926426
-0.10132905172162643
-0.08298943925194437
-0.06434974093276691
-0.04743418929163985
-0.03545967578128092
-0.03323761448538463
-0.04766759003245229
-0.08833550839117864
-1.0969962371594666
-0.9878764743199736
-0.8916523112146654
-0.8058523607465183
-0.7288372107135475
-0.6595367924593005
-0.5972492840600474
-0.5414917619115998
-0.49189362010983495
-0.44812458255013354
-0.40984993820207827
-0.3767064355468965
-0.3482930776962722
-0.3241718652422833
-0.30387433941936215
-0.28691058369031347
-0.2727781473995606
-0.26096916066792797
-0.2509747152344073
-0.24228639148148873
-0.23439561741177967
-0.22679235087476685
-0.2189653818737191
-0.21040735731386212
-0.20062843608409467
-0.18918328789565553
-0.1757169548322826
-0.1600359000975499
-0.14221137397619754
-0.12272303255741462
-0.10265155029916724
-0.08392977304380304
-0.06966276362630125
-0.0645278977476733
-0.07526697331715851
-0.11128310199799415
-1.1208408256740077
-1.0187245150517181
-0.9276253125695054
-0.8455171201942202
-0.7711175035744501
-0.7036381455070414
-0.6425955976909735
-0.5876725946927636
-0.5386209995787254
-0.49519825620054136
-0.45713002865174157
-0.4240925139438252
-0.3957087194818939
-0.3715538024508041
-0.3511653737539859
-0.3340554746782076
-0.3197217399887099
-0.30765606669026235
-0.2973499132208415
-0.28829615937575703
-0.27998826279120165
-0.27191825334732445
-0.2635759123820769
-0.2544522891382096
-0.2440515123969401
-0.2319156607829457
-0.21766826075647705
-0.20108278683951997
-0.18218334415407625
-0.16138551888176642
-0.1396861877850984
-0.11891188346188074
-0.10203611753539892
-0.09357686951410789
-0.10008625458573343
-0.13074518914181182
-1.1418557489634775
-1.0474217222237008
-0.9619641373467429
-0.8839395455753554
-0.8124526384468257
-0.7470207379574401
-0.6873972849697887
-0.6334446398483519
-0.5850473148399349
-0.5420575632466582
-0.5042660559703486
-0.47139118153831167
-0.4430813112516066
-0.4189251766280787
-0.39846631184354314
-0.38121831940565193
-0.3666785228261122
-0.3543383755880613
-0.34368980123654286
-0.33422744495116274
-0.3254476224911446
-0.3168455579341382
-0.3079133071612746
-0.29814156957209687
-0.28702939604413447
-0.27410660668302517
-0.2589745374402255
-0.24137154020649101
-0.2212704665204411
-0.19901617056266205
-0.17551187263694099
-0.15246402987135746
-0.13269616640309972
-0.12054292084200802
-0.12233637433898578
-0.14699752811655642
-1.1599517192293791
-1.0738700706986997
-0.9945654894702997
-0.9210141566480713
-0.8527376501956023
-0.7895824284793418
-0.7315569482149555
-0.6787167808635505
-0.6310888970555881
-0.5886270941514414
-0.5511913475786909
-0.5185446721173854
-0.4903618848356413
-0.46624546690908075
-0.4457445270887536
-0.4283736751133216
-0.4136294188924235
-0.4010025048192739
-0.3899854261016884
-0.3800751295318637
-0.3707717566463805
-0.36157506075903073
-0.35198094688021164
-0.34148138706776554
-0.3295717692852793
-0.3157705433749987
-0.2996568332836461
-0.28093249021057115
-0.2595158668787977
-0.2356753986606709
-0.2102118828209433
-0.1846991526712774
-0.1617936489612793
-0.1456241963623138
-0.14227409843149277
-0.16036846997436033
-1.175063565795474
-1.097989244648405
-1.025338278677415
-0.9566430000113239
-0.8918711707914294
-0.8312214215730139
-0.7749748964952216
-0.7233935193272446
-0.6766561000298819
-0.6348243070026732
-0.5978313357179544
-0.5654869099743098
-0.5374930575330384
-0.5134659074323896
-0.4929595618054562
-0.4754889005587576
-0.46054898279967377
-0.44762951443203763
-0.43622365687032294
-0.42583125735400723
-0.41595738687482464
-0.4061078772607599
-0.3957843544917752
-0.3844820708533942
-0.3716946440654106
-0.3569306170541213
-0.33974755756762265
-0.3198102223648475
-0.29698011624015686
-0.2714445816764351
-0.24389436045078017
-0.2157593740480117
-0.1895132752683618
-0.1690581289468483
-0.16020138523296795
-0.17123811441048545
-1.1871508456317197
-1.1197167853549597
-1.0542033636847525
-0.990735042635913
-0.9297545251204293
-0.871835114485797
-0.8175477893917654
-0.7673734581946671
-0.7216516625396492
-0.6805578053922618
-0.6441017842719903
-0.6121417159814613
-0.584407244656185
-0.5605277304908411
-0.5400614220292423
-0.5225225204362556
-0.5074038497010949
-0.4941936522525375
-0.4823858349977522
-0.47148379632756604
-0.4609987701621328
-0.4504444286421056
-0.4393302906015508
-0.42715728848997825
-0.41341965194200325
-0.3976180717242874
-0.37928991332054945
-0.35806305494656804
-0.3337407303182408
-0.3064255620268982
-0.27669177690720975
-0.2458154003141572
-0.21607303175668555
-0.191120609866781
-0.17646438021386324
-0.18003708500551419
-1.1961983269932988
-1.1390081039234823
-1.081093152061375
-1.0232054138982862
-0.9662906670925995
-0.9113187762222986
-0.8591671046507787
-0.8105476007363701
-0.7659688781471359
-0.7257254155736479
-0.6899068066635795
-0.6584207965330919
-0.6310246467411241
-0.6073601761438443
-0.5869886305776424
-0.569422339850199
-0.5541509260502835
-0.5406606327180915
-0.5284461499490513
-0.5170151160351795
-0.5058862817791943
-0.4945831291477408
-0.48262554146120973
-0.4695229278487778
-0.45477301022843086
-0.43787128660286634
-0.41833698999331453
-0.39576216786445056
-0.3698913124247075
-0.3407397777174406
-0.3087600249495268
-0.2750655430351233
-0.24172309686344517
-0.21212476133055924
-0.19145200470632992
-0.18724489043878942
-1.2022163151554768
-1.1558363277491615
-1.10595102551504
-1.0539744646864007
-1.0013829244810284
-0.9495640269441441
-0.8997173978843485
-0.852797433194248
-0.8094895403785742
-0.7702120306437494
-0.7351366424339832
-0.7042214828301269
-0.6772509787586476
-0.6538782354892221
-0.6336660054305849
-0.6161232757654094
-0.6007352889961279
-0.5869856160047453
-0.5743697067608287
-0.5624001493429968
-0.5506046734703733
-0.5385187402715983
-0.5256753655501358
-0.5115956293357498
-0.49578413004315885
-0.4777344470900172
-0.4569504813575066
-0.43299034840796213
-0.40554030490509047
-0.3745269942134787
-0.34027710268522615
-0.3037343236726738
-0.26674433183733626
-0.23241927585628616
-0.20559410315837218
-0.1933878358537927
-1.2052407867917296
-1.1701919471492244
-1.1287305568649717
-1.0829666097136692
-1.0349335184907886
-0.9864570836210094
-0.9390743200442245
-0.8939927567320416
-0.8520816287188421
-0.8138871870625994
-0.7796651576817867
-0.7494241855458535
-0.7229749062278787
-0.69998009235915
-0.6800021280565537
-0.662544869924799
-0.6470877587666375
-0.6331108516653722
-0.6201102496350965
-0.6076042015652293
-0.59513097071706
-0.5822403555611491
-0.5684815622755673
-0.5533909317560973
-0.536483829520654
-0.5172558124213222
-0.49519899160854297
-0.4698403167231219
-0.44080931182286515
-0.4079435990817904
-0.3714413518309944
-0.3320706240413992
-0.2914463088797318
-0.25238628450023465
-0.21935911076573783
-0.1990364461228628
-1.2053332971093027
-1.1820822261367976
-1.1493944825409774
-1.1101089167437055
-1.0668418216230924
-1.021876735361373
-0.9771023559597642
-0.9339892318344816
-0.893596698439216
-0.8566023363905301
-0.8233470321037502
-0.7938895274780776
-0.7680651507007836
-0.7455442257714767
-0.725886463878585
-0.708588445291319
-0.6931221059615267
-0.6789629485609845
-0.6656075032108126
-0.6525803686908296
-0.6394319704478075
-0.6257289772527234
-0.611040123888239
-0.5949209927787784
-0.576902113006713
-0.5564855406892961
-0.5331558902221317
-0.5064125914260948
-0.4758309531657628
-0.44116041953854745
-0.4024692102648657
-0.3603453424408116
-0.31616483634593884
-0.2724387135298974
-0.23325120093280402
-0.2048023603253652
-1.2025806214230685
-1.191530338880372
-1.1679133920154916
-1.1353294039953126
-1.0970023149670014
-1.0556920094181326
-1.0136522447980567
-0.972625595875924
-0.9338669348419316
-0.898187772689482
-0.8660145929470937
-0.8374551143600272
-0.8123672246527405
-0.7904261330344181
-0.771186094640954
-0.7541338656379113
-0.7387318532401158
-0.724449730434676
-0.7107840907253644
-0.6972665237474293
-0.6834612981330406
-0.6689546435387187
-0.6533384292772233
-0.6361918425275256
-0.6170654746276142
-0.5954730294860339
-0.5708966736791851
-0.5428128533325514
-0.5107462084151639
-0.4743600206077404
-0.43359243643608464
-0.38884851289245903
-0.34125893829878867
-0.29301708669668514
-0.2478068695804236
-0.2113346543201373
-1.1970940904152605
-1.1985741909593233
-1.1842640931418338
-1.1585550045638529
-1.1253022036176894
-1.0877594864309517
-1.0485580408709403
-1.0097205121460477
-0.9727018300719755
-0.9384491736017122
-0.907474253749356
-0.8799319015689968
-0.8556997533810224
-0.8344546309693339
-0.8157420200041089
-0.799035855475878
-0.7837866284578199
-0.7694566340443214
-0.7555419858449808
-0.7415818279443718
-0.7271559807690294
-0.7118730628342398
-0.6953519358743765
-0.6772001263916406
-0.6569936821892144
-0.6342637279859712
-0.6084957897410155
-0.5791487628474786
-0.5457012048861144
-0.5077334391603952
-0.46505476076592883
-0.4178858424781708
-0.3671072432735272
-0.31458572783009414
-0.2635909108854112
-0.21931554585974206
-1.1890085758953777
-1.2032648820926182
-1.1984276099386866
-1.1797091542618652
-1.1516186464869755
-1.1179202210338923
-1.0816337707803418
-1.0450690061868992
-1.0098844382132501
-0.9771637106859009
-0.9475025133086713
-0.921100112038441
-0.8978503390797502
-0.8774276902829995
-0.8593649832621306
-0.8431198350788008
-0.828128023871211
-0.8138426043368765
-0.7997584525097683
-0.7854227208033973
-0.7704324898225385
-0.7544217089774427
-0.737040323465509
-0.7179292907165391
-0.6966959949288226
-0.6728953738544476
-0.6460228775233603
-0.6155261841268445
-0.5808434038122184
-0.541476306671692
-0.49710791673946186
-0.4477746193422556
-0.3941037346796829
-0.33762831604187704
-0.2811917366030573
-0.22945543426077555
-1.1784810814412536
-1.2056647645845748
-1.2103867669275046
-1.1987089568484919
-1.17581555433855
-1.1459962215236306
-1.112669640460069
-1.0784384428622724
-1.0451671619529543
-1.0140756821573542
-0.9858414678940295
-0.9607046582459255
-0.9385709198265884
-0.9191077556875036
-0.9018307736436944
-0.8861772229258449
-0.8715649135983476
-0.857435438713822
-0.8432814247057764
-0.8286583410522333
-0.8131822057742677
-0.7965153288645481
-0.7783430412721117
-0.7583451626007324
-0.7361667662093883
-0.711393605934467
-0.6835383741844824
-0.652044766689222
-0.6163171347163714
-0.575784311099808
-0.5300070019548866
-0.4788389414871847
-0.4226528128323026
-0.36264274339546165
-0.301215988690772
-0.24248722421118443
-1.165688889869008
-1.2058450492982404
-1.2201233116962773
-1.215461878183999
-1.19773990744703
-1.1717864398502325
-1.1414277432389095
-1.1095639951471314
-1.0782670216647405
-1.0488916187457247
-1.0221937872717854
-0.9984500187160702
-0.9775725737831673
-0.9592165019326051
-0.9428749552242333
-0.927960155455
-0.9138681790877775
-0.9000265300040237
-0.8859242756432107
-0.8711253276230772
-0.8552662534659144
-0.8380408115872167
-0.8191742072341766
-0.7983908725926391
-0.7753803798122602
-0.7497669012307634
-0.721088436609317
-0.6887928327221935
-0.652258426175014
-0.6108479458570119
-0.5640051169638933
-0.5114042140590036
-0.45316361617165074
-0.3901352224625718
-0.3242823925176668
-0.2591598808622599
-1.1508272170463059
-1.2038829085336644
-1.227614524929783
-1.22986191841238
-1.2172175418466895
-1.195062220759201
-1.1676372176165868
-1.1381435531914832
-1.1088603553279237
-1.0812748109503687
-1.056217102691402
-1.0339945170443148
-1.014519716477922
-0.9974289734821054
-0.9821869700437037
-0.9681755715835182
-0.9547647899163301
-0.9413649553269714
-0.9274599233866204
-0.9126219476646393
-0.8965096550223974
-0.8788513657066751
-0.8594168059913652
-0.83798106664734
-0.8142854660514787
-0.7880007822769952
-0.7586991240383365
-0.7258415158950674
-0.6887890786502864
-0.6468464914102592
-0.599347227303096
-0.5457908603854279
-0.486043546797187
-0.4206135887557181
-0.3510147955116006
-0.280231160919687
-1.1341063191300487
-1.1998580227550595
-1.2328292647131769
-1.241785208841741
-1.2340483507024242
-1.2155621564802042
-1.1909888010108505
-1.163832019779833
-1.1365768952667117
-1.1108392035401824
-1.087517752540119
-1.0669439490140609
-1.049023636606756
-1.0333670531324888
-1.0194035605910734
-1.0064786070195204
-0.9939311848025286
-0.9811508555960856
-0.9676142175496047
-0.9529014960431563
-0.9366947446874936
-0.9187599488657074
-0.8989161296264867
-0.8769953512700891
-0.852798341499276
-0.826051238538593
-0.7963697851565193
-0.7632380950561478
-0.7260099226311887
-0.6839411726152368
-0.6362631916833692
-0.5823071895962864
-0.5216909430083397
-0.45457974059193373
-0.38203433366191863
-0.30645946201473695
-1.1157479978763527
-1.1938485156775516
-1.2357233894824735
-1.2510849777588855
-1.248000844902215
-1.2329862909246092
-1.211128723300674
-1.186234935874055
-1.1609931652601597
-1.1371426007114613
-1.115643828942949
-1.096844500946447
-1.0806353133536413
-1.066592202438807
-1.054101454383355
-1.0424652409554565
-1.0309858952891557
-1.019028047978486
-1.0060585492332794
-0.9916649083744716
-0.9755537874778486
-0.957531891506323
-0.9374724028019608
-0.9152709133401148
-0.890795613679167
-0.8638373030705069
-0.834065590724523
-0.8009984637595112
-0.7639932028915505
-0.7222674324545232
-0.6749598968706065
-0.6212413612226894
-0.5604868391113091
-0.49252115650984457
-0.41795066586283036
-0.3385947302034028
-1.0959814462373654
-1.1859262197909244
-1.2362345015621865
-1.2575858269812183
-1.2588060145370754
-1.246989614920657
-1.227651881557257
-1.2049013774942199
-1.1816251391402466
-1.159679122884042
-1.1400774661511188
-1.1231748999887248
-1.1088374557999836
-1.096597414379489
-1.085789250933724
-1.075664135300808
-1.065481352115227
-1.0545758111943249
-1.0424016239544753
-1.0285525271960032
-1.0127607411270365
-0.9948766540276329
-0.9748325314866478
-0.9525942536749497
-0.928105889649733
-0.9012327232158036
-0.8717091504008649
-0.8390986741329551
-0.8027740272393323
-0.7619262604172419
-0.7156124373581293
-0.6628523847380114
-0.6027857503178446
-0.5349014279288743
-0.4593522136490824
-0.3773683630079895
-1.075038374026188
-1.1761512119644943
-1.2342759507971084
-1.2610772585158048
-1.2661504305011684
-1.2571747915818259
-1.2400942349212296
-1.2193160627586508
-1.1979200995621857
-1.1778708536826983
-1.1602263091287794
-1.1453377346139266
-1.1330357025582893
-1.122798316258467
-1.113898448969976
-1.105527604178144
-1.0968948118643318
-1.0872997811055038
-1.0761803348763321
-1.0631349584541279
-1.0479220983580502
-1.0304386542851756
-1.0106809120371447
-0.9886919709622407
-0.9645005249688995
-0.9380566616977754
-0.9091711499706361
-0.87746549116549
-0.84234081569849
-0.8029745113242922
-0.7583542754976913
-0.7073600895704826
-0.6489054181286479
-0.5821497423060907
-0.5067953414422907
-0.4234820429823805
-1.053147350997882
-1.164565556343934
-1.2297300353519205
-1.2613063882621303
-1.269668523011496
-1.2630840484706396
-1.2479243561511733
-1.228890605471162
-1.2092476331978
-1.1910586132174703
-1.17541409831452
-1.1626498811712032
-1.152548917332382
-1.1445233584097263
-1.13777354933127
-1.1314216489733424
-1.1246183390430087
-1.1166218916103037
-1.1068496712206795
-1.0949029530492207
-1.0805667440893199
-1.0637870998996422
-1.044629234964352
-1.0232205302527033
-0.9996833470952319
-0.9740633620249386
-0.9462599427629712
-0.9159658910594669
-0.8826246836313417
-0.845414147969957
-0.8032663153227318
-0.7549339986839029
-0.6991154491607713
-0.6346492496129196
-0.5607924099930093
-0.47759543434891427
-1.0305273022612487
-1.1511861893176016
-1.2224403343190282
-1.2579697812618171
-1.2689339714132748
-1.264190170786887
-1.2505340739352846
-1.2329538492101695
-1.2148896961694922
-1.1984917913433166
-1.1848703041009365
-1.1743319698929482
-1.1665985136731278
-1.1610030218360898
-1.1566611665378432
-1.1526149917975026
-1.147947776309548
-1.141869293427158
-1.1337715943082884
-1.1232562457472979
-1.1101347597460622
-1.0944047574096574
-1.0762052152828279
-1.0557549477745913
-1.033279284849474
-1.008930709695003
-0.9827100266062214
-0.9543954348591293
-0.9234876898760926
-0.8891803385173931
-0.8503648208642407
-0.8056810363896928
-0.7536247779450794
-0.6927242425206516
-0.6217986332703235
-0.5403126728215099
-1.0073800885027822
-1.1359968788966248
-1.2122031043417396
-1.2507043405652656
-1.2634501372038183
-1.2598865273759352
-1.247228137624714
-1.2307412134410576
-1.2140296811090558
-1.1993171721461968
-1.1877187421422106
-1.1794968213315147
-1.174296739765339
-1.1713579754807693
-1.16969807959507
-1.168267037784791
-1.1660706331403026
-1.16226218091753
-1.1562028112398115
-1.1474912813339255
-1.1359651044154822
-1.1216755878700038
-1.1048401789071618
-1.0857763213967695
-1.0648218331262724
-1.0422476182506126
-1.0181693352364798
-0.992465446134105
-0.964709878540879
-0.934128337152229
-0.8995881073263108
-0.8596319986202221
-0.8125678817865736
-0.756626078250392
-0.6901976666174675
-0.6121675762964036
-0.9838821010709055
-1.1189391884197093
-1.1987576700266067
-1.2390771793518978
-1.2526394697744643
-1.2494760589195246
-1.2372128336138255
-1.2213829807399146
-1.2057404147922965
-1.1925666784693925
-1.1829650981663713
-1.1771367817650549
-1.1746338516482397
-1.1745861113969105
-1.1758981501599588
-1.1774146942171644
-1.1780528207873207
-1.1769004546645447
-1.1732813737969168
-1.1667877554527684
-1.1572821001510498
-1.144871176063353
-1.1298554321263043
-1.1126581336341816
-1.0937392796127379
-1.0735001668063586
-1.0521852706418222
-1.0297889190630523
-1.00597504066241
-0.980019074065195
-0.9507819310551677
-0.9167267114600472
-0.8759896733470647
-0.8265177676098021
-0.7662858515586746
-0.6936075016585571
-0.9601747995353133
-1.0999023720603485
-1.181775735485464
-1.2225744035073953
-1.2358318119367864
-1.2321591552381495
-1.2195834801593373
-1.2038914517834363
-1.1889710128671127
-1.177143962860597
-1.1694832885356141
-1.1661098836787125
-1.1664641008385828
-1.169548383647093
-1.174138033764898
-1.1789579720336318
-1.1828241589478146
-1.1847491450907537
-1.1840120277098494
-1.1801938951378586
-1.173180646297797
-1.163135878060316
-1.1504473387535048
-1.1356512516562236
-1.1193396178372044
-1.1020564132332924
-1.0841894003913377
-1.065865080829392
-1.0468551195039872
-1.0265033784014315
-1.00368350180217
-0.9767978012984208
-0.9438289941764129
-0.9024571543057032
-0.8502550402091833
-0.7849757705185176
-0.936354116902951
-1.0787121271808218
-1.1608495419144065
-1.2005887294280266
-1.2122515298660552
-1.2070203462008284
-1.1933107249970085
-1.1771468923265291
-1.1625325157594324
-1.1518097688870028
-1.1460005803647777
-1.1451247549941235
-1.1484904598922208
-1.1549533743314297
-1.1631416073601513
-1.1716442928484292
-1.179162577132686
-1.1846225199651095
-1.1872502350043574
-1.186610401615378
-1.182610085277276
-1.17547060942931
-1.1656710271162185
-1.1538675463252341
-1.1407940684382627
-1.1271498047538564
-1.1134807415647365
-1.1000625298077658
-1.0867931808344053
-1.0731047553808268
-1.0579040383479899
-1.0395529975331301
-1.015900629985248
-0.984378605188309
-0.9421739198070261
-0.8864925842612099
-0.9124586552388824
-1.0551181261440852
-1.1354787936836659
-1.1724058593888826
-1.1810033896616046
-1.173013728304802
-1.1572255676812513
-1.1398821939558514
-1.1250822274080907
-1.1151659843323383
-1.1110813925747693
-1.1127241982868763
-1.1192480070066495
-1.1293405077096512
-1.141463034003346
-1.1540514221691802
-1.1656769312880535
-1.1751667962159473
-1.1816847897076277
-1.1847729755174639
-1.1843566398375507
-1.1807151939644565
-1.1744226466170549
-1.1662620498590384
-1.157119128110847
-1.147861105266884
-1.139207550465024
-1.1316008685865726
-1.1250848670959352
-1.119200636360446
-1.112909786121893
-1.1045558863224447
-1.0918757660188072
-1.0720731296495856
-1.0419677554519529
-0.998234346354873
-0.8884565920069829
-1.028780247761359
-1.1050562729790523
-1.137189534379535
-1.1410571002904932
-1.1289470465543736
-1.1100030261397598
-1.0906661679742244
-1.0751066760464458
-1.0656383053565115
-1.063109696824466
-1.0672673587983041
-1.0770858883337426
-1.0910618309492395
-1.1074683830908763
-1.124568947072845
-1.1407883537904264
-1.1548413740334784
-1.1658189447595984
-1.1732333422172483
-1.1770243393402833
-1.177529190366448
-1.1754200911635535
-1.1716135692781788
-1.1671570632528756
-1.1630987562890063
-1.1603475348634584
-1.1595307484386452
-1.1608582519363124
-1.1640020181768262
-1.1680014130167513
-1.1712050314486544
-1.1712607984582253
-1.1651668439649265
-1.14939646670353
-1.120111307435034
-0.8642312150121523
-0.9992534261199422
-1.068852060602334
-1.0939651818773568
-1.0912304402475408
-1.0734643488348565
-1.050144364501956
-1.0278853893375892
-1.0109031138152524
-1.0014574282652235
-1.0002699348313007
-1.0069103976146891
-1.0201477742386196
-1.0382622775984163
-1.0593157220928764
-1.081378214163954
-1.1027100525028828
-1.1218985088120041
-1.137949965542713
-1.1503386925610612
-1.1590143502237047
-1.1643711118780093
-1.1671821043312776
-1.1685036703651823
-1.1695547629026497
-1.1715775859655484
-1.175686403092699
-1.1827122394188443
-1.1930520091463608
-1.2065314056726302
-1.222291697167125
-1.2387113759234034
-1.2533744153423387
-1.2630976939340601
-1.264030951257192
-1.2518434462451558
