Predicted value
-1.9600539986978118
-1.6999863264695518
-1.4329673743608402
-1.161448191142613
-0.8878559578765478
-0.6145750427043337
-0.34392876193117594
-0.07816184740353815
0.18057637981887772
0.4302481294969164
0.6689425559515122
0.8948904655089984
1.1064783176521806
1.3022615198771672
1.480977016255967
1.6415551697048487
1.7831309379584626
1.9050543432497244
2.0069002356954626
2.0884773503878273
2.1498366581914654
2.1912790102464506
2.213362076176987
2.216906576005864
2.2030018057746843
2.1730104568698443
2.1285727290542873
2.071609737205011
2.0043262117563434
1.9292124928489778
1.8490458181847718
1.7668909045873098
1.6860998232682263
1.6103111687992941
1.5434485217902723
1.48971820527252
-1.7143423625724932
-1.4769200858014488
-1.2330303687996778
-0.9849067850214992
-0.7347686284843057
-0.48480220379155514
-0.23714282244999618
0.00614249451886454
0.24307160767305938
0.47176314395022195
0.6904516751734066
0.8975021902626756
1.0914238611524476
1.270883102414606
1.4347159245873733
1.5819395812099477
1.711763509562901
1.8235995651143395
1.9170715496718278
1.992024033240077
2.0485304695843913
2.086900605499882
2.10768718378644
2.1116919399294756
2.099970892486416
2.073838927178969
2.0348736746911475
1.9849186821730571
1.9260858784504484
1.860757332940028
1.7915863082705359
1.7214976066095824
1.6536872096962492
1.5916212125794564
1.5390340510620848
1.4999260228508668
-1.4914526672617106
-1.2743666100669317
-1.0513469930980854
-0.824417495301835
-0.5955967263346719
-0.36687975181963434
-0.14022032489725467
0.08248617592925017
0.2994191026545525
0.5088481873375527
0.7091484853734761
0.898814612471736
1.0764742753395597
1.2409010960713744
1.391026730243957
1.5259522787173476
1.644958993141525
1.7475182751688447
1.8333009693722395
1.9021859498691822
1.9542680006514122
1.989864989620425
2.009524336328721
2.0140287734268236
2.0044014018160508
1.9819100395070597
1.9480708641841444
1.9046513494753028
1.8536724949280632
1.7974103496910747
1.7383968299014592
1.6794198297779281
1.6235226264196574
1.5740025783109317
1.5344091175315455
1.5085410356729692
-1.2902792062297426
-1.0913706915690828
-0.8871067563577513
-0.6793087360707412
-0.46980172891406
-0.26039635631516905
-0.05287122970765461
0.15104387638985778
0.3496841450005551
0.5414651310220517
0.7248974692647628
0.8986008761960458
1.0613174453901013
1.2119242366836365
1.3494451590372927
1.4730621471028347
1.582125631496104
1.6761643027757318
1.7548941691276179
1.81822690775517
1.8662775099753088
1.89937122002023
1.9180497675449346
1.9230768938405205
1.9154431717532332
1.8963701193092857
1.8673136070454337
1.8299665590453198
1.7862609476815758
1.738369082063691
1.6887041901916398
1.6399202948152771
1.5949113829994876
1.5568098693951111
1.5289843532156135
1.5150366689195367
-1.1097252664065478
-0.92698085942769
-0.7394978029659236
-0.5489026102875915
-0.3568340112856629
-0.1649249482038962
0.025214722344766544
0.21201482106556296
0.39396073137503784
0.5696085784999357
0.7375997022818512
0.8966744236876465
1.0456851050256293
1.1836085038674935
1.3095574206760237
1.4227916401385614
1.522728166206233
1.6089507508389427
1.6812187164561276
1.7394750720932717
1.7838539232641892
1.8146871755290643
1.8325105317682575
1.8380687831618727
1.8323203938750878
1.8164413794492478
1.79182847889872
1.7601016205135127
1.7231056813676564
1.6829115405333468
1.6418164260008514
1.6023435553041794
1.5672410698525105
1.539480262967394
1.5222531016257
1.5189690419083435
-0.9487055195464766
-0.780251848882202
-0.6077094598426164
-0.43251753497546247
-0.2561355492251491
-0.08002550089063595
0.09436515112244703
0.26561984375544073
0.432368559956061
0.5933027725435678
0.7471896817796927
0.8928857466453332
1.0293495098230072
1.1556537163850717
1.2709967261877018
1.3747132199706358
1.4662841991626792
1.5453462793929753
1.6117002777080345
1.6653190934945294
1.7063548831078517
1.7351455282064285
1.7522203977918087
1.7583054039545036
1.754327351325596
1.7414175802341094
1.7209149035701414
1.694367837353757
1.6635361250096485
1.630391555347555
1.5971180742484454
1.5661111900564635
1.539976672676639
1.5215285463783559
1.513786376304588
1.519971848686894
-0.8061482937117131
-0.6502469507194167
-0.49093466381254336
-0.32947074653731623
-0.16714250248109108
-0.005247691463965171
0.15492229797538093
0.31209856979960054
0.4650501353983626
0.6125986222197972
0.7536322761077001
0.8871192573445034
1.0121202304000083
1.1278002473858781
1.2334399252158963
1.3284459164719875
1.412360673976
1.4848715090672493
1.5458189435858274
1.595204355561676
1.6331969186094146
1.660139835028941
1.6765558626117878
1.683152135153245
1.6808242766702417
1.6706598093249971
1.6539408550544246
1.6321461309053076
1.606952238075232
1.5802342446592856
1.5540655621025163
1.5307171153581554
1.5126558067516018
1.5025422735501728
1.503227939238611
1.5177513585003615
-0.6809977248804507
-0.5360402408259035
-0.3883722691017859
-0.2390806861969117
-0.0892876781601237
0.059866557974377455
0.20724040646746622
0.3517067188612874
0.4921679936712141
0.6275708497835703
0.7569197935591119
0.8792902796422749
0.9938410654761842
1.0998258595234243
1.1966042631925735
1.2836520064705015
1.3605704772604292
1.42709554442575
1.4831056745396158
1.528629342340282
1.563851734892222
1.5891207494529949
1.604952285045886
1.6120348277383019
1.6112333296259316
1.6035923815226711
1.5903386793563097
1.572882784269976
1.5528201764293539
1.531931602535653
1.512182717044347
1.495723017089673
1.4848840711148947
1.482177041208324
1.490289499145112
1.512081536134797
-0.5722157886797938
-0.4367186898651514
-0.2992292349591864
-0.16066926556444716
-0.022002874236832115
0.11578065885535699
0.2516832229781251
0.38471352758425637
0.5139020467715479
0.6383152574468108
0.7570691711956269
0.8693421598578734
0.9743870748090101
1.0715426599471247
1.1602442583857466
1.2400338128524184
1.3105691597930356
1.371632617181941
1.4231388660377908
1.4651421256451762
1.4978426224820112
1.5215923528526831
1.5369001392269637
1.5444359802846848
1.5450346946661764
1.5396988584284659
1.5296010362072419
1.5160853060845796
1.5006680781624295
1.4850382068418682
1.4710563968081112
1.4607539027212906
1.4563305226129932
1.4601518849885629
1.4747460296351629
1.5027992821356058
-0.4787842122433902
-0.3513841530794468
-0.22272269340247527
-0.09356401232693132
0.03527889681163053
0.16296105456377868
0.2886216171791933
0.41139929212541465
0.5304470473123541
0.6449461140225712
0.7541192835473081
0.8572434975282912
0.9536617320052938
1.04279417516946
1.124148698822394
1.1973306235410102
1.262051777548146
1.318138849288938
1.3655410337129608
1.4043369722621288
1.4347409865643574
1.457108605832993
1.4719413879719998
1.479891034386913
1.481762798501552
1.478518187980499
1.4712769606573386
1.461318414168658
1.450081969293816
1.4391670470004678
1.4303322391958564
1.4254937731838677
1.4267232698278416
1.4362447954191553
1.4564312072515617
1.4897997929012945
-0.39970626619379657
-0.27915524021648597
-0.158081897089127
-0.03710009606328638
0.08312130424619296
0.2018750387346916
0.31843132238707794
0.4320530305627347
0.542010172986346
0.6475936614444511
0.7481283711877565
0.8429854960392136
0.9315941972078583
1.0134525458084125
1.0881377590866492
1.1553157303505197
1.2147498526070442
1.2663091359049634
1.3099756183831557
1.345851071024813
1.3741629961173827
1.3952699194182718
1.4096659760263113
1.417984789958985
1.4210026474354236
1.419640963865154
1.4149680445426203
1.4082001390474608
1.4007017893505502
1.3939854716258056
1.3897105317677525
1.3896814146148542
1.3958451868786064
1.4102883537783912
1.435232969382095
1.4730320406524897
-0.33400843674957015
-0.21916906558071284
-0.10455004731194512
0.009377765815819866
0.12208271518178901
0.23298869342506476
0.3414907957901875
0.44697026517843647
0.5488087309048971
0.6464017411612887
0.7391715891845546
0.826579433131217
0.9081367096574923
0.9834158412051706
1.0520602369932568
1.113793587715375
1.168428453942936
1.2158741482340656
1.2561439109482975
1.2893613797670294
1.3157663529197374
1.33571984611596
1.3497084431830384
1.3583479404096228
1.3623862845949397
1.3627058048038247
1.3603247378275147
1.3563980473502038
1.352217536821362
1.3492112560338192
1.3489422014076056
1.353106309979561
1.3635297470987036
1.3821654878273624
1.4110891920480702
1.4524943732762243
-0.2807419779570949
-0.1705828782093913
-0.061386002119381375
0.04651352200341022
0.1527143305785464
0.2567649471607314
0.35817919855162833
0.4564509246174392
0.5510679818122463
0.641525540407119
0.7273386754249798
0.8080542512812356
0.8832621001301713
0.9526054939171043
1.0157909101363032
1.072597091294671
1.122883398081185
1.1665974562421058
1.2037820971619468
1.2345815921502044
1.2592471804338516
1.2781418908555986
1.2917446572779088
1.3006537276927825
1.3055893670373024
1.3073958537149413
1.3070427698226308
1.3056255850835974
1.3043655344859542
1.3046087896270626
1.3078249237636523
1.3156046705677034
1.3296569765880946
1.351805347418012
1.3839834875681198
1.4282302340454947
-0.23898434404713417
-0.1325755721734041
-0.02786586456057962
0.07493812110690626
0.17555844110824906
0.27366175285860284
0.36887449578717524
0.46079736592108356
0.549019084174974
0.6331294583464043
0.7127317388169873
0.7874542679592988
0.8569614232495479
0.9209638540860082
0.9792280123132148
1.0315849764519207
1.0779385696348183
1.118272771248022
1.152658422278315
1.181259224366157
1.204337032564456
1.2222564418031006
1.235488667059259
1.2446147172334365
1.2503278627312984
1.2534353967512533
1.2548596902778009
1.2556385407806423
1.2569248146195517
1.259985383155012
1.266199352564613
1.2770555873652103
1.2941495276408506
1.3191792999764564
1.3539411220972741
1.4003240012140852
-0.20784050191611575
-0.10434907700278458
-0.0032844510551548398
0.09526796533410464
0.19114680289606695
0.2841303856241538
0.37395167641850746
0.4603125164361237
0.5428971581467475
0.6213850920945332
0.695463167365464
0.7648370057605377
0.8292417096747128
0.8884518636816178
0.9422908298240235
0.9906393366100774
1.033443361715302
1.0707213083903535
1.102570475574546
1.1291728217151358
1.1508000222923696
1.1678178210502954
1.1806896749333367
1.189979692728626
1.1963548674141071
1.2005866022123934
1.2035515303503934
1.2062316285246966
1.209713624072724
1.2151876958496388
1.2239454688110218
1.2373773023013084
1.2569688720479886
1.2842970458615701
1.3210250530413028
1.368896947486668
-0.18644412373214625
-0.0851296282369766
0.013043360112300818
0.10810348405442365
0.19999913313755655
0.2886138604241758
0.3737810929017179
0.45529813559898863
0.5329394694083365
0.6064693426135891
0.6756536561237501
0.7402711424124611
0.8001238381632247
0.8550468506203912
0.9049174176459069
0.9496632614818266
0.9892702362185866
1.0237892689690433
1.0533425947482704
1.0781292850591235
1.0984300701835639
1.1146114551797455
1.1271291295848662
1.1365306708237808
1.1434575413233745
1.1486463793327037
1.1529295834488957
1.1572351908488119
1.162586049226474
1.1700982824362538
1.180979049841824
1.1965235993708712
1.2181116142755752
1.2472028535988466
1.2853320863463298
1.3341033193641665
-0.17395865966575597
-0.07416891809982634
0.02178140017298072
0.11402782723541977
0.202621725590931
0.2875454696348015
0.36872692083108966
0.44605319659531323
0.5193837328828975
0.5885626404833898
0.6534303550204327
0.7138345806575024
0.7696405275094101
0.8207404427595639
0.867062435482995
0.9085785951751455
0.9453124039864211
0.9773454426625032
1.0048233901904258
1.0279613171504145
1.0470482727734889
1.062451165704826
1.0746179384728876
1.0840800356643103
1.0914541658045576
1.097443356944335
1.1028373059517667
1.1085120215103383
1.1154287608225975
1.1246322600196208
1.1372482582762415
1.1544803156320411
1.1776059245181028
1.207971914989527
1.2469891536637119
1.2961265363643935
-0.16957829074537376
-0.07074512629930316
0.023571101129895494
0.11360567875457393
0.19950618594460043
0.2813474404647975
0.35914573841814434
0.43287238789473986
0.5024665363265296
0.5678472915477956
0.6289251365614068
0.6856126380108356
0.7378344483579339
0.785536601766473
0.8286951036914468
0.8673238141741365
0.9014816248429388
0.9312789296199567
0.9568833891333516
0.9785249888354612
0.9965003908266756
1.011176579385081
1.0229938002018615
1.0324677933224669
1.0401913197935408
1.0468349820156142
1.0531473378015583
1.059954308140802
1.068157878669313
1.078734094845339
1.0927303508309127
1.1112619720791208
1.1355080916271334
1.166706820094998
1.2061497093901943
1.2551755101179538
-0.17252876183753263
-0.07416383095195134
0.01903050688917586
0.10738218958634727
0.19112828705998075
0.27042971225412926
0.34538522584595877
0.4160447346609895
0.48242188379409856
0.5445059424362874
0.6022729834072094
0.655696356393461
0.7047564548926377
0.7494497768631492
0.7897972790797986
0.8258520251951257
0.8577061275065111
0.8854969824290436
0.9094127996741501
0.9296974251339891
0.9466544574716049
0.9606506584168467
0.9721186567680488
0.9815589460994736
0.9895411761745191
0.9967047380646853
1.003758642974308
1.0114806947710508
1.0207159562221628
1.0323745089364982
1.0474285070122975
1.0669085243907324
1.0918991959152133
1.1235341520964595
1.1629902475833307
1.2114810833394243
-0.18206809475180497
-0.0837587996320718
0.008753404266644498
0.0958820308645068
0.177946944089574
0.25518883364779255
0.32778298449875165
0.39585234003720116
0.4594798589803314
0.518720165960816
0.573610495825619
0.6241809316405608
0.670463936400651
0.7125031784461806
0.7503616505845795
0.7841290829180347
0.813928649376872
0.8399229679586998
0.8623193946733172
0.8813746111933822
0.8973985062108453
0.9107573504991424
0.9218762656811545
0.931240986702927
0.9393989180131517
0.946959483448414
0.9545937698241999
0.9630334642316671
0.9730690850401786
0.9855475066055991
1.0013687776843536
1.0214822335532485
1.0468819018350564
1.0786012020298623
1.1177069387521748
1.1652925886737946
-0.19748718147046815
-0.09889266054563368
-0.006691426130342307
0.07960856681972145
0.16040330947031736
0.23600697964491812
0.3066654760667413
0.3725692463065442
0.4338654084361801
0.49066916638791924
0.5430745190195301
0.5911642628851249
0.6350192887117684
0.6747271715818464
0.7103900548211999
0.7421318275930215
0.7701045961975126
0.7944944490773055
0.8155265155286455
0.8334693181183396
0.8486384188064638
0.8613993587748352
0.8721698919612473
0.8814215122994655
0.889680274664988
0.8975269095265677
0.9055962313034973
0.9145758404286568
0.9252041191173244
0.9382675208417487
0.9545971535114848
0.9750646563594932
1.0005773705339993
1.0320728033961186
1.0705123865232422
1.1168745274181857
-0.21811025750290053
-0.11895745382891702
-0.02676083914578277
0.05904314759242689
0.138919987792202
0.2132510885231433
0.2823470815262712
0.3464604159280971
0.4057972446604573
0.46052860458610934
0.5108008903300919
0.5567456218168458
0.5984885055131
0.6361577893765173
0.6698919115101054
0.699846442522389
0.7262003215933451
0.7491613862461008
0.7689711958243945
0.7859091486757983
0.8002958930407038
0.8124960316470722
0.8229201200109433
0.8320259584427109
0.8403191777591594
0.8483531187012618
0.8567280050577425
0.8660894104944017
0.8771260190892021
0.8905666795731197
0.9071767532767555
0.9277537557827104
0.953122292283724
0.9841282866465745
1.0216325041817416
1.066503368118833
-0.2432952553647073
-0.14337506297188454
-0.05093783444264838
0.03464452192096101
0.11390037054216232
0.18727211863825535
0.25512927999520685
0.3177808324479986
0.3754868690667379
0.42846954304853146
0.47692330631512136
0.5210244418162835
0.5609398895389898
0.5968353662223315
0.6288827787782059
0.6572669314177668
0.6821915264836356
0.7038844589878763
0.7226024048557332
0.7386347028751303
0.752306530351935
0.7639813724709822
0.7740627853628638
0.7829954528764783
0.7912655370573447
0.7994003223316781
0.8079671533962295
0.8175716668138852
0.8288553163150327
0.8424921918046867
0.8591851320753778
0.8796611312258056
0.9046660387852525
0.9349585535437615
0.9713035110880759
1.0144644650433419
-0.27243403818157713
-0.17159752636628445
-0.07873194599523259
0.006848369704968736
0.08572809072323449
0.15840442509910369
0.22529994746360205
0.2867747212858669
0.3431377148255344
0.3946575107908909
0.4415723097027844
0.4840992269643013
0.5224428836362043
0.5568032909181335
0.5873830283355692
0.6143937156325597
0.6380617783702088
0.6586335072309277
0.6763794110284498
0.6915978634236072
0.7046180433458701
0.7158021691206493
0.725547026302361
0.7342847892132545
0.742483136188002
0.7506446585240516
0.7593055631377436
0.7690336689261873
0.7804256968349029
0.7941038536312245
0.8107117093834669
0.8309093686458537
0.8553679353492089
0.8847632713974114
0.919769048969612
0.9610490965282119
-0.30495251341786817
-0.20310722897848346
-0.10967951170623007
-0.023933045555923252
0.05476659734898484
0.12696525631778185
0.19313277539963433
0.2536748903964895
0.3089444095817395
0.35925168812464936
0.40487439622054533
0.4460665809267687
0.4830670217043903
0.5161068796656884
0.5454166405273886
0.5712323512696681
0.5938011505009203
0.6133860925282837
0.6302702651339329
0.6447602010571328
0.6571885831820541
0.6679162434313531
0.677333455365513
0.6858605204879484
0.6939476482558724
0.7020741297969266
0.7107468053315724
0.7204978253012478
0.731881705202283
0.7454716741255824
0.7618553170020665
0.7816295105538791
0.8053946529513532
0.8337481871757444
0.867277418087723
0.9065516232016312
-0.34031062672992535
-0.23741697414702903
-0.14334382314854544
-0.057311104448162016
0.021358849813208187
0.09325437043507981
0.15888680923081117
0.218702190806783
0.27309215804733955
0.32240421130549296
0.36695124129938916
0.40702035571453776
0.4428809995118041
0.4747923689411632
0.5030101192612175
0.5277923661644768
0.5494049809084003
0.568126179152203
0.5842504034994224
0.5980914997462496
0.6099851868356226
0.6202908205170822
0.6293924507123899
0.6376991725869104
0.6456447713267541
0.6536866606216847
0.6623041148537874
0.6719957949919022
0.6832765681918168
0.6966736211022249
0.7127218668764452
0.731958645889905
0.7549177201633841
0.782122561492024
0.8140789332800968
0.8512667660815398
-0.3780022359441266
-0.2740699355049432
-0.17931515543183324
-0.0929209394550539
-0.014172867865104063
0.057553771621205584
0.12280610670044532
0.18206509702802212
0.23575624446939744
0.28425959705706844
0.32791904665331095
0.3670509203186861
0.4019518653863085
0.4329060282418783
0.460191526809475
0.4840862167431141
0.5048727513240666
0.5228429350639414
0.5383013710135296
0.551568401777412
0.5629823442343291
0.5729010179633145
0.5817025673755896
0.5897855775522209
0.5975684837875433
0.6054882748383403
0.6139984898787925
0.6235665091611844
0.6346701383823776
0.6477934867560435
0.6634221387906603
0.6820376197732723
0.7041111549590121
0.7300967224663857
0.7604233998783183
0.7954870045489659
-0.4175548651596604
-0.3126394890267455
-0.2172106771937673
-0.13042142289228068
-0.05152701292152618
0.020127566251776814
0.08511951609940012
0.1439594073433386
0.19710165497330534
0.24495428696998972
0.2878880067340767
0.3262445492210307
0.3603443307816408
0.3904933927083291
0.4169896384872216
0.4401283647559817
0.46020708596740695
0.4775296527587874
0.49240966402702735
0.5051731727095295
0.5161606852708425
0.5257284548950696
0.5342490683840411
0.5421113267612498
0.549719419581548
0.557491392946608
0.5658569112261447
0.5752543124849009
0.5861269576153963
0.5989188731764381
0.6140696879373937
0.6320088631282278
0.653149216395301
0.677879739462931
0.7065577095007172
0.7395000941966268
-0.45852933897603304
-0.35272892520020716
-0.25667424071604056
-0.16949503496814552
-0.09042272985069064
-0.018778061040917796
0.04604057437310441
0.10456806397049012
0.1572828197813076
0.20461631177611414
0.24696189506125293
0.2846829307799128
0.31812020071895075
0.34759861562147715
0.3734332172052034
0.3959344738865522
0.4154128702105312
0.4321827899863682
0.4465656931289096
0.4588925862057818
0.46950578669031484
0.4787599809202285
0.4870225757620817
0.4946733439814841
0.5021033633190705
0.5097132492722376
0.5179106815826445
0.5271072244294741
0.5377144403284586
0.5501392977366674
0.5647788723630567
0.5820143421847837
0.6022042761692805
0.625677216702095
0.6527235557204888
0.6835867045528033
-0.5005192968453063
-0.39397104132283395
-0.29737605216509533
-0.20984761196854929
-0.1305996765355102
-0.05893475144138751
0.005767525103837809
0.06406109309989909
0.11644347530629251
0.16336507549808887
0.20523777042750693
0.24244279549125042
0.27533792410360725
0.30426394077531127
0.3295504078981675
0.35152072623543823
0.37049648911799427
0.38680113034622665
0.40076286579772213
0.4127169287407012
0.4230070988532185
0.4319865249481264
0.44001784140380007
0.4474725783006272
0.4547298652632582
0.4621744290086205
0.47019388459969536
0.47917532040505645
0.4895011767641723
0.5015444183584704
0.5156630002881644
0.5321936278548446
0.5514448100498291
0.5736892067482808
0.5991552696090838
0.628018176680484
-0.5431505875490643
-0.43602761392308115
-0.339012221957583
-0.251207974566697
-0.1718177305011312
-0.10013175614913819
-0.035516543631714755
0.022595664807961057
0.07471664612085531
0.12131125947416654
0.16280580297917627
0.19959566412486246
0.23205226391727596
0.260529294724679
0.2853682518284466
0.306903258679731
0.32546518586188794
0.34138506375866656
0.35499678892816133
0.36663912418252637
0.37665699237345346
0.3854020638834121
0.39323263782265155
0.40051281693196705
0.4076109761912272
0.41489752513366546
0.42274196386593244
0.43150923279391296
0.44155535605430407
0.4532223786519568
0.46683259730298
0.48268208498360715
0.501033509184825
0.5221082438727674
0.5460777751548673
0.5730544006517766
-0.586080543800113
-0.47858875130629697
-0.3813041952505555
-0.2933274362575349
-0.21385657529361624
-0.14217560070160207
-0.07764344152963874
-0.019683727154377276
0.03222474680162929
0.07855684625829092
0.1197492201721079
0.1562077157360612
0.18831408728526583
0.21643199890838583
0.240912320764813
0.2620977191076077
0.28032654001220253
0.29593598681086836
0.3092645912329435
0.320653978250825
0.33044992463172335
0.3390027111951789
0.3466667687763417
0.3537996178950137
0.36076010213045345
0.3679059152019439
0.3755904217551225
0.384158771854074
0.3939433091791861
0.40525827293076744
0.4183937934384289
0.4336091814762265
0.45112551128356804
0.47111749729188185
0.49370466455704787
0.5189418128975926
-0.6289971369689071
-0.5213721262253977
-0.423998062556385
-0.3359791919169169
-0.25651516698335763
-0.18488962942179687
-0.12045949845069562
-0.06264496569776995
-0.010920196351111945
0.03519526339545258
0.07614437260276789
0.1123397755525159
0.1441702754191459
0.17200660164756693
0.19620647103660285
0.21711894252821018
0.23508806570245866
0.25045582297827407
0.2635643655199442
0.2747575428493872
0.28438172616418256
0.2927859253613651
0.30032119976698113
0.30733936257140754
0.31419097897043363
0.32122265801210537
0.3287736381493326
0.33717166649825875
0.34672817180239274
0.3577327311025046
0.37044683011228297
0.38509691729975537
0.40186675167447095
0.4208890442804469
0.4422363933948761
0.4659115134325982
-0.6716180119347088
-0.5641220886762717
-0.46686375048241513
-0.3789575864855022
-0.2996110807932207
-0.22811342999071568
-0.16382506693695864
-0.10616789085535389
-0.05461620371858307
-0.00868835292768599
0.03206091971462016
0.0680474227363851
0.09966375343463205
0.12728483001932697
0.15127271746311033
0.1719807470567921
0.18975692967060875
0.20494666272124315
0.21789473084460734
0.22894660027438773
0.23844900692635285
0.246749838188424
0.25419730841650884
0.26113842813609656
0.26791676694961725
0.27486951014956235
0.2823238090373692
0.290592424948067
0.2999686669806866
0.31072062343443174
0.323084686950614
0.33725837336035
0.3533924342380209
0.3715822631604953
0.39185859567211406
0.41417750295543826
-0.7136894020614761
-0.6066086588179146
-0.5096940925953425
-0.4220772637773822
-0.34297973785141717
-0.2717021381444467
-0.2076139048531792
-0.15014376036836133
-0.09877088089334579
-0.05301677435689523
-0.012437864620224743
0.023381218021719316
0.054833640044742823
0.08229566160564977
0.10613122715825123
0.12669584977513662
0.1443397891752081
0.159410523456977
0.17225451453762347
0.18321826729781857
0.19264868243230882
0.20089270300626377
0.20829625471738605
0.2152024798637841
0.22194926501760762
0.2288660624044453
0.2362700049884861
0.244461315263442
0.2537180077492346
0.2642898851944434
0.2763918284845174
0.29019638025574895
0.3058256222150104
0.32334234616525415
0.34274051873677325
0.3639350398242273
-0.7549849242984824
-0.6486264000172939
-0.552303780410327
-0.46517219541343857
-0.38647351206910935
-0.3155256224960234
-0.25171243815288313
-0.19447459039646248
-0.14330083733389762
-0.09772017696921369
-0.05729466664409098
-0.0216129487728666
0.009715517128225805
0.0370655161175787
0.060800433210496475
0.08127590246724369
0.098842749786856
0.11384922940671381
0.12664255410787842
0.1375697191261911
0.14697761976913448
0.155212462738457
0.16261847115855965
0.16953588331064567
0.17629824507263256
0.18322899606482734
0.1906373495013637
0.19881346574740238
0.2080229195820942
0.21850046116730526
0.2304430707221054
0.24400230690301897
0.25927594889003824
0.2762989321783998
0.2950335780761232
0.3153591169073124
-0.7953042544056644
-0.6899931720189452
-0.5945281945048351
-0.5080945898794306
-0.42996071714274414
-0.35946754948200466
-0.2960189037691972
-0.2390723763528384
-0.18813098514399096
-0.1427355179965134
-0.10245758738154906
-0.06689339135625139
-0.035658180826746606
-0.008381433105334209
0.015297268238075604
0.03573164723028706
0.05327144305490659
0.06826441131819322
0.08105761902067167
0.09199803323450817
0.10143240348664881
0.1097064378477206
0.11716327272669537
0.12414123637131594
0.13097090607428535
0.13797145908521846
0.14544631722835655
0.1536780852260441
0.1629227827279686
0.17340337004616296
0.18530256759577052
0.19875496904157275
0.21383844815027944
0.23056485934858204
0.24887003198696908
0.2686030583093043
-0.8344716823037023
-0.7305487642392964
-0.636222115757209
-0.5507136817088134
-0.473324473681117
-0.40342432843378573
-0.34044237263040594
-0.2838581938639839
-0.23319371797668262
-0.18800579267379533
-0.14787947743195767
-0.11242203970159549
-0.08125765740361156
-0.05402282772030865
-0.03036248218055028
-0.00992680803915879
0.007631224049449292
0.02265762606339049
0.035498452351204315
0.04650015307550589
0.05600922136240113
0.06437113415666476
0.0719285867826808
0.0790190212111458
0.08597144803153486
0.09310256213033001
0.10071215207501161
0.109077803203812
0.11844889442123227
0.12903988869932134
0.14102291728471794
0.15451965761145486
0.1695925049195265
0.1862350375792184
0.20436177612120002
0.22379723597237955
-0.8723345475488279
-0.7701534091857242
-0.6772583167099708
-0.5929144007902858
-0.5164614564571667
-0.4473039367736384
-0.38490165280023875
-0.32876117985424086
-0.278427970063113
-0.23347917121221545
-0.1935171518867356
-0.1581637329078593
-0.1270551250631803
-0.0998375731313469
-0.07616370620094548
-0.055689594283622086
-0.03807251122144068
-0.02296940388847927
-0.010036067686663005
0.0010729716641651717
0.010703870041936694
0.019202170543812035
0.02691080281339818
0.03416737607372865
0.04130076586600627
0.048626994494108546
0.05644440517485573
0.06502812989404151
0.07462385096822641
0.0854408563122938
0.09764438841276867
0.1113472870068988
0.1266009254674991
0.1433854408935579
0.16159925790660667
0.1810479061528517
-0.9087615549323663
-0.8086861760003398
-0.7175260330578541
-0.6345959218000695
-0.5592805217844997
-0.49102462533548225
-0.42932407274288686
-0.3737173937550617
-0.32377815536601606
-0.2791080158968403
-0.23933048537136417
-0.20408539218605165
-0.17302405607413296
-0.14580516736397484
-0.12209137253168707
-0.10154656604796725
-0.08383388851918216
-0.06861443112268722
-0.05554664633638251
-0.044286464962506766
-0.03448811944566832
-0.025805673485113624
-0.017895257941232864
-0.010418013036303228
-0.0030437368494691686
0.004544759894039687
0.01264659273945355
0.021537036124769905
0.03146104970882377
0.04262609840512059
0.05519426612143176
0.0692736632051528
0.08490912759442412
0.10207221967501483
0.12065051084296857
0.1404361657730125
-0.9436409702050029
-0.8460432441285046
-0.7569293152605651
-0.6756700937589168
-0.6017012150186456
-0.5345135038103858
-0.47364414471275085
-0.418668558839003
-0.369192986857959
-0.32484777830913336
-0.28528138721211965
-0.2501550739702086
-0.2191383135682435
-0.19190491006471325
-0.16812981737808239
-0.14748666636735872
-0.12964599820689815
-0.11427420405544711
-0.10103317101942177
-0.08958063441042532
-0.07957123629700188
-0.07065829035062836
-0.06249625298594312
-0.05474390079521249
-0.04706821427703416
-0.03914896785927823
-0.03068402621626541
-0.021395346880182763
-0.011035689146736496
0.0006039707249576552
0.013686318018246789
0.028318871770575904
0.044544450690885515
0.062330932782772144
0.08156030867341123
0.10201702864824266
-0.9768786959257867
-0.8821360571120775
-0.7953852602802771
-0.7160597497138494
-0.643652158183041
-0.5777050063167973
-0.517802108268918
-0.46356068367844944
-0.41462417592431283
-0.3706557766741716
-0.3313326567275357
-0.2963409031531023
-0.2653711627203349
-0.23811499162527916
-0.21426191151061658
-0.1934971717799548
-0.17550021820635583
-0.15994386783510164
-0.14649419018069654
-0.13481109471810745
-0.12454962466824132
-0.11536195707765984
-0.10690010919253143
-0.09881935112682079
-0.09078232482471563
-0.08246386931729079
-0.07355655227340954
-0.06377690784486262
-0.05287238080574414
-0.04062897698606505
-0.026879619999604133
-0.011513214265995879
0.005515585672943811
0.024175899542655005
0.044349439431033436
0.06581862158939304
-1.0083962274358573
-0.9168893565073901
-0.8328221234438515
-0.7556968965446291
-0.6850693177197466
-0.6205392370955075
-0.561742353914371
-0.5083425637290678
-0.460025011890952
-0.4164898533325919
-0.37744671864459656
-0.34260988644668017
-0.31169416205296446
-0.2844114624315177
-0.2604681074581308
-0.23956281746433206
-0.22138541707963733
-0.2056162453680394
-0.19192627225873365
-0.17997792127108103
-0.16942659853380898
-0.1599229280984492
-0.15111569354701285
-0.14265548589390314
-0.13419905778206545
-0.12541438397337432
-0.11598642813325821
-0.10562361590956146
-0.09406501430564353
-0.08108821734771562
-0.06651793804641461
-0.050235306652614393
-0.03218787520747464
-0.012400328386726438
0.009014099360803962
0.031841500380434866
-1.0381284889569078
-0.9502390959279541
-0.8691773104297924
-0.7945207848949538
-0.7258941523648909
-0.6629601963293403
-0.6054117268599247
-0.5529641630379912
-0.5053488216766859
-0.462306912337268
-0.42358423863965977
-0.38892660586723415
-0.3580759348658398
-0.33076708223706375
-0.30672536682573043
-0.28566480250163956
-0.2672870372355401
-0.2512809984693417
-0.23732324478056424
-0.22507902384102416
-0.21420403666975776
-0.20434690818018286
-0.19515236402149683
-0.1862651137143124
-0.17733444008053112
-0.16801949496745297
-0.15799530126612507
-0.14695946122392617
-0.13463957105138946
-0.12080134182326202
-0.1052574266738021
-0.08787695428631374
-0.06859576867691838
-0.047427375272564035
-0.024474593283271846
5.8085631380103836e-05
-1.0660215498143741
-0.9821302352118985
-0.9043952493799279
-0.832475859228391
-0.766071641148847
-0.7049138860875747
-0.6487577109128952
-0.5973748760767337
-0.5505473095704186
-0.5080613371747172
-0.4697026190041099
-0.43525179234530037
-0.40448082078996406
-0.37715004966173393
-0.3530059677374226
-0.33177967526248353
-0.31318605826070783
-0.2969236691381594
-0.2826753135813472
-0.2701093437496347
-0.258881657761887
-0.2486384054773546
-0.2390194005707955
-0.2296622389018339
-0.22020712317855637
-0.21030239391534566
-0.19961076668495137
-0.1878162756647986
-0.174631923477533
-0.15980803732580443
-0.1431413314212865
-0.1244846757079349
-0.10375757087948188
-0.08095732969116877
-0.0561709645657156
-0.029587781493528083
-1.0920302207853563
-1.0125144147141358
-0.9384251431358255
-0.8695095880090334
-0.8055481915211382
-0.746346296395098
-0.6917264924904979
-0.6415216696988351
-0.5955687771330405
-0.5537032886112381
-0.5157543744347416
-0.4815407794602888
-0.4508674074665124
-0.4235226118146491
-0.39927619240348566
-0.3778780989185419
-0.3590578403754916
-0.34252460095782067
-0.32796806214872254
-0.3150599311572307
-0.3034561756385888
-0.2927999647088582
-0.2827253162537626
-0.2728614505317703
-0.26283785007141314
-0.252290025862844
-0.24086598984363014
-0.2282334336787853
-0.21408761383503802
-0.19815994294933786
-0.18022728749159903
-0.16012197172168113
-0.1377424879406071
-0.1130649130360187
-0.08615503132186977
-0.05718116367235584
-1.1161155305712698
-1.0413475097232607
-0.9712186015999338
-0.9055701740068923
-0.8442694276000743
-0.7872012714262869
-0.7342609047579765
-0.6853471052222355
-0.6403562232240495
-0.5991768826637773
-0.5616853879488735
-0.5277418372998433
-0.4971869423504379
-0.46983955404208727
-0.4454948948125678
-0.42392349707890986
-0.4048708480145412
-0.3880577406206685
-0.37318133109189555
-0.3599169024760796
-0.34792033462842425
-0.33683128045981003
-0.3262770484793624
-0.31587719163125705
-0.3052488024257623
-0.2940125143645195
-0.2817992096600595
-0.2682574332495581
-0.2530615131028272
-0.23592038682454478
-0.21658713455072115
-0.19486921813940294
-0.17063942665561455
-0.14384752815053642
-0.11453262773492162
-0.08283623194674852
-1.1382420823952257
-1.0685870650031761
-1.0027271542214582
-0.9406041447280151
-0.8821778585471174
-0.8274182558236216
-0.7762982518914614
-0.7287872406363809
-0.6848453241529018
-0.6444182486955283
-0.6074330469241923
-0.5737943864439315
-0.5433816246388085
-0.5160465698000651
-0.49161194854851553
-0.4698705795511747
-0.45058525353212653
-0.433489319577628
-0.41828797773545057
-0.4046602779084596
-0.3922618250424301
-0.3807281906081016
-0.3696790303774682
-0.3587229084943072
-0.3474628278389455
-0.3355024666872617
-0.32245312166392726
-0.30794135698988395
-0.2916173600240592
-0.27316400309931804
-0.25230661165265356
-0.22882343864961366
-0.20255684530296542
-0.17342518808559715
-0.14143541203765744
-0.1066963503679316
-1.1583752907241447
-1.094189609459452
-1.0328996426069634
-0.9745538229693368
-0.9192104270659792
-0.8669299211410266
-0.8177680134655596
-0.7717694129340582
-0.728962293955094
-0.6893534676362579
-0.6529242592633264
-0.619627092073666
-0.5893827773238727
-0.5620785106516522
-0.5375665747319329
-0.5156637482272212
-0.4961514210321893
-0.47877641581250496
-0.4632525158378951
-0.4492626991094485
-0.43646207878115495
-0.42448154987568265
-0.41293214229439196
-0.4014100801215875
-0.38950254722300665
-0.37679415913854597
-0.3628741412692248
-0.3473442133583861
-0.3298271802671349
-0.3099762290440138
-0.28748493228891575
-0.2620979578112348
-0.2336224845822532
-0.20194032498176684
-0.167020753338947
-0.1289340407674408
-1.1764784981155947
-1.1181078509304128
-1.0616794932557077
-1.00735467749826
-0.9552959380264472
-0.9056596724119454
-0.8585894289656724
-0.8142099005679606
-0.7726216247929751
-0.7338963903273649
-0.6980733496831506
-0.6651558382048534
-0.6351088993708577
-0.6078575163890129
-0.5832855500864719
-0.5612353830937673
-0.5415082703231248
-0.5238653957410134
-0.5080296354349346
-0.4936880269744464
-0.48049494506642704
-0.46807598350457436
-0.4560325434131441
-0.4439471277849235
-0.4313893423134444
-0.4179226025194319
-0.4031115471714919
-0.38653015800103435
-0.3677705857114352
-0.3464526822814351
-0.3222342395627755
-0.2948219341720722
-0.26398297867692583
-0.2295574790762703
-0.19147149857495815
-0.1497508276525834
-1.1925099721893673
-1.140287751102956
-1.089001870419709
-1.0389325538569665
-0.9903523672129412
-0.943519034842144
-0.8986689624250468
-0.8560114660319835
-0.8157237074812883
-0.7779463359916687
-0.7427798361288207
-0.7102815820462773
-0.6804635980204954
-0.6532910252801807
-0.6286812951298504
-0.6065040083676304
-0.5865815209972942
-0.5686902362345347
-0.5525626028074768
-0.5378898195514253
-0.5243252462978508
-0.5114885210576134
-0.49897038349842276
-0.48633820471653627
-0.47314222330269423
-0.4589224877022923
-0.4432165048697918
-0.4255675952173665
-0.4055339538577877
-0.38269841814154537
-0.3566789414882089
-0.32713977351202217
-0.2938033464417383
-0.2564628678346906
-0.2149956195851018
-0.16937696322662943
-1.2064197827237768
-1.1606654805531
-1.1147907090885372
-1.0692007852914567
-1.0242840501978023
-0.9804049206272419
-0.9378976471865541
-0.8970607785672514
-0.858152332137442
-0.8213856708279275
-0.7869260863125382
-0.7548880884827072
-0.7253334012162796
-0.6982696644405614
-0.673649842489603
-0.6513723387557231
-0.6312818166352673
-0.6131707267686055
-0.5967815405743668
-0.5818096900779102
-0.5679072140340345
-0.5546871103439244
-0.5417283947663338
-0.5285818659230079
-0.5147765765983406
-0.4998270113332708
-0.4832409703134153
-0.4645281595514392
-0.443209487363664
-0.4188270671409121
-0.39095492641359
-0.35921042221100724
-0.3232663627149344
-0.2828638352073968
-0.2378257403127067
-0.18807103253373264
-1.2181465588766929
-1.1791642539112634
-1.138955628098841
-1.0980571838053224
-1.056978751339308
-1.0161967758949784
-0.9761483107891992
-0.9372257169928717
-0.8997720689565148
-0.8640772667300867
-0.8303748543770446
-0.7988395446826408
-0.769585450156455
-0.7426650203291664
-0.7180686853435612
-0.6957252058397786
-0.6755027291347935
-0.6572105516961364
-0.6406015879098516
-0.6253755451426911
-0.6111828050985477
-0.5976290114691245
-0.5842803638788409
-0.5706696181239781
-0.5563027927060598
-0.5406665816594713
-0.5232364736733165
-0.5034855775075096
-0.48089415370310834
-0.4549598525868806
-0.425208658570111
-0.3912065407416432
-0.3525718097551605
-0.3089881810107035
-0.2602185441304249
-0.2061194387285819
-1.2276141265313052
-1.195691045152273
-1.1613887233686022
-1.125380911338246
-1.0883046129044216
-1.0507536077722048
-1.0132726799793625
-0.9763525526614241
-0.9404255291109855
-0.9058618401312584
-0.872966697683848
-0.8419780548307757
-0.8130650719707329
-0.7863272893695773
-0.7617945059850628
-0.7394273645858089
-0.7191186431645069
-0.7006952526453623
-0.6839209408857764
-0.668499702972264
-0.6540798978106094
-0.6402590710102575
-0.6265894840629459
-0.612584349815571
-0.5977247742372931
-0.5814674044808782
-0.5632527832382783
-0.542514409390447
-0.5186885049513946
-0.49122448830647863
-0.4595961537449334
-0.42331355728663556
-0.38193560880310806
-0.3350833704327605
-0.2824540612903674
-0.2238357684707839
-1.2347280257666131
-1.2101331830101032
-1.1819612412561198
-1.1510292310692345
-1.1181069843162685
-1.0839108915766096
-1.049098365846769
-1.0142630125391738
-0.9799305057751979
-0.9465551709724296
-0.9145172737261767
-0.8841210149852097
-0.8555932325217404
-0.8290828086956398
-0.8046607845128929
-0.7823211799782905
-0.761982520742357
-0.7434900710425194
-0.7266187729385089
-0.7110768918420031
-0.696510368340505
-0.6825078763154578
-0.6686065873545994
-0.6542986414585514
-0.6390383240416485
-0.622249949227003
-0.6033364494358074
-0.5816886712708746
-0.5566953776944148
-0.5277539565000502
-0.4942818350790676
-0.4557286014809062
-0.4115888317678863
-0.36141562366417107
-0.3048348364989693
-0.24156003744397386
-1.239371908452651
-1.2223548265173454
-1.2005201320437273
-1.1748341388445795
-1.1462051315263453
-1.1154773581331718
-1.0834257290851883
-1.050751222411022
-1.0180769952745528
-0.9859452017959027
-0.9548145171666662
-0.9250583680593742
-0.8969638693311976
-0.870731467021888
-0.8464752876459549
-0.8242241937790808
-0.8039235459387737
-0.7854376707592567
-0.7685530354605956
-0.7529821286120622
-0.738368047189736
-0.7242897899283455
-0.7102682569673414
-0.6957729557912126
-0.6802294134640364
-0.663027295158267
-0.6435292289777611
-0.6210803370750416
-0.5950184730627972
-0.5646851657196207
-0.5294372689899842
-0.48865931827845116
-0.4417765930381262
-0.38826888565334267
-0.32768497661658635
-0.2596578159996584
-1.2414038159704406
-1.2321933206694073
-1.2168844835462385
-1.1965988747305496
-1.1723888265114577
-1.145231661215346
-1.1160246253778667
-1.08558053021018
-1.054624098359431
-1.0237890169634642
-0.9936156969997743
-0.9645497389286952
-0.9369411046308272
-0.9110439956386993
-0.8870174376626699
-0.8649265714110661
-0.8447446497045588
-0.8263557408847746
-0.809558138517148
-0.7940684773880063
-0.7795265557958975
-0.7655008641371496
-0.7514948197856721
-0.7369537082669928
-0.7212723307265304
-0.7038033576921082
-0.6838663891307016
-0.6607577207994251
-0.6337608168907548
-0.6021574889719912
-0.5652397812189558
-0.5223225619439269
-0.47275682141781405
-0.4159436759865662
-0.3513490784818205
-0.27851923492578784
-1.2406523370566735
-1.2394554322134415
-1.2308418348441206
-1.2160943146908127
-1.1964148168953888
-1.1729189251109764
-1.1466310309076873
-1.1184802094725774
-1.0892968016038485
-1.0598097019992845
-1.0306443538389267
-1.002321449661986
-0.9752563385379918
-0.9497591395321784
-0.9260355614651091
-0.9041884289665387
-0.8842199148235109
-0.8660344786226946
-0.8494425116869575
-0.8341646883061766
-0.8198370232622865
-0.8060166356485645
-0.7921882189831536
-0.7777712176168224
-0.7621277094349627
-0.7445709948538234
-0.724374892110984
-0.7007837388500628
-0.6730230999996647
-0.6403111819465634
-0.6018709530031263
-0.5569429701689689
-0.5047989121868544
-0.4447558188928257
-0.37619103686057626
-0.29855787134005846
-1.2369126457731265
-1.2439134655620077
-1.2421443701414043
-1.2330552423885888
-1.2180031756952971
-1.1982471723129426
-1.1749435479920616
-1.1491420429159998
-1.1217826389288377
-1.0936930830575478
-1.0655871173283948
-1.0380634148775698
-1.011605222356063
-0.9865807086287728
-0.9632440197678549
-0.9417370403403045
-0.9220918609897797
-0.9042339523126599
-0.8879860450283432
-0.8730727164437795
-0.8591256832122417
-0.8456898003863346
-0.8322297667652406
-0.818137536536203
-0.8027404372102473
-0.7853099938521372
-0.7650714596045718
-0.7412140525066169
-0.712901898606376
-0.6792856813678962
-0.6395149973723148
-0.5927514183132385
-0.5381822592863655
-0.4750350533733403
-0.40259273251984773
-0.32020951470794573
-1.2299424196008042
-1.2453012588314603
-1.2505049927483165
-1.2471765011135303
-1.2368335311928473
-1.220883631334534
-1.2006197908425496
-1.1772167861439562
-1.1517282332505632
-1.125084346514813
-1.0980904036799004
-1.0714259172241318
-1.0456445119995201
-1.021174509164619
-0.9983202164115916
-0.9772639244875195
-0.9580686100099477
-0.9406813445766652
-0.9249374101697277
-0.9105651208537122
-0.8971913507682121
-0.8843477684145691
-0.8714777772368419
-0.8579441624970139
-0.8430374444444347
-0.8259849377795027
-0.8059605174115831
-0.7820950905111643
-0.7534877748562496
-0.7192177834729886
-0.6783570155705453
-0.6299833537702018
-0.5731946676287024
-0.5071235234558322
-0.43095260042623484
-0.3439308129854669
-1.219457637658813
-1.2433100600050702
-1.2555932791886488
-1.258109025833339
-1.2525411769300672
-1.2404509246495554
-1.2232726514492138
-1.202310511474276
-1.1787357182531653
-1.153584538687103
-1.1277569933339529
-1.1020162629863024
-1.0769888015437805
-1.0531651551796155
-1.0309014878014278
-1.01042181280626
-0.9918209311298467
-0.9750680755901178
-0.9600112615249436
-0.9463823437241139
-0.9338027796555558
-0.9217900989857877
-0.9097650793946135
-0.89705962868405
-0.882925373181495
-0.8665429524371318
-0.847032020215569
-0.8234619517817223
-0.7948632574809278
-0.7602397026132975
-0.7185811336023096
-0.6688770104576365
-0.6101306455322111
-0.5413741485735296
-0.4616840780691903
-0.37019779888667426
-1.2051282590479655
-1.237584283220874
-1.2570313134318543
-1.2654557553701047
-1.2647130618299378
-1.2565231367571619
-1.2424664455896992
-1.223980831892439
-1.2023590402863338
-1.1787469456717254
-1.1541424887459162
-1.12939531781497
-1.105207136899757
-1.082132760136231
-1.0605818724699483
-1.0408214966448193
-1.0229791664861014
-1.007046806477627
-0.9928853176332705
-0.9802298696626501
-0.96869589943107
-0.9577858157136975
-0.9468964102439784
-0.9353269750562908
-0.9222881261228341
-0.9069113332847561
-0.8882591564775189
-0.8653361882505001
-0.837100702580833
-0.8024770099814823
-0.7603685189035589
-0.7096715034328713
-0.6492895772807146
-0.5781488740688954
-0.4952139339089968
-0.39950429627587897
-1.186573781319115
-1.2277171451842563
-1.2543894012498733
-1.268767424701381
-1.2728836604417124
-1.2686217623714264
-1.2577129389630444
-1.2417330051296318
-1.2221001403876133
-1.200073353313825
-1.1767516522968058
-1.1530739225823257
-1.1298195096131491
-1.1076095086630384
-1.0869087607649954
-1.068028554933735
-1.0511300366824035
-1.0362283228335267
-1.0231973226242024
-1.0117752651055252
-1.0015709328362508
-0.9920706018706964
-0.9826456880408809
-0.9725610995328993
-0.9609842957575365
-0.9469950525151182
-0.9295959334545981
-0.9077234678268835
-0.8802600345323982
-0.8460464524628815
-0.8038952771374265
-0.7526048036327543
-0.6909737758077256
-0.6178168018220904
-0.5319804759494744
-0.4323602066846035
-1.1633586790662203
-1.2132461817052589
-1.2471816646986917
-1.2675382373859876
-1.276530723310968
-1.2762115347356326
-1.268467253448226
-1.2550159178655365
-1.2374050164294375
-1.2170101872976617
-1.1950346243288168
-1.1725091893616353
-1.150293230788462
-1.129076108422982
-1.109379424662182
-1.0915599619425507
-1.0758133264905168
-1.0621782983671246
-1.0505418878069452
-1.0406450978512272
-1.0320893932752822
-1.024343875810112
-1.0167531656582676
-1.0085459893039488
-0.9988444736173423
-0.9866741462531929
-0.9709746423436165
-0.9506111174851483
-0.9243863670200267
-0.8910536516117192
-0.8493302291146805
-0.7979115927383519
-0.7354864155053944
-0.660752201004164
-0.5724316404354187
-0.46928967595326776
-1.13498772264414
-1.1936486443606231
-1.2348615167246273
-1.2612014181145454
-1.2750709074743818
-1.2786961340613046
-1.2741236534874307
-1.2632179500558511
-1.2476596653908945
-1.2289445333626245
-1.208383021305579
-1.187100677531742
-1.1660391851377567
-1.1459581221063724
-1.1274374277021337
-1.1108805751613011
-1.0965184506760135
-1.0844139386726859
-1.0744672133846442
-1.0664217367189999
-1.059870962417758
-1.0542657465131666
-1.0489224640773007
-1.043031832265884
-1.0356684396563502
-1.0258009818801377
-1.0123032035492252
-0.9939655464769033
-0.9695075041927824
-0.9375906827520407
-0.8968325678389053
-0.8458209981643761
-0.783129345158181
-0.7073323989549741
-0.617022960674767
-0.5108291409976001
-1.1009011770111579
-1.1683367772805608
-1.2168170158953486
-1.2491246453847378
-1.2678552870792452
-1.2754137760919602
-1.2740112125940557
-1.2656627193845353
-1.2521859057542208
-1.2352000376439713
-1.2161259140971472
-1.1961864500063042
-1.1764079651541297
-1.1576221795486148
-1.1404689150524618
-1.125399503306734
-1.1126808999487374
-1.1024005051241417
-1.094471690293341
-1.0886400313320481
-1.0844902479261291
-1.0814538492606731
-1.0788174860033002
-1.0757320085817086
-1.0712222317554547
-1.0641974054819754
-1.0534623920768438
-1.037729549668266
-1.0156313219458102
-0.9857335342033797
-0.9465493956764164
-0.8965542081733465
-0.8342007810012628
-0.7579355521858409
-0.6662154159854977
-0.5575252566997839
-1.0604698806962372
-1.1366529740602547
-1.1923661012556206
-1.2306053643013068
-1.2541647441277008
-1.2656326807915992
-1.267389359985444
-1.2616047058407929
-1.250237080026028
-1.235032687138301
-1.2175256863897173
-1.1990390095877552
-1.180685885409925
-1.1633720699726633
-1.1477987836944659
-1.134466354453258
-1.123678567038
-1.1155477188945335
-1.1100003821656625
-1.1067838720254723
-1.1054734213078876
-1.1054800614294629
-1.1060592096064183
-1.1063199623659048
-1.1052350953515107
-1.1016517694230052
-1.09430294305032
-1.081819491001765
-1.0627430293264861
-1.0355394466311552
-0.998613141650901
-0.9503219671144781
-0.8889928799036693
-0.812938297506928
-0.7204731607672582
-0.6099327029243309
-1.0129902048910095
-1.0978648147960923
-1.160751707307785
-1.2048659795007777
-1.233205239345715
-1.2485464211579194
-1.2534433073403461
-1.2502247564207787
-1.2409936373832584
-1.2276264702937556
-1.2117737732200755
-1.1948611154460005
-1.1780908769796725
-1.1624447143562107
-1.1486867327345678
-1.1373673642886215
-1.1288279528925074
-1.1232060451001835
-1.1204413874192387
-1.1202826298789317
-1.1222947358924737
-1.125867098413543
-1.1302223623870409
-1.134425953494083
-1.1373963131912286
-1.1379158400439457
-1.1346425373543167
-1.1261223670829779
-1.1108023100652988
-1.0870441325217977
-1.0531388588627941
-1.0073219507873001
-0.947789192676148
-0.872713283279354
-0.7802611336977228
-0.6686118716586866
-0.9576788926664845
-1.0511599832466254
-1.1211367591169676
-1.1710489282009098
-1.204102963176777
-1.223269152160264
-1.2312793556811144
-1.2306254699540384
-1.2235585964438689
-1.2120889177249516
-1.1979862796347758
-1.182781479721841
-1.16776826198776
-1.154006017923603
-1.1423231938404728
-1.1333214044943236
-1.1273802530050143
-1.124662857069598
-1.1251220814698515
-1.1285074768740402
-1.1343729249329209
-1.1420849896699818
-1.1508319751659217
-1.1596336895373627
-1.1673519152098026
-1.1727015854848064
-1.1742626674014311
-1.1704927508918916
-1.1597403442314604
-1.1402588757826089
-1.1102214020333805
-1.067736021930008
-1.0108619975037607
-0.9376265807920359
-0.8460425470536824
-0.734126434278564
-0.8936677783145015
-0.9956410641182646
-1.0725990475410156
-1.1282116333748864
-1.1658993669003324
-1.1888307198022992
-1.1999200823806246
-1.20182646205468
-1.1969528881622495
-1.1874465230526428
-1.1751994794740495
-1.1618503442551285
-1.1487864082808354
-1.1371466027624877
-1.127825141802066
-1.1214758712507529
-1.1185173238617114
-1.1191384807370979
-1.1233052390693121
-1.1307675861764892
-1.1410674798322225
-1.153547434889528
-1.1673598161990468
-1.181476837821479
-1.1947012685342637
-1.2056778436324893
-1.212905383024043
-1.2147496156190005
-1.2094567100132476
-1.1951675114663458
-1.1699324851736292
-1.131727365832541
-1.0784695135032107
-1.0080349757632612
-0.9182762561568614
-0.8070407889380106
-0.8199983868139019
-0.9303202204756994
-1.0141259845851673
-1.075321337050225
-1.1175460738749405
-1.14417165030942
-1.158299408293931
-1.1627595101972712
-1.1601105788493673
-1.1526400438681121
-1.1423651942804418
-1.1310349374376496
-1.1201322642249347
-1.110877420565192
-1.1042317852170342
-1.1009024538670582
-1.1013475295163417
-1.1057821191611825
-1.1141850367680717
-1.126306212542906
-1.141674808494437
-1.1596080402919577
-1.1792207054172263
-1.199435417610627
-1.2189935476115692
-1.2364668701931238
-1.2502699174908942
-1.25867303862613
-1.259816165623073
-1.2517232856205411
-1.232317619377755
-1.1994375060743943
-1.1508529944048957
-1.0842831399669894
-0.9974140089444687
-0.8879173880842
-0.7356164134214386
-0.8541137512770527
-0.944609238881451
-1.0112498137324257
-1.05789967090617
-1.0881380194408887
-1.1052575450146502
-1.1122635789174717
-1.1118739733176446
-1.106519682822295
-1.098346052332184
-1.0892148111907427
-1.080706773627347
-1.0741252454948282
-1.0705001373012206
-1.0705927835357478
-1.0749014682890454
-1.083667657167623
-1.0968829355025584
-1.114296652852436
-1.1354242738005174
-1.1595564350461514
-1.1857687087904214
-1.212932072416029
-1.2397240844614172
-1.2646407668891273
-1.2860091936483973
-1.3020007855319942
-1.3106453113272862
-1.30984559526155
-1.2973929307415177
-1.2709832003871584
-1.2282337023597005
-1.1667006829838882
-1.0838975756644758
-0.9773139460969631
