Predicted value
-0.8310798756411808
-0.8924773906752201
-0.8891601548731094
-0.8403607144123761
-0.7582012992149427
-0.6499336209399345
-0.5197202058590772
-0.3699937005357976
-0.2024410723867458
-0.018666394462976577
0.17941067616679063
0.3893631745306916
0.6082164717897902
0.8325083040992554
1.058404475147917
1.28183329196345
1.4986106934026848
1.7045376899913816
1.895461782749329
2.067304097649006
2.2160636917235315
2.3378194868762923
2.428758198464753
2.4852630780486025
2.5041029136218818
2.482763156504038
2.4199609021603865
2.31638237287221
2.175675163694946
2.0057174498437766
1.8201722438436314
1.6403162647892588
1.497109670194833
1.433444433485795
1.5064751575122202
1.7898962268574659
-0.9444662308015953
-0.9417757610894405
-0.8820293043409754
-0.7844868722353092
-0.6613664365585806
-0.519994669401657
-0.36452930509647796
-0.19728384988923164
-0.01969638285401265
0.1670085114095451
0.36141169149109176
0.5616913373272062
0.7655624520742647
0.970315569933318
1.1729120121646521
1.3701002958812225
1.5585266952265813
1.7348221125382994
1.8956569683865427
2.037765394273407
2.1579492405962015
2.2530809255311106
2.320131578096844
2.3562569011251373
2.3589773275104484
2.326490996249156
2.2581574637230535
2.1551865207473053
2.021559637403235
1.8652010359257685
1.6994008272280503
1.5444736693359062
1.4296126463867376
1.3948691552350483
1.4931551534145497
1.7921237975486362
-1.0063989011391357
-0.9563168555512301
-0.8552453478079319
-0.7224115693346197
-0.5700994638038154
-0.405708891865686
-0.2334161739540433
-0.05546115716303779
0.12690251100007088
0.31274940640256765
0.501067695599016
0.6905374188823917
0.8794524024901816
1.0657398998741328
1.2470373240374055
1.4207922009551353
1.5843593783380112
1.7350781947875769
1.870321382040772
1.987516567823906
2.08414999914698
2.1577701459821887
2.206015803499821
2.2266988176946128
2.2179752446403453
2.1786402480739895
2.1085809738474173
2.0094176433086437
1.8853558111999562
1.7442617675013343
1.5989580571183861
1.4687166767288162
1.380903314774447
1.3726966588310536
1.4927719347200976
1.8027970940589144
-1.0262046408438734
-0.9423188146764362
-0.812218637596822
-0.655035288687096
-0.4830835252601957
-0.30382712519154936
-0.12147509865270373
0.06177163144174058
0.2447913388907158
0.4268903377103107
0.6073845472674692
0.7853667982932403
0.9596135492326515
1.1285875814511686
1.2904980200501037
1.4433853147593698
1.5852062428898646
1.713902193953662
1.8274425936122816
1.9238439534057497
2.0011733225621455
2.0575524994030534
2.0911858627589
2.1004397387038662
2.0840044551269084
2.041171286487801
1.972254983878984
1.8791881515397169
1.7663060005626372
1.641328614008601
1.5165324253177115
1.4100827740869626
1.3474747902920887
1.3630001001772096
1.5011215746348285
1.8175971842649181
-1.0124584007306714
-0.9056862132650998
-0.7564427072534612
-0.5836982212989033
-0.39975910242564927
-0.21213764258729462
-0.02508177688424118
0.15922106916390993
0.33973906265478043
0.5159542538868187
0.6874429110823763
0.8536342869899223
1.013704378360033
1.1665636649666076
1.3109021232575395
1.4452606311819904
1.5681048455687074
1.6778853719355717
1.7730761891090323
1.8521914678374019
1.9137887640083322
1.956473703442345
1.9789273368452387
1.9799819606767086
1.958774002744747
1.9150031905795475
1.8493252863908933
1.763900814983501
1.663114060709746
1.5544647966927585
1.4496193644692283
1.3655874751945816
1.3259660849376413
1.3621615366816806
1.514465490758035
1.8328186138813882
-0.9729161177091226
-0.8518952968176181
-0.6913361349747271
-0.5099828175194485
-0.3200911954386341
-0.12920178890146447
0.05839888773587748
0.24051946795745444
0.4161851201829178
0.585007682232765
0.7467671347767431
0.9011640900500033
1.0477026824670945
1.1856652140976738
1.3141437606040747
1.4320993124937942
1.5384255427236921
1.632001585121441
1.7117259090776873
1.7765311148236553
1.825386880657733
1.857304999035072
1.8713660728006354
1.8667916363425676
1.843087849383421
1.8002871138258754
1.7393116168412308
1.6624775365473972
1.5741500904824397
1.4815473919542208
1.3956748355504236
1.3323510909404566
1.3132613739055907
1.3669431156103364
1.5295730957907208
1.84538317309794
-0.9144814663974257
-0.7859170458015582
-0.620125789497042
-0.4355609706424214
-0.24438408777514609
-0.05413985726250714
0.1308523786068239
0.3083866547238604
0.47752015068784115
0.6379573406968583
0.7896347770472006
0.9324693907265095
1.066232454064909
1.1905128714421522
1.3047368749516584
1.4082161330083103
1.5002023614701838
1.5799333892391803
1.6466629038260165
1.6996734173253447
1.7382789799611258
1.761830457144919
1.7697414071546782
1.7615563804031142
1.7370854381368759
1.6966284886049143
1.6413102925705443
1.5735413278311878
1.497610754466598
1.4204051191748543
1.3522298085896578
1.3076892382166354
1.3065559758947187
1.3745280767952768
1.5437374812308111
1.8528300272707983
-0.8432003805702863
-0.7121716642010436
-0.5457648594695539
-0.3620790538051979
-0.17313675052737404
0.01353988608929041
0.19360877409169763
0.36484437171524103
0.5263176534015737
0.6777962267047279
0.8193344041788382
0.9510192381893645
1.072837353245468
1.184628500228241
1.2860947401019978
1.3768386716579801
1.4564097788658128
1.5243444188119752
1.5801918313007022
1.623525456295172
1.6539454257998425
1.6710839828424606
1.6746304022208174
1.6643953759489183
1.6404364111840517
1.6032652001544376
1.554154790550928
1.4955583413097582
1.431641923010796
1.3689208445612868
1.316971988742923
1.2891732488843324
1.303395007695994
1.3825373174842774
1.5547696588599946
1.853287502988682
-0.7642778421458366
-0.6345087846612669
-0.4708797684867285
-0.29107473732222555
-0.10693265330326625
0.07407540704754988
0.24759807942654827
0.41138994626059844
0.5645233067384855
0.7068059976734146
0.8383785439505186
0.9594596868151627
1.0702077441333686
1.1706659293189874
1.2607623251875282
1.3403393058779511
1.4091924544954475
1.4671050665844303
1.5138707902558324
1.5493034630804816
1.5732393940350706
1.5855428361631092
1.5861298325045263
1.575028624568389
1.552496019487728
1.5192081493178633
1.4765405540341114
1.4269461089654578
1.3744296279819366
1.325104636049168
1.287800449088026
1.2746659557448288
1.3016899950020353
1.3890265958552754
1.5609762208638713
1.8454311645630062
-0.6821120790456796
-0.5562083319355099
-0.3977407327197406
-0.22392017332661313
-0.0463584131029698
0.12755404873457682
0.2934725192527015
0.44913517929188534
0.5936079962906828
0.7267217767006383
0.8486780018211059
0.9597954500815308
1.0603676079371305
1.1506011409365908
1.230607866481517
1.3004263706411265
1.3600542734262304
1.4094778004780923
1.448691394504437
1.47770622731092
1.496552283245889
1.5052838076134893
1.504001979429244
1.4929113071073379
1.4724270885941602
1.4433499544123656
1.4071196533679693
1.3661534766140042
1.3242646766721768
1.2871425542029615
1.2628581870988411
1.2623376941691042
1.2997180896019356
1.392468824844641
1.561124661849933
1.8284322061094158
-0.6003419119714147
-0.47999759081696236
-0.3282513279308156
-0.16178674941284454
0.008053668075118883
0.17398970263748992
0.33170100007062425
0.4789157713907517
0.6146899662719388
0.7388648805689393
0.8516831058451253
0.9535376917634507
1.0448269986427352
1.1258875977466836
1.196979361273126
1.2583002028601458
1.3100124130382715
1.3522678127478538
1.3852246521223819
1.4090549415259317
1.423946347640377
1.4301075495396314
1.427789658478145
1.4173385908734053
1.3992937769913885
1.374546918463992
1.3445703062926453
1.3117171077366414
1.2795856557625478
1.2534257588563957
1.240547022287488
1.2506667646757137
1.2961079562674342
1.391725327982461
1.5544000333705363
1.8018996194243269
-0.5219035453962729
-0.4080805857586664
-0.26395299904548797
-0.10562718433835802
0.05586355020305956
0.21337851185295775
0.36264036800214444
0.5013760177749822
0.628630918729915
0.7442483743096453
0.8484968516683918
0.9418229802239931
1.0247051090759873
1.0975818066114824
1.1608310985027255
1.2147791911980015
1.2597215472350278
1.2959440965774616
1.32373771500481
1.3434045066879536
1.3552595237709664
1.3596359713690145
1.3569053121961077
1.3475256313694532
1.3321317791133656
1.311678807419239
1.2876456865232206
1.2622988586540613
1.239004490194352
1.2225639495031992
1.2195286964814513
1.2384280518360946
1.2898158492325487
1.3860093924264807
1.5403560723545942
1.7658190763508244
-0.4490936113378652
-0.3421763984179421
-0.206040969860658
-0.05617126821854232
0.09674572611629798
0.24573707437067377
0.38658754532441103
0.5170329583297429
0.6361103365379395
0.7436598056644215
0.8399643658441366
0.9255078766749393
1.0008284587322351
1.0664436589774553
1.1228247828901643
1.1704003931429359
1.2095727435237817
1.2407354879070147
1.2642860076941576
1.2806307676060689
1.2901868693200118
1.2933870555250868
1.2906984538305157
1.2826669709178327
1.2699990826943108
1.2536904462950789
1.2352059149095682
1.2167077968883353
1.201318196733098
1.1933866377001947
1.1987155241697884
1.224672986964198
1.2800948967528392
1.3748449598727266
1.518863457636292
1.720490984806816
-0.38363574722333793
-0.2835635278726756
-0.15538849434713586
-0.013932038504510538
0.1304991622474052
0.2711266167106296
0.403816127837551
0.5263236639968819
0.6376817983911618
0.7377249623970185
0.8267425931221664
0.9052431138878212
0.9738081989659637
1.0330155710419173
1.0834092918481453
1.1254987635392542
1.1597710909650178
1.1867056933620448
1.206784728439656
1.2204976326957786
1.2283425193784014
1.2308309401215318
1.2285052382458213
1.2219790313372771
1.2120108883169127
1.1996186421039745
1.1862366334697296
1.1739101450918563
1.165509987465403
1.1649352705193068
1.1772534668417125
1.2087035746469896
1.266460151336632
1.3580228420292264
1.4900574020756794
1.666469738648977
-0.32674842284748085
-0.23312783771180226
-0.11257683583016907
0.02078036716825045
0.15704780074039515
0.28966614967020865
0.41460056278264
0.5296388750997172
0.6338145853015169
0.7269560240787349
0.8093536398316827
0.8815308464970473
0.9441000543828418
0.9976839690778135
1.0428826260883448
1.0802685601577438
1.1103956185539856
1.1338108472865367
1.1510632385451545
1.1627075569575591
1.1693055918529203
1.1714306429082275
1.1696834676591696
1.1647289316900964
1.1573618361933875
1.1486074833210487
1.1398571076549844
1.1330299825111605
1.1307424329810625
1.1364487839155977
1.1545000707860584
1.1900427748281632
1.2486515414026613
1.3355564324037408
1.4542863801286456
1.6045057816027164
-0.27921212752345287
-0.19141203606712434
-0.07792876756608481
0.04783952796366256
0.17643409769871052
0.3015371969682545
0.4192306022713846
0.5273457790350905
0.6249234469456816
0.7117870462321582
0.7882247695365919
0.8547680162880342
0.9120499801169465
0.9607262251209198
1.0014391740336117
1.0348100508715947
1.061444622752356
1.0819427006051698
1.096905416749184
1.106938429103962
1.1126530374411152
1.1146703668956983
1.1136359082468916
1.1102524335633734
1.1053382600038153
1.0999146441813359
1.0953203848566684
1.0933431231324282
1.096344987094372
1.1073447622991062
1.1299993109555038
1.1684031414032756
1.226596475870946
1.3076385088110136
1.412063420676566
1.5354917431351867
-0.2414343885007231
-0.15866500039426315
-0.05154375934365511
0.06728019728014147
0.18880769165745567
0.30698230272853644
0.4180183385578668
0.5198023227429456
0.6113890012041282
0.6925993171029637
0.7637176473245284
0.8252784742386913
0.8779282116402777
0.9223457441728272
0.9592050054793249
0.9891642421100395
1.0128691181666216
1.0309601400870905
1.0440786521924201
1.0528695019363177
1.0579820295396323
1.0600739301638356
1.0598243982983202
1.0579634239180828
1.0553227985258402
1.0529109367399558
1.0520076559409157
1.0542662129586364
1.0617978031848352
1.0771980141431483
1.1034550227589106
1.1436552636546045
1.2003735050701698
1.274600379783818
1.3640210610028418
1.4604135779193868
-0.2135114170415491
-0.134889589892961
-0.03333335119105157
0.07927402982964817
0.19441095036616254
0.3062991735585549
0.41129977350988045
0.5073650980004307
0.5935708798715151
0.6697387643729907
0.7361490639314163
0.7933361341162629
0.8419540153742171
0.8826975346804621
0.9162635399350791
0.9433379780265482
0.9645967553069326
0.9807113670888719
0.9923537809971571
1.0001986379016123
1.0049241240373972
1.007215499097908
1.007776867878297
1.0073569877684987
1.0067933413576573
1.0070750029312172
1.0094186200318138
1.015342746829675
1.02671343512169
1.045718041664782
1.0747042775629285
1.1157972368822895
1.1701781278795584
1.2368743215090945
1.3108707585387283
1.3803073489665771
-0.19528547067175353
-0.11988788634709203
-0.023055518529222704
0.08410489931944674
0.19356283115637934
0.2998319939854092
0.3994325538568499
0.49039251341651363
0.5718154063530932
0.643527259363521
0.7058050389362885
0.7591810986574667
0.8043131131874535
0.8419062578525223
0.8726735982581657
0.8973214227752558
0.9165482124893105
0.9310487285518517
0.94151793614517
0.9486528077818833
0.9531530867227498
0.9557244742243685
0.9570890624369042
0.9580077983749604
0.9593179637963587
0.9619847213580727
0.9671593393900586
0.976227396350399
0.9908177118132312
1.012726584008516
1.0436917647939985
1.084926101808911
1.1362915547502217
1.1949599785397405
1.2533672909283007
1.2962220361257553
-0.1863972805196674
-0.11330307032855745
-0.02034710464617452
0.08214485118770502
0.18664220908268062
0.28796116874257244
0.3827912147371043
0.46924467455844
0.5464592957225379
0.6142693682397552
0.6729499020202938
0.7230303973121217
0.7651694504060794
0.8000784468991986
0.8284815410969586
0.8510996329724962
0.8686477637998111
0.8818378884529738
0.8913819767284035
0.897993478216618
0.9023879855376583
0.9052860794748084
0.9074224670084512
0.9095652597801213
0.9125472164201646
0.9173066177651191
0.9249287895871233
0.9366697633715507
0.9539308022248099
0.9781361464860208
1.0104459823682737
1.0512119372815425
1.0990529877042614
1.1493951598882404
1.1922784406161846
1.2091885249967427
-0.18633312279484596
-0.11465737561268409
-0.02475363763990853
0.07383148859685047
0.17407157620040303
0.2710924903939029
0.3617610152734428
0.44428113145706605
0.5178306023377626
0.582255831949879
0.6378316813034158
0.6850847027431028
0.724672703763107
0.7573103130678926
0.783728922829344
0.8046596523638784
0.8208294501551836
0.8329627535925143
0.8417838892953748
0.8480182517671143
0.8523928746765654
0.8556389376226138
0.8584996621056291
0.8617465739262179
0.8662048756699164
0.8727843126304627
0.8825050587882572
0.8964984266088311
0.9159492457726509
0.9419301918066543
0.9750578062736798
1.014875066002593
1.058835760123613
1.1007312507242768
1.1283600560758147
1.1201947349116348
-0.19446631480147197
-0.12338577176174996
-0.035756061456604406
0.05964737243580017
0.15630179331252556
0.24964650456814566
0.33673121990651583
0.4158574193482309
0.4862479038268092
0.5477648176489751
0.6006848865864467
0.6455321502825186
0.6829626813106519
0.7136923099284329
0.7384568436427742
0.7579943144553398
0.7730400344049888
0.7843273220808004
0.7925893094590579
0.7985598800346965
0.8029741560862497
0.806570675347507
0.8100981056730487
0.8143286707927557
0.8200780312664634
0.8282268125883285
0.8397319273653673
0.8556059309201832
0.8768295098583205
0.9041454614101099
0.9376618080195084
0.9761666370224432
1.01602748964873
1.0495132773089155
1.0623364065045935
1.0301666770419837
-0.21009308989618197
-0.13886520461379298
-0.05279409580099975
0.04010182595786976
0.13379838081573356
0.22404864619258244
0.30808847654462196
0.38432111244595724
0.4520185011999594
0.5110617727033661
0.5617315614682641
0.6045501688795547
0.6401715492424872
0.6693114092705346
0.6927079636924633
0.7111037199330842
0.7252397026590313
0.735855404693207
0.743690094703382
0.7494835544760786
0.7539764898104169
0.7579123894222851
0.7620431260511608
0.76713973352433
0.7740071831703359
0.7834972529993478
0.7965063637970413
0.8139351780246018
0.8365734504948594
0.8648567145174599
0.8984205138885698
0.9353526800570838
0.9710142353438087
0.9962645075368249
0.9948855988493618
0.9399550934202118
-0.23246295395234925
-0.16043937833186464
-0.07528609898374905
0.01571537041937717
0.10702966643582229
0.19472054709240613
0.2762107657801168
0.3500079303444054
0.4154362316507666
0.4723985265788356
0.5211812903134844
0.5623060422735148
0.5964246293616745
0.6242518497480621
0.6465269504266979
0.6639951626263129
0.6774012811253948
0.6874889769324416
0.6950016879593481
0.7006831895530966
0.7052779363725847
0.7095326194177092
0.7142007273508796
0.7200508699111579
0.7278768435223729
0.7385025254530203
0.7527673034117156
0.7714675125715676
0.7952158920242949
0.8241640178843676
0.857511651009102
0.8927015838866506
0.9241685139843824
0.9414753400594117
0.9266297039251973
0.8503272132573538
-0.26080374964857594
-0.18743919219030278
-0.10264544266179321
-0.012993121781241821
0.07645696319933157
0.16207276669692317
0.24146224301081157
0.3132382808432416
0.37677933181186424
0.4320121245206093
0.47923068244718087
0.5189567537202184
0.5518403441115461
0.5785949515729998
0.5999599617172784
0.6166821090922482
0.6295085692423567
0.6391857517034213
0.6464598445522575
0.6520772472445514
0.6567848505372496
0.661331310619711
0.6664706494851198
0.6729683253743519
0.681606986132826
0.6931840748510026
0.7084859315253146
0.7282126569925758
0.7528144063715322
0.7821825890043171
0.8151183007423737
0.8484748326800585
0.875840918418825
0.8855961299597847
0.8581291406867196
0.7619630729294727
-0.2943417557242254
-0.21919905186539
-0.13429351938838452
-0.045516586898565664
0.04252682947563474
0.12649907189881893
0.2041891658235573
0.2743144901194331
0.33630865336517574
0.3901237384680604
0.43606271528559737
0.47464852512523803
0.5065297422025297
0.5324184456610574
0.5530536219127784
0.5691826911591664
0.5815542443161172
0.5909164175029866
0.5980171510826293
0.6036045092690464
0.6084269048664075
0.613234112081977
0.6187799888799904
0.625826499328021
0.6351455561459635
0.6475100245146697
0.6636575704506431
0.6842005310192235
0.709441259655549
0.7390350882044313
0.771421778291313
0.802920738610859
0.8263549919816522
0.8290335168790662
0.7898807929379059
0.6754557789259407
-0.3323172277052307
-0.2550693601238726
-0.16966959438535847
-0.08136736847421724
0.005665362875742787
0.08837228788254897
0.16471699098069947
0.23351885976152326
0.29426641850461815
0.34693788364685346
0.39184619890871447
0.4295163404273969
0.4605959154461887
0.4857956421945111
0.5058538238766631
0.5215180464840456
0.5335376687695724
0.5426618634882964
0.5496396422291756
0.5552200821535213
0.5601525020302214
0.5651872374304647
0.5710775711295925
0.5785819149750481
0.5884621440313597
0.6014686830198435
0.6182951692464447
0.6394748956700002
0.6651774028194015
0.6948461692358215
0.7265969773095314
0.7562708351140401
0.7760049454275175
0.7721497608869005
0.7223192794578706
0.5913150474382675
-0.37399584596508273
-0.2944255569301806
-0.2082377834474336
-0.12008245618559371
-0.03372560025515183
0.04804165750648016
0.12334863733231824
0.19111259877421946
0.2508756083465825
0.30264207227973
0.3467355253761807
0.38368364206467653
0.4141335149854817
0.438794660130306
0.458404586015399
0.47371073790108453
0.4854628269994357
0.49441060924810787
0.5013037188867177
0.5068918190667678
0.5119247353711318
0.5171530187287212
0.5233291720983212
0.5312082007768822
0.5415428395759739
0.5550634017198094
0.5724243144634176
0.5940886854243459
0.6201083117799031
0.6497390321185653
0.6808098581629434
0.7087385411168431
0.7250557553445824
0.7152645507810657
0.6558207652103265
0.5099733286524883
-0.41867657781478557
-0.3366741255877877
-0.24949149085274863
-0.16122662322347994
-0.07527056953082431
0.0058315811247443596
0.08036384149218653
0.14733560578567467
0.20634000151344917
0.25740695738841274
0.3008707854165661
0.33726230687615266
0.36722849122064377
0.39147785427664034
0.4107471077775526
0.4257833965897423
0.43733653326383043
0.446156572094268
0.4529934870092247
0.4585972596545259
0.46371797629395534
0.4691062049379065
0.47551360774728896
0.4836920685539456
0.49438621160680074
0.5083086857087026
0.5260796180666242
0.5481008347517271
0.5743214299699342
0.603833674692295
0.6342167169017191
0.6605196710927809
0.6737451540284496
0.6586587274259184
0.5907086865274154
0.4317938167251019
-0.46569648407761766
-0.3812560110578976
-0.29295567605142686
-0.20439376038426235
-0.11862100363190893
-0.03795843989705523
0.03601948069721479
0.10240702088124433
0.1608448213122142
0.21138695825721168
0.25437827151517484
0.2903529423819099
0.3199581149073416
0.3439015087232948
0.3629190986475876
0.3777576654102225
0.3891669835141563
0.3978972367507095
0.40469856955229155
0.41032112349696603
0.4155151031946201
0.4210309947973268
0.4276196538010546
0.4360302169563735
0.44700030629641047
0.461227411835177
0.4793022937027225
0.5015743646795268
0.527904930585305
0.5572465090811395
0.5869648474727583
0.611794347371001
0.6222870088872572
0.6025793597310783
0.5272607654484454
0.3570796564064827
-0.5144330087657027
-0.4276479105255161
-0.3381873372006562
-0.2492067293331134
-0.16345469490631478
-0.08305286574908158
-0.009449299547103914
0.056526426279770475
0.11455790672799371
0.16472131332790776
0.20737133842180694
0.2430454945720897
0.27239128568187554
0.296115813173886
0.3149544028016588
0.3296534656744412
0.34096267117758416
0.34963223997809445
0.35641239253439144
0.36205334279440693
0.36730533838116675
0.37291874784405743
0.3796437128112878
0.388227048428785
0.39940051962709855
0.4138489738349752
0.4321387030703227
0.454575470200448
0.4809474958879232
0.5100909946403837
0.5391942007761497
0.5627298683169893
0.5708755931387675
0.5472456214643117
0.46571670628479805
0.28608368286043007
-0.564304284501622
-0.47536189607490215
-0.3847746047765399
-0.2953160676302414
-0.20947421325374777
-0.1291984155002482
-0.05582733811508232
0.009875548995660722
0.06763129338480751
0.11753547462941404
0.15995155823096543
0.19542012266036557
0.22458909718126582
0.248165100626086
0.26688290287122446
0.281488571675602
0.29273164812402297
0.30136234446803345
0.30813090899619366
0.31378758400712986
0.3190826253165673
0.32476628531794827
0.3315881167493803
0.34029306131171605
0.35160817644771414
0.3662081552446468
0.38463963887657576
0.40717333857199234
0.4335388050917908
0.4624789384457793
0.4910396493773169
0.513484097319371
0.5196902673854902
0.49285494182005973
0.40628599950792577
0.21901807094822445
-0.6147679676855441
-0.5239438164593362
-0.4323348309857458
-0.3423978755790234
-0.2564046891307306
-0.17616183407676442
-0.10291728629622536
-0.03737969477377088
0.020203074227666172
0.06994273884863564
0.11221008598708665
0.14754827325027434
0.17660560350810992
0.20008829941268627
0.21873066020781926
0.23327845102355463
0.24448108594788723
0.25308875080558263
0.25985170006617914
0.26552018496412855
0.27084445705781346
0.2765746733950044
0.28345993650438556
0.2922437649102558
0.30364963808456863
0.31834452402130164
0.3368601082568995
0.35944043048141333
0.38577042920211496
0.41452212654899134
0.4426334845637872
0.46420896150534624
0.4689001221480696
0.4395889400615471
0.3491553027519985
0.15606332263425823
-0.6653190875625516
-0.5729709008700562
-0.4805120419897249
-0.39015120121853936
-0.3039912063542845
-0.22372735882003744
-0.15053720512109828
-0.08508697599699776
-0.027600595515361807
0.022046002354894782
0.06422914177049154
0.09949387455899489
0.12848871857518404
0.15191953838627467
0.17052023419287543
0.18503631376021173
0.19621707779449823
0.20481268196652816
0.2115733789727677
0.21724942194766453
0.2225910565136763
0.228348373091876
0.23527016411007468
0.24409896275138213
0.2555557611981978
0.2703021472589406
0.28885938913158327
0.31145296917341686
0.33773684922461306
0.36633397258825684
0.3941078015157578
0.4150536842980929
0.41866817313437177
0.38761870315389996
0.29449492462045473
0.09737608476202683
-0.7154873537619626
-0.6220489537920314
-0.5289740915069165
-0.4382952163096269
-0.35199605648712706
-0.27169410083461676
-0.19851811495437552
-0.1331053048179822
-0.07566347999067934
-0.02606047056666893
0.016083514959967425
0.05131456927642137
0.08028117638693565
0.10368883953725531
0.12227111802412079
0.13677330789347836
0.14794461579756724
0.15653517022086624
0.16329522021223225
0.16897501898960365
0.17432480862856248
0.18009464282100832
0.18703313770939026
0.19588225637952575
0.20736154104520102
0.2221294385946602
0.2407011503069273
0.26329140549885016
0.2895363419459714
0.31803090344600465
0.34559646717699644
0.366167420857357
0.369154752456032
0.33710902364232753
0.24246400262047155
0.04309536277808292
-0.7648343190264206
-0.6708094879459277
-0.577409817639877
-0.4865664444190484
-0.40019607942078106
-0.3198735333526165
-0.24670166113385128
-0.1813028973443902
-0.12387734908297825
-0.07428936680313514
-0.03215799562076074
0.003062910841772445
0.03202148510832842
0.0554228361130542
0.07400023156886011
0.08849880192347602
0.09966768230193976
0.10825697998992558
0.11501694072188885
0.12069781761576279
0.1260498523560693
0.13182308948397567
0.13876609172021526
0.1476206374390734
0.15910579104298903
0.17387897337191988
0.19245345273363668
0.2150406579747231
0.2412715135414482
0.26973324301900786
0.29723641250109156
0.31770101864348554
0.3205197987096573
0.2882212816371449
0.1932140404552829
-0.00665322241848898
-0.8129507391893214
-0.7189070934221121
-0.6255264612505823
-0.5347162636566329
-0.4483802808013512
-0.36808724955161587
-0.2949380334310855
-0.22955527371917717
-0.17214026795396603
-0.12255881433432068
-0.08043127714887524
-0.045212539070439685
-0.016255180629997243
0.0071454648896493445
0.025722421838413424
0.0402207046753508
0.051389402958721485
0.059978610685801494
0.06673857135344168
0.0724195380799365
0.07777175484719503
0.08354528070367166
0.09048873392719359
0.09934405799688856
0.11083073607904911
0.12560713590713948
0.14418848274544002
0.16678996488319986
0.1930493041258162
0.22156540334564334
0.24916804464174105
0.26980768534937216
0.2729238153505263
0.24111472818035945
0.1468905506153786
-0.05175539891837766
-0.8594544124606855
-0.7660172868797955
-0.6730475553442474
-0.5825088627312998
-0.4963478776318409
-0.4161651171343578
-0.3430842457670106
-0.2777436760285037
-0.22035516326730722
-0.17079110413821372
-0.12867578516105102
-0.09346625571443347
-0.06451618780354067
-0.04112140283089775
-0.022549063058807543
-0.008054212167289897
0.0031122250320696214
0.011700339382240138
0.018460373725999204
0.024142581273950994
0.029497210178762168
0.0352743528484233
0.042222775824406006
0.051084896601531135
0.06258142788936683
0.07737349782421434
0.09598190685038818
0.11863222871373037
0.14498033456329593
0.17365524585307862
0.2015346338886909
0.2226424117882476
0.22652733863649974
0.1959460060207003
0.10363263425994342
-0.09210860020904797
-0.9039887162098476
-0.8118350265783748
-0.7197114421857894
-0.6297197812296106
-0.5439068802007061
-0.463943917976597
-0.3910028474001838
-0.3257538627737592
-0.2684287107804804
-0.21891167900186045
-0.1768336401161388
-0.14165496072441328
-0.11273077124499391
-0.0893574071274036
-0.07080214145160471
-0.056320004481225296
-0.045161896617596654
-0.036577717140132304
-0.029817221803793686
-0.024130157481933617
-0.018766271278495915
-0.01297542457321787
-0.00600862899294331
0.0028772689927610887
0.014404925586960321
0.02923986491315001
0.04791178027007396
0.07066278040231769
0.09717751892487388
0.1261325328787455
0.15448059325713007
0.17636006654198905
0.18148883214302552
0.15286682644944607
0.0635704203035474
-0.1276247866016861
-0.9462219931542496
-0.8560740184946624
-0.765270519729515
-0.676135114850907
-0.5908732728948315
-0.5112665197401387
-0.4385610991823902
-0.37347530240294585
-0.31627055774630874
-0.26684839551899925
-0.22484893901688977
-0.1897369928608391
-0.16086947265841453
-0.1375432156983408
-0.11902550050986138
-0.10457125336728228
-0.09343130187641364
-0.0848555193302416
-0.07809365825179661
-0.07239546713864008
-0.06701069057150612
-0.06118913923522893
-0.05418155270897802
-0.04524383380085296
-0.03365077841485727
-0.01873102913203141
5.6986452132243665e-05
0.022977540379083006
0.04975392046148527
0.07912644941933769
0.10814863415190715
0.13111215079872657
0.13796100298063482
0.11201980588220237
0.026820377954046147
-0.1582357047083103
-0.9858478716431498
-0.898466877324903
-0.8094912628576695
-0.7215514152221012
-0.6370708099222009
-0.5579815839974056
-0.4856306099119285
-0.4208007532227508
-0.3637928613875775
-0.31453103597510323
-0.27266725556786436
-0.23767181148864397
-0.2089036628206326
-0.18566008071519358
-0.16720820437491896
-0.15280274204956076
-0.1416943895741648
-0.13313297609817368
-0.12636825138721483
-0.12064997111157132
-0.11522788555277814
-0.10935176284821431
-0.1022720499387984
-0.09324356247276439
-0.08153806873482199
-0.06647716190061453
-0.0475047692471036
-0.024329396066152375
0.0028198843830170885
0.03276223580084052
0.06267584798286543
0.08704227437399624
0.09608561391822164
0.07353255184597406
-0.0065213897799649805
-0.18390045703287194
-1.022586538029131
-0.938766145240286
-0.8521550093631018
-0.7657762633287488
-0.6823313959611875
-0.6039437735877231
-0.5320873897750924
-0.46762618236328307
-0.41091009305337667
-0.3618910177644161
-0.32023527549342057
-0.2854195791780422
-0.2568050937587974
-0.2336893839531447
-0.21533925687273445
-0.2010090622237532
-0.18994929511425654
-0.18140972313753817
-0.1746401000927624
-0.16889020312910166
-0.1634098079433045
-0.1574486676087907
-0.15025695435285544
-0.1410883298131887
-0.1292111976815058
-0.11393913286645464
-0.0946993430659551
-0.07116867161654505
-0.043520464369990616
-0.012842967821182357
0.0181888295379822
0.044280485950625725
0.05598694416275274
0.0375101734805284
-0.03638767134600182
-0.20461515329831023
-1.0561869144148894
-0.9767461123249273
-0.8930594470414119
-0.8086294470031262
-0.7264959777355424
-0.6490143820898756
-0.5778122418170533
-0.5138509438085858
-0.4575390280015275
-0.40886122091799537
-0.3675004887769345
-0.3329407467627862
-0.3045454060482598
-0.28161209723235076
-0.2634070476559212
-0.24918408028137518
-0.23819341315605036
-0.22968474060674085
-0.2229078399210755
-0.21711254004613292
-0.211548681461505
-0.20546605854884156
-0.19811463716855565
-0.18874695045265213
-0.17662786471639988
-0.16106224456661375
-0.1414588014264783
-0.1174589524919514
-0.08917321726865367
-0.05758490599661589
-0.025201978139127872
0.002936660622951432
0.017764128102886644
0.004026475122161045
-0.06275019964540253
-0.22042431668018422
-1.0864296338138244
-1.0122053271420643
-0.9320206881445361
-0.8499446277705447
-0.7694158319527669
-0.6930622719162972
-0.622691379790494
-0.5593781063036409
-0.5035988145436319
-0.4553758307126617
-0.4144108391761246
-0.38019554459139804
-0.3520954981867424
-0.3294080680300118
-0.3113985940670588
-0.2973201775064645
-0.28642268046634844
-0.2779557253663407
-0.271169154029154
-0.26531290353739895
-0.2596369492581715
-0.2533912247863223
-0.2458256235530271
-0.23619168718513558
-0.22375076106860728
-0.20779861765196933
-0.18772418250898737
-0.16313041674943418
-0.13405898170881175
-0.10137740764794682
-0.06740847713736285
-0.036906785575059914
-0.01851732557563032
-0.0268858284593271
-0.08563085444760643
-0.23143362312261712
-1.113130648436386
-1.0449696353133384
-0.9688757722566959
-0.8895713421380816
-0.8109540994045791
-0.7359649760774853
-0.6666171330598917
-0.604114797668586
-0.5490109950038692
-0.5013700736440422
-0.46091421488546735
-0.4271432690299778
-0.39942465173489744
-0.37705502787281125
-0.35929847938435255
-0.3454071669334507
-0.33463052247655306
-0.32621812082110535
-0.3194199425598813
-0.3134861281124203
-0.30766690266867286
-0.3012124942988081
-0.2933729420528181
-0.28339906720989044
-0.27054892863633595
-0.254109172157977
-0.2334481836341489
-0.20812823572166114
-0.17811724882404964
-0.14415773712001248
-0.10837135054093625
-0.07520252280665901
-0.05283446381694632
-0.05524546151937514
-0.1051135535182664
-0.2378234618397962
-1.1361452568759538
-1.0748955398235611
-1.0034853998509732
-0.9273771485811981
-0.8509873857775424
-0.7776097935967962
-0.7094885779572513
-0.6479724141592207
-0.5936993360456032
-0.5467797127485418
-0.5069576541211674
-0.47374124498662223
-0.4464992990358691
-0.4245272152570054
-0.40708738286776286
-0.3934307845353997
-0.38280636189010414
-0.37446370165515824
-0.36765304481528005
-0.3616248848095844
-0.3556298734533279
-0.34891876484882467
-0.34074206762648407
-0.33035031414764726
-0.31699876148760586
-0.29996528278569895
-0.2785975585855389
-0.25241580577802253
-0.22131055638866792
-0.18589178940481782
-0.14806639580317266
-0.11194588959979586
-0.08521583578899414
-0.08113301915013779
-0.1213562957683767
-0.23986272142214926
-1.1553722938841082
-1.1018736404451566
-1.0357366678364177
-0.9632497055092983
-0.8894072283256031
-0.817894691341656
-0.7512119215573035
-0.6908665334755439
-0.6375893188771045
-0.5915401638150193
-0.5524861371629227
-0.5199433447932129
-0.49328132130328245
-0.4717935068354674
-0.4547400996350767
-0.44137065524663954
-0.43093359034717754
-0.4226786128427042
-0.41585640969608506
-0.4097180496966965
-0.4035148697108128
-0.39649847955217243
-0.3879203121705114
-0.3770312320578877
-0.36308446530411315
-0.34534989927944104
-0.32315498817061594
-0.29597746223131105
-0.2636281433156975
-0.22657878673020063
-0.18651036934926965
-0.14718199598199208
-0.11574996983349418
-0.10470093826408064
-0.1346027515958069
-0.23792213013648347
-1.1707581936615308
-1.1258318826785396
-1.0655455567774739
-0.9970985488371368
-0.9261212154802083
-0.8567288171433622
-0.7917004597326317
-0.7327163693029749
-0.6806071421251845
-0.6355850989031466
-0.597440843465751
-0.5656979526663228
-0.5397257751641488
-0.5188149619232575
-0.5022229603289902
-0.4891976464788255
-0.47898691613626815
-0.47084077373115846
-0.46401062033238827
-0.45774841539548106
-0.451306542983675
-0.44393792076286187
-0.434895519063775
-0.4234313773750475
-0.4087977864639728
-0.3902579156038377
-0.367120175803384
-0.33882039117108953
-0.3050887712904119
-0.2662551074176907
-0.22376592412790083
-0.18101187541071806
-0.14459284984620946
-0.1261824130517286
-0.14519273677510716
-0.23248641249979923
-1.1823006156133047
-1.1467383303929544
-1.0928589086256182
-1.0288563319210247
-0.9610535451837985
-0.8940324319699618
-0.8308739380278615
-0.7734436153400316
-0.7226781032292388
-0.6788444192478328
-0.641756770320381
-0.6109452836411758
-0.5857779668264447
-0.5655417074717618
-0.5494905832540746
-0.53687054473077
-0.5269290237111167
-0.5189165801940502
-0.5120857000664772
-0.5056896637238371
-0.4989823921954388
-0.49121871191690003
-0.4816539316766667
-0.46954236515892595
-0.45413682959705315
-0.4346955750259012
-0.41050991916354096
-0.38097544974933967
-0.3457423789013481
-0.3049968624176693
-0.25994520061962134
-0.21359718600493285
-0.1719738263327211
-0.145898619484434
-0.1535708582221187
-0.22416446848312285
-1.1900513117921165
-1.1646031723926995
-1.117655635213327
-1.058479297002984
-0.9941448186947545
-0.9297360840611989
-0.868657162822854
-0.8129705490875009
-0.7637242495240416
-0.7212415075436402
-0.68535963965809
-0.6556139977969295
-0.6313698263765385
-0.6119091250120676
-0.5964819266324548
-0.5843320260857577
-0.5747065157924258
-0.566856872303764
-0.560037160437524
-0.5535025496781325
-0.5465091404313446
-0.5383144451979264
-0.5281771314641355
-0.5153551787841221
-0.4991038018367359
-0.4786787138624012
-0.45335692051057547
-0.4224966124406214
-0.38567023570455083
-0.3429208316848477
-0.2952116228502879
-0.2451629465131474
-0.19819937580827587
-0.16426358495402069
-0.16029258418273937
-0.21369673823046906
-1.1941179192456572
-1.179479682892198
-1.1399469128888535
-1.0859467674083003
-1.025350891292248
-0.963778876797085
-0.9049777429037607
-0.8512173017135093
-0.803661229213579
-0.7626897112357828
-0.7281620634313493
-0.6996170962339896
-0.6764155817651534
-0.6578333491369629
-0.6431156573150741
-0.6315039403015876
-0.6222451575729083
-0.6145921831449789
-0.6078012990243984
-0.6011302928244086
-0.5938382646654339
-0.5851863948265771
-0.5744379806530735
-0.5608563886409834
-0.5437015551001863
-0.5222296760258782
-0.4957071234730486
-0.46345878151369
-0.42498327944857006
-0.3801833830301045
-0.3297794557160515
-0.275997791101181
-0.22365411435164448
-0.1817860243802548
-0.16602696933612374
-0.20195888542493484
-1.1946643796613903
-1.1914638808259173
-1.159775148982681
-1.1112594850282644
-1.0546406411738736
-0.9961057261182942
-0.9397628893937533
-0.8880982515323129
-0.8423943266562095
-0.8030880652609858
-0.7700589970211822
-0.7428471460905528
-0.7208067942781302
-0.7032061503437257
-0.6892849161575316
-0.6782819922941348
-0.6694445064673373
-0.6620273477445051
-0.6552898173935546
-0.6484932331979874
-0.6409007178113868
-0.631778332898349
-0.6203955591097327
-0.6060232370522444
-0.5879288460214861
-0.5653727750595813
-0.5376154045591199
-0.5039537358503029
-0.4638183506635936
-0.4169770217417789
-0.3639106998688704
-0.30645124087462067
-0.24879847844835745
-0.1990674645402258
-0.17155525842756178
-0.18996091786484268
-1.1919097245286943
-1.200692674511717
-1.1772115527588953
-1.1344366695562496
-1.0819925743533796
-1.0266635640132094
-0.9729352664782155
-0.9235175665080545
-0.8798137372494365
-0.842316336148203
-0.810922585791655
-0.7851709593620624
-0.7644068961758129
-0.7478893549626348
-0.7348516407915754
-0.7245299855607829
-0.71617209142242
-0.7090356310980702
-0.7023839084396215
-0.6954828864916094
-0.6876009583992515
-0.6780105384676883
-0.6659891561981011
-0.65081761489124
-0.6317742981042772
-0.608128241558615
-0.5791395047101939
-0.5440840447957211
-0.5023320864439618
-0.45352426157658576
-0.3979089370038945
-0.33692752053285535
-0.27416251023411997
-0.21679599544686665
-0.1777646018212513
-0.17884086589378434
-1.1861250179812244
-1.2073403378947145
-1.1923522085830955
-1.1555117459975632
-1.1073902579961685
-1.0553965233990252
-1.0044079679580766
-0.957364007184079
-0.915789226186517
-0.8802295609718187
-0.8505966036974177
-0.8264239458796901
-0.8070454681883984
-0.7917090529148568
-0.7796407051613864
-0.7700738909515897
-0.7622574044903869
-0.755452632395388
-0.7489280595629408
-0.741955629108811
-0.7338104972208402
-0.72377318246485
-0.7111314677813647
-0.6951790417852358
-0.6752091337187918
-0.6505046731975158
-0.6203321614113317
-0.5839548443901367
-0.5406923009951025
-0.49006856814332717
-0.43210979309841047
-0.36787549714935114
-0.30033522634059245
-0.23573502279292463
-0.18563614425410332
-0.16985215952528987
-1.1776283230070086
-1.2116132438891591
-1.2053126336986615
-1.174526776607703
-1.130816668842529
-1.0822402381187954
-1.0340787968457916
-0.9895052070096839
-0.9501644239229794
-0.9166523658145276
-0.8888907962175703
-0.8664044759782987
-0.8485126111400039
-0.834449961643984
-0.8234342534137357
-0.8146961226394412
-0.8074860856411893
-0.8010703402475399
-0.7947239348668186
-0.7877263590377126
-0.7793612839091418
-0.7689193825028696
-0.7557012574416715
-0.7390168677669475
-0.7181788462082684
-0.6924901034893075
-0.6612314966457434
-0.6236634635768734
-0.5790667658396497
-0.5268622057074838
-0.4668677614422736
-0.39977438625252676
-0.32794911121898807
-0.2567064502476787
-0.1962267955445242
-0.16434388488161603
-1.1667776512863532
-1.2137428806740562
-1.2162209087113085
-1.1915257440956821
-1.1522476586286714
-1.1071155112186275
-1.0618241484471096
-1.0197817736552732
-0.9827511408048045
-0.9513734806094649
-0.925575574304373
-0.9048687246065077
-0.8885539036074619
-0.8758504532139526
-0.8659667449988901
-0.8581305426317077
-0.8515948211070123
-0.8456318524712302
-0.8395248373436274
-0.8325626149267266
-0.8240393910874877
-0.8132583541505773
-0.7995358709643524
-0.7822020412647372
-0.7605941060577386
-0.7340419253537811
-0.7018498318021795
-0.6632869992776858
-0.6176094089490338
-0.5641509194975289
-0.5025392226378476
-0.43311495960914004
-0.35765935853808034
-0.28056779621253225
-0.2106440605307918
-0.16373316139276983
-1.1539619740040172
-1.213977299650367
-1.2252095971037287
-1.2065469661249382
-1.1716448761895573
-1.1299217466253588
-1.0874929431142368
-1.0480017040397933
-1.0133242354375152
-0.9841410219573526
-0.9603776629643197
-0.941526627367471
-0.9268665976669129
-0.9155989127283464
-0.9069213896207374
-0.9000588771709612
-0.8942676373854455
-0.88882743524881
-0.8830314123190505
-0.8761797946837988
-0.8675796109084186
-0.8565492402799987
-0.8424241456174899
-0.8245589378631523
-0.8023213412799296
-0.7750760480392007
-0.7421612389793614
-0.7028680730337379
-0.6564440809521949
-0.6021555091603529
-0.5394616165993492
-0.46837610085342757
-0.39011758948812053
-0.30818284797423656
-0.23001339654809586
-0.16946896454229907
-1.1395905120481313
-1.2125712905993495
-1.232406822303744
-1.2196150783199078
-1.1889486476811673
-1.1505307052809035
-1.1109012245781835
-1.0739357789069814
-1.0416177474826507
-1.01465929422037
-0.9929774889978766
-0.976039761694684
-0.9630978889080593
-0.9533322813680798
-0.9459288364359312
-0.9401094143570988
-0.9351344588400253
-0.9302927817270427
-0.9248894377036738
-0.9182382978406703
-0.9096617599661337
-0.8984963791086297
-0.8841004322222095
-0.8658579177864076
-0.8431736023545574
-0.8154558323878824
-0.7820883004466307
-0.7423991596988574
-0.695646189438157
-0.6410504965594926
-0.5779288634131274
-0.5059966908263283
-0.4259399060368361
-0.3403855785068697
-0.25543768176751475
-0.18298682626653548
-1.1240806905201997
-1.2097757518591572
-1.237927048476725
-1.2307332056076274
-1.204071503559221
-1.1687813381710292
-1.1318282349359807
-1.0973148013453045
-1.0673232071210106
-1.042588063346073
-1.0230092987786326
-1.0080221745285638
-0.9968463064684456
-0.9886378479321672
-0.9825691931088908
-0.9778590637537051
-0.9737730080949283
-0.9696105408073518
-0.9646907563267272
-0.958343624289198
-0.9499096951760511
-0.9387469760149223
-0.9242406499192355
-0.9058094790240575
-0.8829025176844832
-0.8549815413279948
-0.8214887357807567
-0.7818060619053662
-0.7352226806799841
-0.6809402641018439
-0.6181632971977287
-0.5463429656559026
-0.465669291844046
-0.37793719893176947
-0.28794851818010675
-0.2056539778798429
-1.1078453359039098
-1.2058269225258988
-1.2418623157719813
-1.2398761512566407
-1.2168932550623426
-1.1844766669795108
-1.1500149994479894
-1.1178297691164372
-1.0900912618866498
-1.0675454889379727
-1.050065230218722
-1.037045412932593
-1.027667505324262
-1.021059590265624
-1.0163786884481627
-1.0128400970836218
-1.0097153665902947
-1.0063164244817113
-1.0019786422640329
-0.996050697273969
-0.9878942767362834
-0.9768923755748014
-0.9624615223590732
-0.9440610988963514
-0.9211923680710749
-0.8933812612774975
-0.8601427708712268
-0.8209313141681281
-0.7750910533300646
-0.7218332396821697
-0.6602845712915645
-0.589671678688476
-0.5097325551134231
-0.42147639431431894
-0.32844926038082556
-0.23870466007590557
-1.0912799160415037
-1.200936371252124
-1.2442749136894014
-1.246985670886015
-1.2272587654362748
-1.197383929769425
-1.1651667047576355
-1.1351363245047383
-1.1095380184177415
-1.0891161595302414
-1.0737048247110688
-1.0626492775384808
-1.0550860079359123
-1.0501106338354766
-1.0468625588459268
-1.0445531558384087
-1.0424607792119904
-1.0399114680473505
-1.0362591580870448
-1.0308739421802626
-1.0231417761847101
-1.0124743900141167
-0.9983244012426059
-0.980198111112669
-0.9576575596275492
-0.9303044973272857
-0.8977423660363364
-0.8595185390154142
-0.8150583222367092
-0.7636149326159578
-0.7042762156625606
-0.6360896138360576
-0.5583922176095388
-0.4714629935237992
-0.3776498570561153
-0.2831655126101981
-1.074750874711052
-1.1952828936259468
-1.2451927390127047
-1.2519691664712957
-1.234979833467869
-1.2072394856076747
-1.1769604344465976
-1.1488651090912834
-1.125257783356138
-1.1068659653084294
-1.0934717563262535
-1.084360112003979
-1.0786147370518382
-1.0752936904363555
-1.073516035082214
-1.072488408189639
-1.0714965833004224
-1.0698823133559758
-1.067020354818249
-1.0623049461547123
-1.0551495193077487
-1.0449984298625576
-1.0313453701818216
-1.0137502494758082
-0.9918450553090776
-0.9653199220953111
-0.933883693385913
-0.8971990459016447
-0.8548011139755917
-0.8060208830559386
-0.7499507798442671
-0.6855102442051405
-0.6116939938614685
-0.5281155567733614
-0.4359938176717114
-0.33977117416740893
-1.0585863955519943
-1.1890077588338035
-1.2446088788452816
-1.2547034344378194
-1.2398429105392095
-1.213760279872668
-1.185060137448613
-1.1586399658566373
-1.1368442056226673
-1.1203658631119724
-1.108919878338511
-1.1017187662706847
-1.0977845074888921
-1.096131667037095
-1.095855633704748
-1.0961570654627573
-1.0963294700434056
-1.0957317123853
-1.0937614925460877
-1.089839848403888
-1.0834108767088353
-1.0739555034946748
-1.0610136402028612
-1.0442058047938256
-1.0232436373079057
-0.9979190664776347
-0.9680645577695409
-0.9334822633330689
-0.8938483704426343
-0.8486108768218414
-0.7969147784225074
-0.737608607481043
-0.6694107756768553
-0.5913436286575127
-0.5035778737593462
-0.40887047212570377
-1.0430712458158506
-1.1822150678050205
-1.2424872861495995
-1.2550454337707435
-1.2416247088292942
-1.2166640125843513
-1.1891410492306806
-1.1641062787926144
-1.1439221730658151
-1.12922694192361
-1.1196510427275728
-1.114320728788285
-1.1121860034977251
-1.1122109945851906
-1.1134633176200237
-1.1151358290823878
-1.1165296467338193
-1.1170218083280927
-1.1160348185958386
-1.1130189685992622
-1.107452070671971
-1.0988555059192
-1.0868205993414424
-1.0710356897454567
-1.0513022174066735
-1.027528081631988
-0.9996887926276039
-0.9677519270888398
-0.9315684643834307
-0.8907460997826795
-0.8445349725916691
-0.7917757799264374
-0.7309843409684152
-0.6606757014802881
-0.5800651938786706
-0.49032386391330673
-1.0284477003898493
-1.1749793407729774
-1.2387767762976092
-1.2528524061515671
-1.2401181289491474
-1.215700526936444
-1.1889261642774307
-1.1649721222207003
-1.1461932014934921
-1.1331495846615793
-1.1253675381165906
-1.1218713144922137
-1.1215271613532714
-1.1232406206327639
-1.1260464851973828
-1.1291272337875935
-1.131790863089974
-1.1334331455428914
-1.1335028333376431
-1.1314815726416942
-1.1268836570244378
-1.1192746050948192
-1.1083022641500022
-1.0937300888708807
-1.0754597914694248
-1.0535300768804579
-1.0280800332823206
-0.9992703141127588
-0.9671628925041842
-0.9315712623819306
-0.8919078720361795
-0.8470746754785992
-0.795466344014321
-0.7351842648844487
-0.664593335249692
-0.5833931078778012
-1.0149249322194978
-1.1673628436315813
-1.233435969953323
-1.2480140819186134
-1.2351713416620578
-1.2106973457587527
-1.1842377727487603
-1.1610653097396226
-1.1434974748169404
-1.1319899454084925
-1.1259424171273167
-1.1242592226495474
-1.125709305549344
-1.1291300394018235
-1.133517177561336
-1.1380392835125133
-1.1420096952611272
-1.144842789566699
-1.1460144026048678
-1.1450391025705648
-1.141469966478864
-1.1349199576748217
-1.1250983020125187
-1.1118507889926774
-1.0951900490434605
-1.0753009492762557
-1.0525076771331259
-1.0271932140511055
-0.9996691092863778
-0.9700041170544332
-0.9378347278364555
-0.902199276763123
-0.8614605181007132
-0.8134096847165551
-0.7556784746773898
-0.6866244935208871
-1.0026996781075903
-1.159445591082993
-1.226472241595803
-1.2405001446099653
-1.2267433018796916
-1.2016227313587011
-1.1750675256884553
-1.1524098876226085
-1.1358961529284906
-1.1258474217022123
-1.1215114468278806
-1.1216522431891223
-1.1249258528885842
-1.1300901998340451
-1.1360943612941174
-1.1420882440980127
-1.1473879487383736
-1.1514254054195079
-1.1537035417613573
-1.1537706621079884
-1.1512202528841926
-1.1457154468806365
-1.1370312514128775
-1.1251027406781597
-1.1100641010121206
-1.0922620688111802
-1.0722282843212572
-1.0505987699854165
-1.0279754992778962
-1.0047352206155304
-0.9808047107156945
-0.9554398223483787
-0.927068432494665
-0.8932850581605756
-0.8511178581897836
-0.7977273500568793
-0.9919914503579392
-1.1513714318289832
-1.2179982056170768
-1.2304266044475647
-1.214979455303168
-1.1886701305517626
-1.1616689833083762
-1.1393261110222006
-1.1237780604667746
-1.115177300644577
-1.1125909172819393
-1.1146193932722235
-1.1197879033104639
-1.1267616377369591
-1.1344336499564642
-1.141928963409435
-1.1485625476281542
-1.1537816480992165
-1.1571152011606827
-1.1581450526730397
-1.1565057974037052
-1.1519126346410722
-1.1442100641917805
-1.1334288952998992
-1.1198352788447685
-1.1039536701112733
-1.0865461551680833
-1.068533798121722
-1.050851958923081
-1.0342412616739476
-1.018989431200137
-1.0046569307107027
-0.989841595335271
-0.972064634909692
-0.9478928442495911
-0.9134499799980906
-0.983096066328036
-1.1434141284199844
-1.2083097846609836
-1.2181452488266564
-1.2003119203617132
-1.1723683931561872
-1.1446771311248365
-1.1225584749829816
-1.1079954062600845
-1.1009332968196752
-1.1002260846465979
-1.1042843091057752
-1.111481580956698
-1.1203747238103003
-1.129789374125813
-1.1388176359502018
-1.1467678240879005
-1.1530987649394535
-1.157362927550257
-1.1591741981506622
-1.1582077593320566
-1.1542316596760758
-1.147162630821545
-1.137132896302016
-1.124550489701618
-1.1101333284442463
-1.094897343536653
-1.0800817145156467
-1.0670000723891402
-1.0568157811960581
-1.05025246062694
-1.04726813763128
-1.0467431837750434
-1.0462588769882353
-1.0420753909436895
-1.0294556323202149
-0.9764618111219457
-1.1360678933086477
-1.1979904591715633
-1.2043608971512905
-1.1835889919561224
-1.1537227202642777
-1.125259920546981
-1.1034369474762271
-1.0900337614467754
-1.0847452808202491
-1.0861756082762446
-1.0925153028166767
-1.1019625752012132
-1.1129475065792485
-1.1242144975134116
-1.134812517146769
-1.1440357096366238
-1.1513488968478722
-1.1563238623540897
-1.1586033817207786
-1.1579011475282077
-1.1540373943169788
-1.1470025282935976
-1.1370347789017505
-1.1246931839335448
-1.1109044664094536
-1.096961929681966
-1.08445675680175
-1.0751274208124184
-1.0706216639964548
-1.0721780558663854
-1.0802508615677366
-1.094123214019438
-1.111579754248988
-1.1287413546697675
-1.140201639182028
-0.9727931348588784
-1.1301674346246147
-1.1880468944592986
-1.190281789670263
-1.1662394204060096
-1.1343919096763928
-1.1053075053772288
-1.0840771699211884
-1.0722221455169234
-1.0691381210248259
-1.0731379673362826
-1.0821581220597007
-1.0941939606366806
-1.1075272595413912
-1.1208045076212614
-1.1330187236033105
-1.1434399610037582
-1.1515311958246321
-1.1568771671859133
-1.159144346111033
-1.1580809127431484
-1.153556797005395
-1.1456358518160172
-1.1346654511148342
-1.121363606836608
-1.1068804492654944
-1.0928099836085947
-1.0811297918215725
-1.0740511623911804
-1.0737703716141258
-1.0821238775948783
-1.100166392402595
-1.127711538265089
-1.1629004400216068
-1.2018945279918296
-1.2388253926318789
-0.9731874166601222
-1.1270432016600922
-1.180081783436254
-1.1778090867845656
-1.1504775703946173
-1.1169081214608458
-1.087665505047185
-1.0676260534115058
-1.0579897352677816
-1.057798229615229
-1.065026512980617
-1.0773181223882282
-1.0924340487775468
-1.1084825166173327
-1.1239920848022509
-1.1378839312504279
-1.1493912286330192
-1.157964551045978
-1.1631926408654656
-1.1647579811976028
-1.1624368319263723
-1.1561440660662152
-1.1460146576240813
-1.1325063921552225
-1.1165026663436601
-1.0993904829378527
-1.0830873019104443
-1.0699916474739786
-1.062836663257782
-1.0644335242209406
-1.0773031234279147
-1.1032101243329977
-1.1426336743931111
-1.1942341833413046
-1.2544059489915407
-1.3170414346948123
