Predicted value
-2.344926501374319
-1.9194980692529684
-1.5454776523734124
-1.208341485234372
-0.898271016855326
-0.6086753918505017
-0.3351577483278547
-0.07481246862825576
0.1742375863500249
0.4131357788034581
0.6424738677549516
0.8624032949399864
1.0727056355220275
1.272842808736989
1.4620001370134923
1.6391296077816493
1.8029965512651336
1.9522302212463947
2.0853772753000452
2.2009567175016946
2.2975153113358844
2.3736836146442286
2.4282344531705204
2.460147655770278
2.468687043855178
2.4534978213348935
2.4147344703971805
2.35323084412854
2.2707251804195403
2.1701530640178355
2.0560207561851507
1.9348696153789924
1.8158393689126289
1.7113335858449417
1.637784666612159
1.6165078263331925
-1.899349415040471
-1.5105876837765613
-1.175897639434543
-0.8799931948791473
-0.6124126460315162
-0.3660211686133434
-0.13595843807122154
0.08108102461778346
0.2873254540518186
0.48423316061659216
0.6726850865091382
0.8531043250905752
1.0255328293987072
1.1896861426620788
1.344999520562369
1.4906731029887725
1.6257196533133254
1.749015636986986
1.8593548797096768
1.9555035497604856
2.0362555704837764
2.1004886086101515
2.1472223232449736
2.175682420178595
2.185376057858509
2.1761861161113596
2.148493587709182
2.1033387073363166
2.042632213628287
1.9694281689184414
1.8882688593394452
1.8056102861817254
1.7303334591067754
1.674341934146794
1.6532396255905057
1.687074682055211
-1.5320511698844863
-1.1723955770236272
-0.8693568041630738
-0.6069506177033274
-0.3741285217563781
-0.1632620931004915
0.03092659386585612
0.2121003376736697
0.38279831027860683
0.5447552736644454
0.6991039744175573
0.8465024990109342
0.9872169597850979
1.121180556431971
1.2480426413735317
1.3672157309768027
1.4779242692574657
1.5792561877931797
1.6702167361914821
1.7497835028330373
1.8169618269359327
1.8708407414577632
1.9106510031663815
1.935828482564429
1.9460880234441733
1.9415146608746863
1.9226806285801012
1.890797713152564
1.8479150445535437
1.7971721710894508
1.7431160736989992
1.6920884501574698
1.6526859658840303
1.6362910456295023
1.6576639906204917
1.7355785699386501
-1.232591459946191
-0.8957385026909425
-0.6179158701751665
-0.38250099172879404
-0.17791057516774467
0.003931397500141818
0.1686789570873608
0.32031404555335696
0.46165097984849374
0.5946668427395552
0.7207131721935629
0.840650755057721
0.9549380101797511
1.0636941919618026
1.1667512788294976
1.263702753422535
1.353953353671627
1.4367710975154286
1.5113412800274995
1.5768215313642826
1.632397228407588
1.6773373934561155
1.711052511017227
1.733157269859412
1.7435429132047746
1.7424654764663692
1.7306575304643532
1.709471949784745
1.6810665120720523
1.6486376257692175
1.6167100023322147
1.591486455449214
1.5812580454826106
1.5968693134232548
1.6522261862971237
1.7648251063922835
-0.9915502547015145
-0.6722826107546864
-0.41431793564426767
-0.20045119611833825
-0.018612364304893686
0.13968010329058816
0.2804187817593661
0.4078705153146315
0.5250929084435857
0.6342751687858919
0.7369585475854725
0.8341781742310187
0.9265568561868716
1.0143722357171936
1.0976113814195332
1.1760212669060495
1.2491594721988089
1.3164466567366946
1.3772207175226308
1.4307918830679809
1.4764981246132138
1.513761011817183
1.5421433219087166
1.5614111503806474
1.5716047888749154
1.5731240531550514
1.5668348821860982
1.5542047095389517
1.5374741518031878
1.5198717866266893
1.5058770265988364
1.5015331556536664
1.514808303187286
1.555996308856922
1.6381418992543468
1.7774651775210426
-0.8004817635148779
-0.49451626431768125
-0.25197951732544427
-0.05513636512401314
0.10852543130750181
0.24785440776702355
0.3691476587614725
0.476926225652198
0.5744626790744759
0.6641316916998268
0.7476386860144293
0.8261683121848415
0.900483384470549
0.9709958022186181
1.0378237244359094
1.100843676475934
1.1597421646975383
1.2140685812481724
1.2632895175925725
1.3068438932452682
1.3441983665694286
1.374903148672212
1.39864941055498
1.4153307789625054
1.425112779015668
1.4285153229040755
1.4265142848556205
1.4206686644861863
1.413279644661553
1.407586817372055
1.4080048030257335
1.420400246204569
1.4524045554979756
1.5137515877250045
1.616621578878755
1.7759628166702324
-0.6518619895840004
-0.35571486541275776
-0.1249720897787375
0.0585824481634972
0.20786184173334668
0.3320462535218405
0.4377064402771235
0.5295901030917791
0.6111596250490614
0.6849516516999912
0.7528134024270242
0.8160573940996317
0.8755652336396331
0.9318621143865558
0.9851764536826241
1.0354935570802573
1.0826081092091744
1.1261774938223947
1.1657762570675816
1.2009512697993396
1.2312771379562473
1.2564119758705867
1.2761546170559788
1.2905055117254032
1.299734771226449
1.3044618879390648
1.3057524061606247
1.3052370663007762
1.3052585125213017
1.3090493639811662
1.32094312328099
1.3466158537414423
1.393351620993501
1.4703181852021605
1.5888311692860397
1.76257473693044
-0.5390316537884143
-0.24989955959845617
-0.027996074609011958
0.1453295229474548
0.2833526520602482
0.39555256482497736
0.4887456512783416
0.5678815630490035
0.6365901701898646
0.6975494272008573
0.7527288042365033
0.8035498590159993
0.8509946052124567
0.8956833952891874
0.9379369010715997
0.9778312649903437
1.015251430101872
1.049944858883543
1.0815761406088282
1.109782186031087
1.1342276373387805
1.1546606020879004
1.1709696732658232
1.1832442449917695
1.1918411958095734
1.197461910275556
1.2012441657849726
1.2048734465117765
1.2107175811553221
1.22198705709115
1.2429207617081452
1.278993063378177
1.3371328908438143
1.4259386220218757
1.555863972502466
1.73933950157172
-0.45613605264361295
-0.1717914703918747
0.043650986692910315
0.2092328249558431
0.3385557765921716
0.4413681620782046
0.5247064919511741
0.5937001753453126
0.6521267599694873
0.7027873615066004
0.7477566709236745
0.7885489771010932
0.8262308307168637
0.8615021246540545
0.8947602975337244
0.9261569015087254
0.9556517343827506
0.9830669406409162
1.0081417572900295
1.03058773970553
1.0501441711648845
1.0666337586110268
1.0800194676312327
1.0904642728536433
1.0983965171525218
1.104584305411242
1.1102227273159861
1.1170375299402044
1.1274079659270368
1.144509748081192
1.1724761673401545
1.216571299604153
1.283363658962019
1.3808814716529278
1.5187217678490785
1.7080745382286282
-0.39806321333066186
-0.11676291077372071
0.09411054896975797
0.25394786052953333
0.37664328689446713
0.47218642584931847
0.5478106256954588
0.6088050900938128
0.6590774651471603
0.7015361100070611
0.738346136545105
0.7711004851659522
0.8009366038577411
0.8286205372708975
0.8546132331862276
0.8791284563743854
0.9021876857584424
0.9236745811663196
0.9433898619973201
0.9611065630239174
0.9766254435033359
0.9898306459803156
1.0007463518198043
1.0095959828131738
1.0168662733509302
1.023379106845809
1.0303741945195957
1.0396052955320563
1.0534515559279642
1.0750435012054171
1.1084000746624616
1.158568692256475
1.2317544057088563
1.3354167502032963
1.4783035224563292
1.6703794103809506
-0.3603815220306236
-0.08078682968682069
0.12700213308627242
0.28268562136529546
0.40041861497552284
0.4904061663930421
0.5600571474021007
0.614802561666565
0.6586645428762028
0.6946447443920488
0.7249858675374534
0.7513473930595729
0.7749259950170387
0.7965424496303646
0.8167099246593287
0.8356931688431167
0.8535641370514437
0.8702568062452114
0.8856221813305054
0.8994835797069178
0.9116920399573106
0.9221819448982211
0.9310275033051713
0.9385014192422012
0.9451377142570033
0.9518010769491118
0.9597651177757197
0.9708013256248587
0.9872791778559069
1.0122755683797036
1.0496883101219479
1.104343760081085
1.1820824283525107
1.2897985881417209
1.435400223126955
1.6276439527539908
-0.3392778290586883
-0.06038557614595412
0.14546419122656204
0.2982433907302469
0.4123376350552304
0.4981433387374516
0.5632253127484141
0.6131400962168201
0.6520104295981457
0.6829190411893613
0.7081751202984161
0.729494306818825
0.7481225596257209
0.7649256962980788
0.7804595453795186
0.7950303409141304
0.8087510385311836
0.8215964641003803
0.8334584411345207
0.8442011028760427
0.8537163005649712
0.8619791919452764
0.8691045548216
0.875404940625734
0.8814522836891425
0.8881448344412416
0.8967811102600802
0.909141777389548
0.9275788124022468
0.9551087633267512
0.9955032599691509
1.0533649313385178
1.134170396631323
1.2442538261378004
1.3906945409009055
1.58106005618279
-0.3314968750789249
-0.05257990179828814
0.15219577414274657
0.30303734844994706
0.4145324959985094
0.4972464140445142
0.5588817817428691
0.6051059224407738
0.6401298158298999
0.6671065591613825
0.6884022415523746
0.7057797941383811
0.7205260326488101
0.73354363910124
0.7454230569197694
0.7565040200815335
0.7669325230800329
0.7767162857613598
0.7857799966367252
0.7940206512989095
0.8013629602683932
0.807814904163982
0.8135238847297506
0.8188343791520935
0.8243483734646009
0.8309899498614193
0.8400750536186703
0.8533864892554622
0.873252413748005
0.9026238282393722
0.9451426399605461
1.005186594192557
1.087870583251792
1.1989753468679243
1.3447642071434074
1.5316360527321224
-0.33428273650139423
-0.05483897403429588
0.14949815785620177
0.29913606541005805
0.4088372320679212
0.4893143755264797
0.548391289180369
0.5918326464091233
0.623926615671274
0.647887274250524
0.6661293399580127
0.6804554843270407
0.6921862690392432
0.7022543806911181
0.7112781487440558
0.7196241387965534
0.7274647393711965
0.7348339264182296
0.7416826168991514
0.7479340323247549
0.753539106179444
0.7585320069644392
0.7630861323337386
0.7675712806753635
0.7726129457035613
0.7791546283722344
0.7885235398929685
0.8024989010396271
0.8233800474425897
0.854048549416367
0.8980143692215136
0.9594305297325224
1.0430536774647172
1.1541191110020859
1.2980881342615371
1.4802128039242128
-0.3453228545334635
-0.06503203556325951
0.13931572591365055
0.28829411918686326
0.39681432265850125
0.47571645220196374
0.5329298015235725
0.5743040998646709
0.6041947939969489
0.6258686923307175
0.6417820102715199
0.6537707489218958
0.6631832450292924
0.6709764699250822
0.6777910502803954
0.6840148550190437
0.689841161873187
0.6953247050406226
0.7004371334006456
0.7051223979653711
0.7093521588822295
0.7131812775580714
0.7168036595429423
0.7206089598891552
0.7252407759857783
0.7316567545571316
0.7411903508032939
0.7556126197480554
0.7771902139421628
0.8087325289441376
0.8536164996644225
0.915771727908115
0.9996012354841295
1.109804009261282
1.251054455741527
1.4274807342844391
-0.36269509079090223
-0.08138222224968188
0.12327552982892379
0.2719851912205972
0.3797815026059603
0.45761283669222674
0.513499354490368
0.5533645278540116
0.5816221523353083
0.6015844994862198
0.6157431321281135
0.6259619510252123
0.6336120780253657
0.6396700302717753
0.6447941237387629
0.6493889833004101
0.6536642519999427
0.6576909053471127
0.6614568085275258
0.6649221265589269
0.6680747308718812
0.6709856617230862
0.6738648254657638
0.6771172502001804
0.6814002139053963
0.6876812170078118
0.6972959176700291
0.71200360408194
0.7340353649018575
0.7661266579258921
0.8115212892556918
0.873927721885101
0.9574009549322842
1.066113773902399
1.2039697895740429
1.3739971795573915
-0.38481814238613365
-0.1024229384715693
0.10272506528301784
0.25143412315306307
0.3588382439919299
0.4359757545749702
0.49094388878798495
0.5297293864245802
0.5567963008618871
0.5754959373857801
0.5883498946320878
0.59724538169638
0.6035721541387158
0.6083223745683003
0.6121682789333166
0.6155275392602881
0.6186224785822179
0.6215366353624326
0.6242704140585797
0.6267965167755628
0.6291153494244056
0.631310455633089
0.6336040740423563
0.636412960761312
0.6404044898513928
0.6465525619499628
0.656191835733396
0.6710670700510792
0.6933717474333092
0.7257664634845802
0.7713626326162818
0.8336506998463683
0.9163440821951281
1.0231003127327956
1.1570691467834224
1.3202035343571759
-0.4104055505152647
-0.12695708782299478
0.07876790549570724
0.22764751605301026
0.33489143859257786
0.41161036301553716
0.4659655134760135
0.5039971348586005
0.530212159233245
0.5479952080353088
0.5598933159370355
0.5678131208583198
0.5731595725065516
0.5769372904344285
0.5798293730579789
0.5822635425816569
0.5844718285302666
0.5865473657856453
0.588500132866527
0.5903124038698175
0.5919941542076385
0.5936384672240047
0.5954769571548415
0.5979351749022885
0.6016877179258608
0.6077121454060828
0.6173396259076636
0.6322983382561925
0.6547428284416829
0.6872586172711225
0.7328261764074931
0.7947217655515353
0.8763243720418529
0.9807879372658032
1.1105260131850216
1.2664417881823702
-0.43842344827662844
-0.1540193661560214
0.05229692640702499
0.20144255173480663
0.3086799077152556
0.3851750559693234
0.43914072784936625
0.47666151001838564
0.5022804336433896
0.5194103182612146
0.5306196343388837
0.5378311686500051
0.5424622250208333
0.5455272909614588
0.5477178693861499
0.5494693352391913
0.5510210505756243
0.5524733796971425
0.553843509509025
0.5551209205414329
0.5563227922646369
0.5575493836198471
0.5590393272822436
0.5612246352676091
0.5647848552856507
0.5706990629286602
0.5802930455606572
0.5952769508365522
0.6177656573302193
0.6502699979816605
0.6956415501837124
0.7569468205149893
0.8372381185850117
0.9391780543867206
1.064462228147873
1.2129701321331419
-0.46805211528594765
-0.1828417432553586
0.024024941401999046
0.1734738007236565
0.28079745362749947
0.35720084268006885
0.41093622399357416
0.44812386332856063
0.47333661198506033
0.49001087018508716
0.5007330445805238
0.5074392914597975
0.511556929371277
0.514108225428061
0.5157911297047701
0.5170467730791346
0.5181199768065855
0.5191164682417347
0.5200587776335804
0.5209417270185085
0.521787835113706
0.5227026729704565
0.523930035178982
0.5259065618210343
0.5293149783403404
0.5351342352412839
0.5446833482298858
0.5596534832752129
0.5821196212908597
0.6145187949120802
0.6595762363715431
0.7201536319525415
0.7989848661198298
0.898253978392108
1.0189573695235101
1.159977401801351
-0.49865133812126433
-0.21282218837742944
-0.005487363237273103
0.1442578571196056
0.25171424458925623
0.32810954597209896
0.38172397376434414
0.41870522420574285
0.44365010382783776
0.46001439018404855
0.47039934056372323
0.47675211549373825
0.480508122910351
0.4826957352378101
0.4840178064357251
0.48491974057141224
0.4856503588333694
0.4863192993247149
0.48695298465786374
0.48755012751092286
0.4881371350992872
0.48882344115971643
0.48985655973578834
0.49167633999007343
0.49496732664667226
0.5007071176849102
0.5102069807580253
0.5251385636966007
0.5475371335723364
0.5797672243405009
0.6244306862460985
0.6841897321664293
0.7614684880683262
0.8579855979789472
0.9740574295015842
1.107596195149551
-0.5297295162488849
-0.24349663297827823
-0.03580623667622462
0.11419570714840328
0.22179639413825208
0.2982306374361343
0.35179537636663205
0.3886578278505856
0.41343322756975937
0.4295928658754298
0.43975010396723846
0.44586108015436454
0.44936770524695163
0.4513031215087626
0.4523738823292554
0.45302852104169566
0.4535187383205487
0.45395696953324965
0.4543724174955521
0.4547665734830016
0.45516862128071667
0.45569074670655885
0.4565830796159977
0.4582875980874957
0.46148964649210356
0.46716458166716085
0.4766152856385613
0.49149369046598784
0.513795872017854
0.545815506014428
0.5900343627057762
0.6489208672727577
0.7245983926513492
0.818333701180091
0.929782632454436
1.0559145682372766
-0.5609164023641768
-0.27451411071630955
-0.06660240457438545
0.08359279604558853
0.19132365523557127
0.2678165885235636
0.3213743064411714
0.358175910726492
0.38284981406450347
0.39887922900507283
0.40888714786524594
0.4148369342146403
0.4181756891575659
0.4199402632599461
0.4208399788202296
0.42132562844827703
0.421650945791704
0.42193032393235563
0.4221949076635273
0.42244812874820453
0.422721109547026
0.42312795128886405
0.4239205699338984
0.4255422662458384
0.4286784385435449
0.4343015878397257
0.44370584689265186
0.45852350829297145
0.4807122532787019
0.512496813714379
0.5562424557821395
0.6142297766102361
0.688290675505138
0.779253820853973
0.8861343033216412
1.0049862668784748
-0.5919393235424971
-0.3056149697606604
-0.09763128430808124
0.05267680758650257
0.16050520163934245
0.237056670278687
0.2906289580940837
0.3274056342493177
0.3520232547578378
0.3679735822410996
0.3778869858129287
0.383732520253781
0.38696138285467685
0.3886132894186115
0.3893996191044305
0.38977277228150053
0.3899878875300337
0.3901606945686429
0.39032366041463357
0.3904815376806961
0.3906667677810515
0.39099474915775523
0.39171857264078
0.3932822739207025
0.39637077803731696
0.40195333396831817
0.4113151800363406
0.42606926413712726
0.4481358879234545
0.4796729722556575
0.5229330736472168
0.5800151392898772
0.6524690927342136
0.7406995146254112
0.8431007442473673
0.9548394992079807
-0.6226026947502743
-0.33661201507844657
-0.12871577611429963
0.021613212534920816
0.12949351292455683
0.20608918043798347
0.2596824281134254
0.2964540466886055
0.321043873370519
0.3369490202650263
0.34680515050192645
0.3525856475627327
0.3557448823575386
0.3573247644011409
0.358038189204007
0.35833868491773796
0.3584823385544088
0.35858576693157546
0.3586823110768406
0.358777596354683
0.35890493525078615
0.35918057676237997
0.359858346894132
0.3613826000449242
0.3644374322884261
0.3699886158967578
0.37931252112872105
0.3940032174991024
0.41594481366041014
0.44723072386012996
0.4900047608821773
0.5461905716377075
0.6170657733348308
0.7026250366260798
0.8006621185037174
0.9054842931831538
-0.6527706086286681
-0.3673744082286026
-0.1597314993880219
-0.009481322977775208
0.0983964163920512
0.17501211539551942
0.22862202219094976
0.2653970355189347
0.289975543925774
0.30585694069523195
0.31568023247295696
0.3214219012124208
0.3245387011558355
0.32607419628521095
0.3267423902345442
0.3269975912410818
0.3270965105287097
0.327156334756785
0.32721096303017705
0.32726657764791867
0.32735704646571895
0.32759915465865563
0.32824715599167514
0.3297454396340852
0.3327770492870557
0.33830418812725127
0.3475945170021281
0.362223825640147
0.3840413485592042
0.4150784300659687
0.4573742374345647
0.5126835992321577
0.582021628018508
0.6649873944834658
0.7587943746977107
0.8569185147347921
-0.6823522645467414
-0.39781412877096156
-0.1905943175833901
-0.040527550126893463
0.06728736919517672
0.14389233655981248
0.19750730179352982
0.23428625794540503
0.25886151492348236
0.27473177875961063
0.28453754899184597
0.2902572756932016
0.29334940602773507
0.29485871907676403
0.2955000182464037
0.2957281440396399
0.295800207548799
0.29583374789458017
0.29586300620277
0.2958945057664038
0.2959624539864604
0.29618395771522155
0.296813490940178
0.2982952935398663
0.3013112333132628
0.3068199518283791
0.316080659050494
0.3306515633930557
0.35234844398168585
0.38314311173095195
0.42497428650164315
0.4794345603302166
0.547286442698878
0.6277478142414489
0.7174722713537586
0.8091326470948043
-0.7112899852420504
-0.42787478422098735
-0.22124997563234655
-0.07147413035169368
0.0362140878442486
0.11277330639537674
0.1663769168922342
0.20315506654572663
0.22772943019581446
0.24359513174034328
0.2533923865340668
0.2591005559648544
0.26217916325606794
0.26367383676815787
0.2642999448756792
0.2645126860751813
0.26456942053179305
0.26458789599482685
0.2646025531023698
0.2646201137486389
0.2646749826028593
0.26488444724160376
0.26550306788490485
0.266974824607062
0.26998035932289666
0.27547483302630027
0.28470933687727507
0.2992252699933005
0.32080644839779343
0.3513677597096662
0.3927517480205605
0.44639542419723827
0.5128186697628784
0.5908726587496578
0.6766715826730203
0.7621134502524521
-0.7395495604384443
-0.457522544057591
-0.2516656600172631
-0.10228985183457294
0.0052056503121138825
0.08168148943740618
0.13525429154354066
0.17202347040843174
0.19659556192596134
0.21245926552971808
0.22225278786727667
0.22795539738851112
0.23102712906538025
0.23251414726912667
0.23313220309089988
0.2333367313004712
0.2333852428919674
0.23339560296242012
0.23340236170543324
0.23341234977541866
0.2334600793846583
0.2336629304329365
0.2342754679346591
0.2357413541982567
0.2387400078242673
0.2442232428188299
0.25343441616540374
0.26789894225637845
0.28937021885486847
0.31970887293241185
0.3606655970075237
0.41352852869011847
0.4785849492147089
0.5543338620180458
0.636370581081486
0.7158466320118795
-0.7671126531680285
-0.48673896713813336
-0.28182328313096716
-0.1329574020289577
-0.02572179125530545
0.050631528276198504
0.10415224581222901
0.1409021902879685
0.16546829095830498
0.18133001664739606
0.1911218769568406
0.19682207933074483
0.1998906423640369
0.2013739893554905
0.20198810804608358
0.20218858394354788
0.20223301681228276
0.20223933400122415
0.202242141487789
0.2022483250306769
0.20229245084511607
0.2024919389381031
0.2031013138653278
0.20456389839279943
0.20755792656172406
0.21303203516193506
0.22222226781416254
0.23663891494166345
0.25800653707423293
0.2881341993693944
0.3286851031536376
0.3808052568779557
0.444559405343636
0.5181089535833017
0.5965509015755999
0.6703186692266988
-0.7939710056411107
-0.5155154905054365
-0.3117142898428731
-0.16346852284328353
-0.05656054123624826
0.019630314414577556
0.07307664921470011
0.10979587962847659
0.13435088436053416
0.1502091192620729
0.15999973233156675
0.16569892572123052
0.16876619730498127
0.17024797600751082
0.17086036393450782
0.17105903557805027
0.17110164119573326
0.17110613907423003
0.1711071609847145
0.171111617915915
0.1711541003275433
0.17135203989945696
0.17195989925718844
0.1734206636294212
0.17641144503462886
0.18187789659943387
0.19104919317729854
0.20542138575995314
0.226691802452504
0.2566206692134678
0.29678808034005755
0.34820468300392
0.41072277321020567
0.4821807535603554
0.5571978973433336
0.6255179199582278
-0.8201221869189244
-0.54384935050082
-0.34133578477804644
-0.19382037347621747
-0.0873079849790303
-0.011319920507662002
0.042029208230424456
0.07870559231447463
0.10324363070139421
0.11909599861970604
0.12888483262141687
0.13458339999453223
0.1376501882617851
0.13913139338597857
0.13974312426620097
0.1399410973390692
0.13998298979210327
0.1399867742493537
0.13998709299950193
0.13999086710085235
0.14003269621294442
0.14023000996795176
0.14083720230361488
0.1422969376301935
0.14528528319383466
0.15074511672485133
0.15989920361870633
0.17423025468701525
0.1954099851326328
0.22515251904388353
0.26495924256525916
0.3157122241824411
0.37706141345533806
0.4465368212409614
0.5183005961654248
0.5814351650281444
-0.8455666338633719
-0.5717407138392069
-0.3706877832213701
-0.22401292810762785
-0.11796415749162119
-0.04221936586779557
0.011009493963527664
0.047630583174107205
0.07214540016757785
0.08798908029197672
0.09777510720141197
0.1034728921392738
0.10653943103884887
0.1080204567051561
0.10863198565128344
0.1088297376104905
0.10887140152886302
0.1088749561593795
0.10887504742389073
0.1088785996817357
0.10892021513953719
0.10911731605315092
0.10972422930680181
0.11118332360313929
0.11416970705830111
0.11962369866510321
0.12876212206218812
0.14305525552438034
0.16415082926663133
0.19371961122779915
0.23318868666812057
0.2833183363726044
0.34356627419872376
0.41116873833772427
0.47985136317161253
0.5380637111994532
-0.8703057493804254
-0.59919080637167
-0.3997713962959365
-0.25404724119514005
-0.14853011036428648
-0.07306911992243033
-0.019983683778234514
0.016569529074603354
0.04105469994530369
0.056886669308015156
0.06666863073192213
0.07236522249979892
0.0754314719816296
0.07691242289315943
0.07752390444648184
0.07772160528800888
0.07776321521543851
0.077766715166634
0.07776675207668318
0.07777025110182417
0.07781181460742406
0.07800885640879299
0.07861564223532268
0.08007427445727153
0.08305899196749085
0.08850777594451811
0.09763198023576072
0.11189036248698149
0.1329083001039828
0.1623159548612878
0.20147052266775084
0.25101729185740623
0.3102318555925038
0.37607130274159306
0.4418453681257231
0.4953991785073329
-0.8943408373534925
-0.6262008401717524
-0.42858777164778666
-0.2839244215218342
-0.1790069372638628
-0.10387028315105365
-0.05095145239807148
-0.01447874260421659
0.009970295721996595
0.02578745500524869
0.035564003360598014
0.04125889101202562
0.04432470161017975
0.04580556566786557
0.04641703199901091
0.04661472559751297
0.04665632802355152
0.046659820273654465
0.046659849494037425
0.04666334095152508
0.046704896599713205
0.046901922566961476
0.04750863114433395
0.04896688956274012
0.051950159216291106
0.05739430621028733
0.06650568838430931
0.08073245648061059
0.10167926909242167
0.13093843363288554
0.16980167001016955
0.21880607117485495
0.2770552264190035
0.34124170044936125
0.40427994502699227
0.4534390815592587
-0.9176726713944524
-0.6527715548489462
-0.45713762381252565
-0.31364516690114325
-0.20939532705654285
-0.13462354267076687
-0.08189450388535865
-0.04551493476858405
-0.021108531793229423
-0.005309303182878365
0.004460458930982467
0.010153102192146934
0.01321829195267759
0.014699021985556449
0.01531046818615804
0.015508159906980899
0.015549761958339596
0.015553253845989863
0.015553282701949242
0.015556773794099928
0.015598328670534024
0.01579534710303938
0.016401996237641152
0.017859939935725624
0.020841954393993247
0.02628201396233224
0.03538195483268795
0.049580235146140336
0.07046242925670886
0.09958574259589424
0.1381808329986558
0.18668339567642636
0.24403513345289837
0.30667871261069024
0.3671539189286376
0.4121822994173576
-0.9403015141375806
-0.6789032061302406
-0.4854212032575951
-0.34320972408470446
-0.23969552421790719
-0.16532914201684512
-0.11281308206682106
-0.07653929266443349
-0.05218203028928185
-0.03640385630801427
-0.026642257787085327
-0.02095240408028642
-0.017888022609394583
-0.016407479774138135
-0.015796065014087604
-0.015598376503031057
-0.015556774588870228
-0.015553282702062418
-0.015553253846118114
-0.015549762757630802
-0.015508208183748432
-0.0153111952748805
-0.014704593632756004
-0.013246910891690248
-0.01026596364706812
-0.004829445882592737
0.004260431410233598
0.018433348177648995
0.03925742921181842
0.06825753044633433
0.10660766167442276
0.15464891811666878
0.21117123363421011
0.2723820019272096
0.330466959974026
0.37162851145086007
-0.9622274247796065
-0.7045958532730368
-0.5134385693014694
-0.37261815245220975
-0.26990758818875105
-0.19598714069081496
-0.14370724650408695
-0.10755187591260715
-0.08325025944507139
-0.06749626410573473
-0.057744206584184735
-0.05205768764893826
-0.04899430197060792
-0.04751399955426166
-0.046902627590548925
-0.04670494366417445
-0.046663341689349484
-0.04665984947792733
-0.046659820290018576
-0.04665632887196767
-0.04661477415564114
-0.046417764779013417
-0.04581119869402503
-0.044353723156613414
-0.04137365514866549
-0.03594013356539702
-0.0268589421173125
-0.012708264646426094
0.008064208755187164
0.03695373700720328
0.07508209589284771
0.12270257839041639
0.17846346690456463
0.23835150839492975
0.2942190082214032
0.3317776577883554
-0.9834507144420988
-0.7298498162944118
-0.5411900492221612
-0.4018707850035788
-0.30003185624741846
-0.22659787890150726
-0.17457733908408102
-0.13855302692127608
-0.11431356112871284
-0.09858686693834079
-0.08884572544659061
-0.08316308334938988
-0.0801008771367279
-0.07862086394718654
-0.07800954123417314
-0.07781185797348425
-0.07777025014927884
-0.07776675149553433
-0.07776671574557847
-0.07776321775632711
-0.07772165662938886
-0.07752464315121586
-0.07691809532196253
-0.07546076824065406
-0.07248138696564116
-0.06705031197711864
-0.05797642533569283
-0.0438448603605856
-0.02311748744604258
0.005674107702142563
0.043603880793382274
0.09084412021669683
0.14591157433078658
0.20458696910114793
0.25840979535567016
0.2926294631939341
-1.0039724312146507
-0.7546661938370721
-0.5686767833965855
-0.4309687955374696
-0.33006952780828336
-0.25716257437942375
-0.20542458906028443
-0.169543980180191
-0.14537316928595598
-0.1296768929337497
-0.11994803191699528
-0.11426979387815521
-0.11120893220357572
-0.10972923519996602
-0.10911794360160935
-0.10892023026200817
-0.10887858224534666
-0.10887504125489339
-0.10887496222024956
-0.1088714207161617
-0.10882981650544331
-0.10863276169037583
-0.10802618652376922
-0.10656892267564098
-0.10359001147720659
-0.0981608121735452
-0.08909283131290374
-0.07497723788710635
-0.05428844851693885
-0.02558214165165697
0.012172231774087338
0.059072752706613094
0.11351475236275403
0.17108756095381136
0.22303847135569768
0.25418304282380644
-1.023794778943332
-0.7790473522557804
-0.5959012737739414
-0.45991479620062425
-0.3600233013360987
-0.28768398954515817
-0.23625180196432335
-0.20052756500456423
-0.17643191920551457
-0.1607691670614543
-0.15105392587030989
-0.1453805807575651
-0.14232117860026505
-0.1408417644252217
-0.14023041678307405
-0.1400325664090066
-0.139990761974668
-0.13998705671714698
-0.13998680900273625
-0.13998309724863445
-0.13994132388768446
-0.13974410302271076
-0.13913737088098213
-0.13768000594877514
-0.13470127554393257
-0.1292733163736855
-0.12020978712882192
-0.10610698018652472
-0.08545022583585145
-0.0568165449048741
-0.019214383059922475
0.027386928831833777
0.08127142023208814
0.13785164932053043
0.1881033260837604
0.21643658787622397
-1.0429213954730177
-0.802997315713978
-0.6228678698947261
-0.4887134043442466
-0.3898980078015906
-0.31816711817293725
-0.2670640869330663
-0.23150896182821062
-0.20749502192761765
-0.1918688936527283
-0.18216857098864672
-0.17650053645552718
-0.17344261039061892
-0.17196332346797494
-0.17135168996523314
-0.17115343587839926
-0.17111118538918865
-0.1711070102082024
-0.17110627775400591
-0.17110207478603442
-0.1710598117911478
-0.1708621089325903
-0.1702549055090561
-0.16879710044351035
-0.16581810012934917
-0.16039060080838582
-0.1513299443440132
-0.1372366375866924
-0.11660529531064749
-0.08803153373328396
-0.050558384715385846
-0.004215798683562084
0.04917906408030373
0.10487661007171094
0.15360157807544714
0.17938710911308722
-1.061357436648867
-0.8265220052431537
-0.6495831425366965
-0.5173717313409052
-0.4197011963092853
-0.3486198505249952
-0.2978695851008099
-0.26249647866044684
-0.23857087462816362
-0.22298448763021733
-0.2133003348101679
-0.2076379222830934
-0.20458133010455598
-0.20310180981159204
-0.2024894156080851
-0.20229021241860518
-0.20224692012614062
-0.20224164214310064
-0.2022397668445085
-0.20223440112042415
-0.20219097518431603
-0.2019921256083287
-0.20138379814815205
-0.19992489207247338
-0.19694487222777174
-0.19151678275147693
-0.1824571859982541
-0.1683699006683661
-0.14775720312670182
-0.11923056427912143
-0.08186319993224359
-0.035738894106670915
0.017234108895095586
0.07215867794318152
0.1195291860194591
0.14303019709210574
-1.0791094314458178
-0.849629291351624
-0.6760561094144624
-0.5458997582127746
-0.4494436377185506
-0.3790535842558788
-0.32868016830362207
-0.2935023193335618
-0.2696718813787189
-0.254128431976179
-0.2444616683275929
-0.23880505677157227
-0.23574943376845856
-0.2342690173623706
-0.23365501631104146
-0.23345388856370547
-0.23340848032418693
-0.23340095036335634
-0.2333967303452367
-0.23338896950725796
-0.2333431398904456
-0.23314191525268205
-0.2325312616205802
-0.23107006894594012
-0.2280877903342102
-0.22265761660782818
-0.2135968783597561
-0.19951181394493878
-0.17891074885278543
-0.15041827840508903
-0.11313341053404016
-0.06718698731714642
-0.014568241782923808
0.03969276094383936
0.08588062301263993
0.10735974018937391
-1.0961848906399312
-0.8723288393892268
-0.7022982896948063
-0.5743105731137573
-0.4791397202675921
-0.4094837547122863
-0.35951208194789114
-0.3245433181918381
-0.3008152602666718
-0.2853181392533263
-0.27567000523818497
-0.27001923733901095
-0.2669639410343979
-0.26548156244665344
-0.26486459544197155
-0.26465996101735756
-0.26461067824404266
-0.2645990008350185
-0.2645904420028571
-0.2645782314761109
-0.264527921151318
-0.26432225867594356
-0.2637072600884581
-0.26224181228817184
-0.2592553023723968
-0.2538208825649769
-0.2447562153712027
-0.2306690825325887
-0.21007226212392707
-0.18160075953742905
-0.14437499893760142
-0.09856612084877554
-0.04623426765788706
0.0074721492188145645
0.052648540141983426
0.07236752559934265
-1.1125916659760788
-0.8946317389943331
-0.7283235739296995
-0.6026204534085752
-0.5088077169120837
-0.4399302620980955
-0.39038650802200137
-0.3556416164235203
-0.33202381197453146
-0.31657679281188766
-0.3069486576123984
-0.30130367370764594
-0.2982477510869999
-0.29676184840111464
-0.296139898058306
-0.2959293770055091
-0.2958735466069826
-0.2958548179805504
-0.29583884702593355
-0.2958190049856102
-0.29576098451863764
-0.29554766674495914
-0.29492517033488813
-0.2934524082786936
-0.2904586702774958
-0.285016907551994
-0.27594470107288993
-0.26185052257920594
-0.2412500290710307
-0.21278594454452984
-0.1755957563823215
-0.12988416682453027
-0.07777217112796693
-0.02451196217594018
0.0198232347678432
0.038042634957991844
-1.1283370683373193
-0.9165499180840304
-0.7541479028677328
-0.630848779815694
-0.5384699068196317
-0.47041777385021666
-0.4213300233932256
-0.38682525282819724
-0.36332662107705266
-0.34793413818552915
-0.338327678467451
-0.33268840424378343
-0.32963059684809204
-0.32813904325043014
-0.3275092991757934
-0.3272895217641003
-0.32722331543915384
-0.32719334252721666
-0.32716549409465456
-0.3271333752615704
-0.3270629116974425
-0.3268372089184838
-0.32620257218773135
-0.32471800107075743
-0.3217126878253303
-0.3162592516053499
-0.3071748097409073
-0.2930677019203665
-0.27245492174992214
-0.24398425170412552
-0.20680592071039758
-0.16115148733452095
-0.10919277455553263
-0.05627122324029449
-0.01260816945328786
0.004370535531143617
-1.143426761496688
-0.9380953475116476
-0.7797887519966755
-0.6590177713423314
-0.5681525327327732
-0.5009758779932374
-0.45237492424579456
-0.4181286359581979
-0.3947596540339787
-0.3794271866115867
-0.3698446520193109
-0.36421115567392515
-0.36114995841747216
-0.3596500326613187
-0.3590087835525598
-0.3587752139980118
-0.35869341357840107
-0.35864643096289706
-0.3586005261948676
-0.35854967196660054
-0.35846016053675955
-0.3582154540724795
-0.35756216972126426
-0.35605949543919446
-0.3530365673243891
-0.34756558273115473
-0.33846285457381164
-0.32433580977276155
-0.3037012775519751
-0.2752094800696834
-0.23801910745566224
-0.19238191054207912
-0.14051055621341027
-0.08782124116742579
-0.04466292877665721
-0.028668239471099373
-1.157863452146449
-0.9592790442224497
-0.8052644181095598
-0.6871520270532336
-0.5978855712410951
-0.5316390567238912
-0.48355937929507525
-0.4495928547881895
-0.42636620664912367
-0.41110078012204754
-0.4015453587563453
-0.39591809200020484
-0.39285188119760717
-0.3913402941523271
-0.3906828643681578
-0.39042965892190956
-0.3903254474777897
-0.39025385301152316
-0.39018169118301704
-0.39010348878048495
-0.3899860910597191
-0.38971350192260984
-0.38903282852204973
-0.38750360184901417
-0.3844549959548542
-0.37895874949067027
-0.36983008300903125
-0.3556747827742522
-0.33500806546893075
-0.306480026969451
-0.2692535910946763
-0.22359408971306566
-0.17174510262692727
-0.11918314304147502
-0.07636437097374577
-0.06109993146526518
-1.1716453965675646
-0.980109878002686
-0.8305930991884318
-0.715277853594746
-0.6277022839017385
-0.5624464385346071
-0.5149273617712695
-0.4812657708666249
-0.45819713814766455
-0.4430079507552794
-0.43348424444457345
-0.42786437940874766
-0.4247916242651766
-0.42326461793913184
-0.4225853670036974
-0.4223052868867667
-0.4221700880405807
-0.4220642214890619
-0.42195531092618777
-0.42183868953783205
-0.4216820077628536
-0.42137006209972455
-0.4206506936056431
-0.4190839967288587
-0.41599934336483085
-0.4104680423358337
-0.40130399966469893
-0.38711069884952426
-0.3664003616503793
-0.33782045747426814
-0.30053398209386845
-0.25481330296183125
-0.20292304758868338
-0.1503856721416118
-0.10774416839660822
-0.09296002724060207
-1.1847647390375744
-1.0005931792536524
-0.8557917489781312
-0.7434223453563984
-0.6576385031314268
-0.593441271333163
-0.5465282926184296
-0.5132018158004097
-0.4903108085072959
-0.47520998464906067
-0.4657245992525099
-0.4601144700508154
-0.4570340397875586
-0.4554875743199543
-0.4547799780843289
-0.4544643791221061
-0.4542877694594712
-0.45413576199154443
-0.4539771209452632
-0.4538083182872541
-0.4535981419067382
-0.45323251184195446
-0.45246032703468164
-0.4508425458941813
-0.44770897813225474
-0.44213061169808937
-0.43291989599815084
-0.4186774297355477
-0.3979111374480242
-0.3692634419670301
-0.33189332936514193
-0.28607373730846164
-0.23408055588747953
-0.18146789076724315
-0.13884528067850666
-0.12429646366883443
-1.1972056863926912
-1.0207291321454275
-0.8808746722915711
-0.771612166708147
-0.6877315873766083
-0.624670037767187
-0.5784163044152905
-0.5454613934345509
-0.5227726097797026
-0.5077760746073986
-0.49833832488736834
-0.49274197829295086
-0.48965355415198775
-0.4880835966693225
-0.4873404285437145
-0.4869793502978044
-0.4867490719228717
-0.48653679761347396
-0.4863128602336373
-0.4860752985190727
-0.4857944656818991
-0.48535783184854625
-0.48451577343088736
-0.48283050890817314
-0.4796326213860207
-0.47399298250150773
-0.4647225385633457
-0.4504185170561208
-0.42958333860069386
-0.4008520549520254
-0.3633756564339147
-0.3174212811604124
-0.26526639227895676
-0.21248254709358264
-0.16972564209085336
-0.15517365939943886
-1.2089425065740989
-1.0405109185288581
-0.9058518058623626
-0.799871962416983
-0.7180189547657847
-0.6561811068323381
-0.6106490067078301
-0.5781097557260234
-0.5556539503710496
-0.5407824117013559
-0.5314051334783327
-0.5258289878931989
-0.5227335854936234
-0.5211365124252803
-0.5203501422260675
-0.5199325199450449
-0.5196346221072513
-0.5193457858124365
-0.5190384528433594
-0.518712768870663
-0.5183411924794138
-0.5178132826101729
-0.5168814249079368
-0.5151096062084382
-0.5118296307660981
-0.5061125706443784
-0.49676793475036285
-0.48238920510409733
-0.4614722038925173
-0.4326423994706737
-0.39503891254242796
-0.3489168240817932
-0.29654559294765487
-0.24350014240167733
-0.20046264966479527
-0.1856774500447702
-1.2199373160135782
-1.0599225526236264
-0.9307266019547048
-0.8282222926362148
-0.7485360727739437
-0.6880227823458281
-0.6432855982640068
-0.6112151845900301
-0.5890305131282584
-0.574310527082024
-0.565010981441092
-0.5594645870802492
-0.5563651899905366
-0.5547383114396366
-0.5539011379692681
-0.5534151607880883
-0.5530343011115371
-0.5526507001382879
-0.5522395784394526
-0.55180385837443
-0.5513187735392622
-0.5506766400025559
-0.5496325139934376
-0.5477527885785907
-0.5443710665042055
-0.5385590665865975
-0.5291250556153256
-0.5146585254878547
-0.4936477350281282
-0.46470648645584456
-0.42695828657174284
-0.38064003120978845
-0.3280037271827901
-0.27461370761666004
-0.23115848303324302
-0.21592098060535442
-1.2301375908640981
-1.078936314269192
-0.9554933974686124
-0.8566769522888005
-0.7793137428976977
-0.7202405685169604
-0.6763841297331731
-0.6448462684316567
-0.622979563116155
-0.6084446489663012
-0.5992454942252717
-0.5937423802054342
-0.5906446801530701
-0.5889868912273717
-0.5880919227268847
-0.5875255612413666
-0.5870454984216236
-0.5865474983473085
-0.5860103778358304
-0.5854406532774916
-0.5848171505056597
-0.5840357586192284
-0.5828550133707835
-0.5808444995207516
-0.5773403432383818
-0.5714155040076367
-0.5618773493729773
-0.54731128403957
-0.5261971861276244
-0.49713525657436675
-0.45922979158255356
-0.41269352143441634
-0.3597517007274867
-0.3059442639468679
-0.2619462550701766
-0.24605157940956884
-1.2394732998713045
-1.0975096489385283
-0.980134109455205
-0.8852394907469958
-0.8103744734656005
-0.752873425157919
-0.7099976708306495
-0.6790680111810349
-0.6575760286835302
-0.6432677862176551
-0.6341980831972058
-0.6287566690183155
-0.6256699018865454
-0.6239824615142702
-0.6230240556020409
-0.6223657812343879
-0.6217700921346218
-0.6211373599376001
-0.6204509810571459
-0.6197220491487836
-0.6189339654017284
-0.6179871737395727
-0.6166446642698618
-0.6144801648017305
-0.6108332157509466
-0.6047787770760851
-0.595123825841107
-0.5804497483813348
-0.5592273906646731
-0.5300415830909277
-0.4919739804621838
-0.44520733298942405
-0.39193100877787435
-0.3376469010589422
-0.2929969533130507
-0.27625860115815387
-1.2478535116263043
-1.1155813552862013
-1.004614048296313
-0.9138986959587443
-0.841727680005601
-0.7859487295655945
-0.7441690789862462
-0.7139364529399176
-0.6928870193181453
-0.6788561885989651
-0.669952393459046
-0.6645969331995125
-0.6615347928642895
-0.6598222255556507
-0.658796997196373
-0.6580367146544779
-0.657309769537959
-0.6565223098861503
-0.6556634792344475
-0.654750115912959
-0.6537713637603144
-0.6526333874942584
-0.651104790583841
-0.6487645794169126
-0.6449567836542639
-0.6387593077110904
-0.6289794311104951
-0.6141947748154537
-0.5928666853680387
-0.5635630375507312
-0.5253395981372988
-0.4783435069230044
-0.4247192954187826
-0.3699173571645028
-0.3245270853654717
-0.3067821822869421
-1.2551622755531828
-1.1330668252469345
-1.0288765818195074
-0.9426227471010514
-0.8733633905751028
-0.8194755982831285
-0.7789240009085614
-0.7494914143364548
-0.7289643753961744
-0.7152717641372786
-0.7065786506659378
-0.7013401680838738
-0.6983217722268348
-0.6965928824980872
-0.6955007849372317
-0.6946309975588747
-0.693759227742252
-0.6927987708548198
-0.6917458871530824
-0.6906245291254736
-0.689430952627979
-0.6880784112163275
-0.6863424828019961
-0.6838087899559352
-0.679827128656839
-0.6734794938329092
-0.6635743624804102
-0.6486860452618453
-0.6272661240943047
-0.597864135137417
-0.5595069125833645
-0.5123005575415951
-0.4583360169011446
-0.40299892814687854
-0.3568068865054416
-0.3379227993052639
-1.2612535137807248
-1.1498520371327183
-1.0528363168281867
-0.9713516709664456
-0.9052440626430076
-0.8534361493325608
-0.8142616642390569
-0.7857469008873351
-0.7658347677548588
-0.7525519556252361
-0.7441233953902898
-0.739040557037463
-0.7360914303373086
-0.7343604130946996
-0.7332059925501798
-0.7322232184175559
-0.7311967109233828
-0.7300485028764079
-0.7287835600433015
-0.7274345377440817
-0.7260063924095541
-0.7244210536667852
-0.7224626541401199
-0.7197249893775151
-0.7155651179379701
-0.7090704905085993
-0.6990518957623673
-0.6840810083227007
-0.662599599472078
-0.6331377029312683
-0.5946903949471207
-0.547317528862695
-0.49304793810704056
-0.43718946693607375
-0.39016888408375305
-0.370051459547084
-1.2659445895412311
-1.1657859283102023
-1.076370388441002
-0.9999876591249685
-0.9372940380118693
-0.887774203611814
-0.8501429329156152
-0.8226786185967263
-0.8034867785727109
-0.7906964906054884
-0.7825960048104179
-0.7777158662275235
-0.774868896786878
-0.7731565198773093
-0.7719503401061575
-0.7708567945207786
-0.7696712483528593
-0.7683262970473401
-0.766837435751849
-0.7652478463729825
-0.763573009555564
-0.7617453533130839
-0.7595593803349326
-0.7566188510217122
-0.7522898178568637
-0.745666787614054
-0.7355642099282224
-0.7205520327268478
-0.6990624057299019
-0.6696049314850218
-0.6311403380117098
-0.5836772568877984
-0.5291741143259967
-0.47284815926106194
-0.4250165405019748
-0.4036202834014508
-1.2690081364445214
-1.1806706903899156
-1.099307361770049
-1.0283827149653266
-0.9693860723962413
-0.9223808324847125
-0.8864750065489451
-0.8602079571940258
-0.8418542988438091
-0.8296503217569774
-0.8219513029844998
-0.8173298500600302
-0.814626164572066
-0.8129609919499285
-0.8117212196077963
-0.8105267768351133
-0.8091858553007
-0.8076436875547823
-0.8059283712709252
-0.8040956879714887
-0.8021737154287012
-0.8001074516317531
-0.7977038339614467
-0.7945786288208585
-0.7901088632361957
-0.7833979496695088
-0.7732655972771741
-0.7582811859080434
-0.7368676820658746
-0.7075135776650896
-0.6691429114900206
-0.6217083686286223
-0.5670899235951005
-0.5104016771850317
-0.461832614124318
-0.439173157082707
-1.270161641406613
-1.1942494359392424
-1.121413154337312
-1.0563230015193101
-1.001324276144893
-0.9570760566761501
-0.9230920405511807
-0.8981816923416917
-0.8807954712959913
-0.869281966939946
-0.8620674522241788
-0.8577698458689923
-0.8552595378721831
-0.8536791534120743
-0.8524332894016955
-0.8511577335330873
-0.8496758465961765
-0.8479478339675351
-0.8460167302436175
-0.8439532508437007
-0.8418004048327747
-0.8395180930169771
-0.8369280133468575
-0.8336602406297667
-0.829105018304974
-0.822376775376713
-0.812302340334231
-0.7974519448170403
-0.7762400717109509
-0.7471336840890563
-0.7090180517446643
-0.6617854498031723
-0.6072296178500889
-0.5503492169757589
-0.5011867849168751
-0.4773560448735095
-1.2690541716845671
-1.2061905810563893
-1.1423732807482168
-1.0835091520277063
-1.0328226917241885
-0.9915858889303526
-0.9597308494587657
-0.9363465423448138
-0.9200662904414924
-0.9093563397743435
-0.9027181986197598
-0.8988186160397822
-0.8965612496544535
-0.8951134325616763
-0.8939001683274158
-0.8925757396688898
-0.8909812896431732
-0.8890946026363187
-0.8869762550266903
-0.884714500873708
-0.8823698851625525
-0.8799198148196256
-0.8772033447056313
-0.8738674308960652
-0.8693180455756253
-0.8626830156066002
-0.8527984190846116
-0.838237029771194
-0.8174058169945437
-0.7887500672403849
-0.7511144720172171
-0.7043267034772726
-0.6500867535092401
-0.593265822394253
-0.5437419884357342
-0.5189264490394451
-1.2652495228959713
-1.2160681722272744
-1.1617706030242334
-1.109531685028161
-1.0634786114819716
-1.0255137890127841
-0.9960007303756054
-0.9743175878799599
-0.9592878430771621
-0.9495010320383229
-0.9435384141051177
-0.9401193641498167
-0.9381841629410526
-0.936927955980288
-0.935799126953906
-0.9344733665402807
-0.9328124895230796
-0.930814741794366
-0.928561122686837
-0.9261603059566795
-0.9236932534500927
-0.9211577578304596
-0.9184131035224462
-0.9151259770469624
-0.9107208679799011
-0.9043416586708759
-0.8948360834087881
-0.8807814247219532
-0.8605783847546901
-0.8326507019727092
-0.7958009566193205
-0.7497883011763813
-0.6962117433810372
-0.6398032779146298
-0.5902587875166518
-0.5647613937873172
-1.258204939597947
-1.223337258245699
-1.1790576401576784
-1.133840533850114
-1.092739605400188
-1.0583054640500529
-1.0313463062419008
-1.0115394245466272
-0.9979060324842723
-0.9891648678941816
-0.9839817350996014
-0.981132708428294
-0.9795983255006023
-0.978604926882301
-0.9776275280244481
-0.976366418679328
-0.9747072529934159
-0.9726718990380934
-0.9703649384495853
-0.9679186239142434
-0.9654374932568884
-0.9629428826713747
-0.9603174569769106
-0.9572507604938647
-0.9531888670118644
-0.947294650173893
-0.9384301852258093
-0.9251795082842433
-0.9059385788601447
-0.8791099941433428
-0.8434529683083477
-0.7986544956462067
-0.7462056414645731
-0.6906877282311901
-0.641596985167734
-0.6158631862344078
-1.247244422480743
-1.2273032681237745
-1.1935223484055888
-1.155707556303513
-1.1198630825346063
-1.0892057994215814
-1.0650021392234879
-1.047238767144748
-1.0351424773294602
-1.0275673964927918
-1.023268943240775
-1.0210842403868516
-1.0200379914911184
-1.0193913902293374
-1.0186496108464254
-1.0175410086662535
-1.015978520219245
-1.0140110718143311
-1.0117702621253837
-1.0094153573872433
-1.0070779059058768
-1.004806220584026
-1.0025097728509467
-0.9999043675654335
-0.9964610049383134
-0.991364761096908
-0.9834950123926356
-0.9714450687368992
-0.9536079469427119
-0.9283657850530782
-0.8944334517550228
-0.851422420013272
-0.8007091298129624
-0.746713040179356
-0.6987135442473511
-0.673362071887601
-1.2315254860094065
-1.2270842033687475
-1.204246129100194
-1.1741807335608505
-1.1438670511457518
-1.1172065449561943
-1.0959377024302481
-1.0803670610105123
-1.0699351113529656
-1.0636378233886834
-1.0603255665401874
-1.0589011283692802
-1.0584375546963487
-1.0582348175853151
-1.0578320443366256
-1.0569893895759106
-1.0556507824711763
-1.0538959108596262
-1.0518870924193924
-1.0498143087846197
-1.0478398204774406
-1.046042617520393
-1.0443626714007777
-1.042545717487277
-1.0400912918518745
-1.036210151529693
-1.0298022013588046
-1.019472812484337
-1.003614126189293
-0.9805887707314005
-0.9490665571240078
-0.9085803411025019
-0.8603855216689705
-0.8087287704098065
-0.7626557290366596
-0.7385147541135892
-1.2099980669380286
-1.2215642872684964
-1.2100526528354951
-1.1880285972706162
-1.1634705706610067
-1.1409832075606003
-1.1227911229246854
-1.1095314790147217
-1.1008668318624268
-1.0959417019309001
-1.0937069989688926
-1.0931360445252825
-1.0933546559773177
-1.0937057620312824
-1.0937664902808635
-1.0933327813596532
-1.092383520302909
-1.0910331127428643
-1.0894785503045572
-1.0879444848482873
-1.0866278438234058
-1.0856422477591883
-1.0849621146250128
-1.0843670332469442
-1.0833889379741144
-1.0812679981489421
-1.076928127453283
-1.0689897986809744
-1.0558465977289684
-1.0358428454072999
-1.0076028358454812
-0.9705779646225767
-0.9258964270731279
-0.8776214363243018
-0.8345482203040656
-0.8126975860288723
-1.1813541070391103
-1.2093375344255097
-1.2094459073071653
-1.1956732403188794
-1.1770222030880582
-1.1588194141293382
-1.1437899200874362
-1.1329124924573672
-1.1260803533444579
-1.122593512893959
-1.1215092425246036
-1.121876498845071
-1.1228785319200525
-1.1239056371864102
-1.1245772216027907
-1.124729230350966
-1.1243796993971233
-1.1236819402692946
-1.122871805316083
-1.1222128032848044
-1.121940715097093
-1.1222079770099165
-1.123027631732773
-1.1242172763306177
-1.1253453376797324
-1.1256853606633406
-1.1241889799982216
-1.119495042375919
-1.1100011302853061
-1.0940346912603185
-1.0701742751704872
-1.037787206345581
-0.9978685456021088
-0.9542876084216687
-0.915572778422121
-0.897393068665313
-1.143966142150024
-1.188639510222415
-1.2005356803508385
-1.1951100688888339
-1.1824145718390167
-1.1685168071715988
-1.1566567603797366
-1.1481659995935016
-1.1431772166765017
-1.1411530535930727
-1.1412631677624843
-1.1426374549127478
-1.144521461913384
-1.1463574640068526
-1.1478116295752847
-1.148764329875651
-1.1492771498555516
-1.1495466980263922
-1.1498520772238026
-1.1505000427297796
-1.1517696184701103
-1.1538564446372113
-1.15681656992555
-1.1605099574072808
-1.1645458237226438
-1.1682352555159776
-1.1705615237169318
-1.1701853241505549
-1.1655109908624186
-1.1548507352687574
-1.1367373385897779
-1.1104516457997855
-1.0768498553335748
-1.039597148827634
-1.0069388380500983
-0.9941681006880129
-1.0958130237538477
-1.1572653417056293
-1.1809484793562302
-1.1838122410701537
-1.1769829216368746
-1.1672883195537507
-1.158498031898091
-1.1523077764132215
-1.149098683982405
-1.1485033361026948
-1.1498099661011516
-1.1522348784613494
-1.1550909465517238
-1.1578772040720513
-1.1603112284631705
-1.1623224041609712
-1.1640204287216511
-1.1656497643042594
-1.1675373195716159
-1.170037651564764
-1.173477582322211
-1.1781005097562802
-1.184010035367955
-1.1911130115816002
-1.1990639076149203
-1.2072156836703807
-1.214587327645144
-1.2198650253102659
-1.2214627828094902
-1.2176793781764486
-1.2070019651693813
-1.1886226668776612
-1.1632532570673846
-1.134344712907092
-1.1098432123522715
-1.1046422218716714
-1.0343906782973162
-1.1124718180517226
-1.147721662745863
-1.1586175097553306
-1.1573853437760067
-1.1516324436118635
-1.145672809367976
-1.1415777800870213
-1.139986013641189
-1.1407074574817806
-1.143155229458802
-1.146637631155517
-1.150540010841262
-1.154423058032748
-1.1580605255726426
-1.1614355168873745
-1.1647105244768188
-1.1681825395198415
-1.1722309505545123
-1.177262790313185
-1.1836573527635539
-1.1917104660302054
-1.2015779499500845
-1.2132181883526758
-1.2263354845545529
-1.2403291228212177
-1.2542580074798897
-1.2668375737680295
-1.276494539176928
-1.2815161698006112
-1.2803442518306074
-1.2720800626497872
-1.2572855077764649
-1.2391874079962923
-1.225416864197089
-1.2304438744937078
