Predicted value
-0.6280142638840687
-0.6934903765813054
-0.8008566117160782
-0.8751924223555996
-0.8819883583416726
-0.8156000138782566
-0.6880613949084093
-0.5195163771595688
-0.3309355582289051
-0.1393271639461453
0.04468836660766584
0.21730303872827506
0.38044729626516016
0.5397783628671711
0.7022837185465605
0.8739902557544212
1.0581665104110751
1.254274426993284
1.4577815099411016
1.6607970534099668
1.8533605448548833
2.0250994221900367
2.1669002464187646
2.2722151487687476
2.3376672405980905
2.3627376527519477
2.3485261157481485
2.2958896202487766
2.2036928258305535
2.068462632199279
1.8874408077971285
1.6678859033268498
1.446501979157496
1.324080062984903
1.5218418445872075
2.467587025145958
-0.8379084831779728
-0.7271138101655445
-0.6941437914779058
-0.6627018541663361
-0.59371701294112
-0.4755235749489657
-0.3138964800978563
-0.12329415466038185
0.07994149306570364
0.2821471591291136
0.4747301102969992
0.6546992403850904
0.8237917936983461
0.9867187722359514
1.149050672214619
1.3152091308658846
1.4869324234598071
1.6624566501985374
1.836513010105783
2.0010978914089055
2.146839732268136
2.2646778391473337
2.3474967097430923
2.391338010288589
2.3958543203242586
2.363787198776703
2.299460160506281
2.206587899471522
2.086129670411502
1.935470262562676
1.750909583502927
1.5362946358487939
1.3216487313207468
1.1968552627318925
1.3668503618470211
2.2363834268963174
-1.0319420075832078
-0.8011491863737472
-0.6731479399518658
-0.5720738920620416
-0.45591158420073974
-0.30838270545184443
-0.13019617794911298
0.06889622322099775
0.2764081040644726
0.4814389274653976
0.6770131672081856
0.8606947918334704
1.0338892285190777
1.2003188563651577
1.3641634953377562
1.5283074087885282
1.693042141014537
1.8554531838501784
2.0095811248907633
2.147307691729843
2.2597870886499827
2.339136341634103
2.3800281414614863
2.3808090201145395
2.3438077298485815
2.2746165341627655
2.180334882655428
2.06707374444684
1.9374428346054042
1.7892952019172244
1.617697271489452
1.4229405691746404
1.2284271137423897
1.1134569642029586
1.2673367708046168
2.0728255160770077
-1.1784666657227287
-0.8723655758836841
-0.6848995886045977
-0.5422106576158132
-0.4007526152741292
-0.24086821760879218
-0.05924425748026607
0.13822116589633104
0.34222895506634643
0.5441457168365922
0.7382731362411441
0.922525254067045
1.0978824468330375
1.2670722037918072
1.4329389371804053
1.5969211666718426
1.7579676038808794
1.9121070449457331
2.0527536757430145
2.171692522292207
2.2605624554663546
2.3125495013447166
2.323934333518194
2.295117848486689
2.2307907670672122
2.1390303805589146
2.029312987384655
1.9097373611453632
1.7841758715798903
1.650618762918353
1.5026666966470281
1.3369701048654994
1.1704242933101092
1.0721196968383229
1.2164303418138456
1.965213526500964
-1.2622865173848936
-0.9156989148110632
-0.6960712279760237
-0.5329101185953542
-0.3823657900473574
-0.22247579926443173
-0.04681312475354016
0.14183838908269664
0.33679260526374666
0.5312641820158621
0.7205534806148908
0.9027682306135825
1.0784084615847256
1.2492298394828385
1.4168193489633127
1.5812793575956494
1.7403346009640241
1.8890646562621676
2.0203351432566317
2.1258673225114633
2.197761068634591
2.2301834981201454
2.2208679442181443
2.172048612261211
2.0904982351148886
1.9864524969905393
1.8714090218655968
1.7550934472925457
1.642303642542359
1.53088859891795
1.4128040367866586
1.2810254555128662
1.1461043161239326
1.0673374093072536
1.2048963403161603
1.900846574649104
-1.2800412036693656
-0.9194605871257595
-0.6880360897062374
-0.5197989614155194
-0.3716517552323424
-0.2202546563448724
-0.05685220922493173
0.11824876876001955
0.30048444126962437
0.48456578835662434
0.6665665311833777
0.8446728992541201
1.0188805069432338
1.1900195051697549
1.3585145756894015
1.5232543567466696
1.6808686468465632
1.8256043452674704
1.9498656707395488
2.045353870555198
2.104619508356302
2.1227396170553083
2.098765640890209
2.036569284585435
1.9447552550884488
1.8354255394728844
1.721782428441194
1.6148600855197273
1.5200901946152092
1.434949210189966
1.3496161020129427
1.253403347350246
1.1507233946714388
1.0915310215626506
1.222552052652933
1.867183908072258
-1.2364629791990627
-0.8814295881350613
-0.6528184647794024
-0.49016305948375916
-0.3520177503275175
-0.21446037462446021
-0.06708122687375395
0.09174436888507831
0.25915851258953015
0.43107576140711235
0.6041636126252508
0.7766061016637589
0.9478955729248111
1.1180007871668032
1.2862914658990423
1.4505732580417554
1.6065160638778635
1.7476557832361936
1.8660279859885454
1.9533648504118457
2.0026670958596524
2.009863667601304
1.9752067307200993
1.904031213710669
1.806549827978396
1.6964692939171595
1.5884145447234597
1.4944480726925722
1.4203844465331323
1.3631384793278207
1.3110226822571296
1.2497386161879238
1.1778006688057525
1.1363027562381633
1.259301592170758
1.8526576013988647
-1.1413913500761756
-0.8057122618681278
-0.5898197187196166
-0.4395599636576515
-0.3158958335717039
-0.1949972460956979
-0.06537411667735427
0.07606620208667003
0.22782107727416712
0.38676725118641286
0.5500253730702918
0.7157250671755655
0.8828764049567468
1.0506638989053434
1.2175175443021584
1.380295120207149
1.5338440393541704
1.6711126253871151
1.7838629121593985
1.863913020718548
1.9047199922087588
1.9030167563441482
1.8601528124318307
1.78277031025368
1.682488658546697
1.5743846764513658
1.4742547552227339
1.3949436308175982
1.3424342997806809
1.3129284582499758
1.2928197239847954
1.2642859311858867
1.2202150846232238
1.1933452403116347
1.3058547617732335
1.8471992008978533
-1.007439778758294
-0.700264088659877
-0.503214591443621
-0.36910820904936426
-0.2619427986182541
-0.15854554796294074
-0.04682962338557051
0.07737517497411828
0.21362864465271003
0.359572745132521
0.5126735112867364
0.6709770390693013
0.8330472263870703
0.9973702822775503
1.1615558351156816
1.321649892685368
1.4718140506728994
1.6045313285677778
1.7113849501888951
1.7843353971880327
1.8173062650157918
1.80779395906434
1.7581532011248435
1.6761927900117455
1.574757192309277
1.4700824467847293
1.3789126661855882
1.3146592299912132
1.2832916983213436
1.2801806577112913
1.289781250944119
1.2908651626811554
1.2709914473511221
1.2550659127424515
1.3541879290903345
1.842535636257104
-0.848218861837333
-0.5749778928195644
-0.3999222093813868
-0.28335801617623146
-0.19282660181869082
-0.10627892637928382
-0.011434100124819713
0.0966301350995542
0.21829383589971663
0.3518053684906075
0.49489577367682447
0.6455168257362303
0.8018332741806136
0.9617241048660805
1.122098820126244
1.2783258336013907
1.4240142213336524
1.5513003835895764
1.6516807688543786
1.7173138096143052
1.7426017360022692
1.725769085224398
1.6700926290093354
1.5844202152247095
1.4826567803842658
1.3820076541216744
1.2999653619305656
1.2503195556623967
1.2388735795314534
1.2600786297974227
1.2964606059775998
1.3235286974805898
1.3238316190485206
1.314980318442856
1.397798047507386
1.8323030301877945
-0.6770297544740074
-0.44025215963116615
-0.2880655059689521
-0.18865717962141382
-0.11351327938019229
-0.04208613817235696
0.0377688552225095
0.13145795937004645
0.23998347157584488
0.3620738673894086
0.49566732036028816
0.6386245991169548
0.7887656135617936
0.9434551835903069
1.0990210493473458
1.2502838487245809
1.3904278726795867
1.5113559891148014
1.6045653185917563
1.6624651671700033
1.679948490247948
1.6559358935425412
1.5945499903729707
1.5055609453084449
1.4037843600985118
1.307223415724072
1.2339414914854576
1.1979424553780749
1.2047365766937024
1.2477936689238813
1.3077447457283449
1.3570022820636434
1.3734402336422402
1.3679213978079754
1.4317946147673348
1.8120208270042668
-0.5059504216251687
-0.30596191172289233
-0.17584145935330708
-0.0919345995880243
-0.029976942904599624
0.028780042390065708
0.09607882000985712
0.17759218815576272
0.27478492255148934
0.38676676240162744
0.511643319913637
0.6471980932977475
0.7909646005140635
0.939885843571298
1.089821977993643
1.235169316259249
1.3688077546725321
1.482512497360844
1.5678626759811551
1.6175672463817183
1.627020500984717
1.5958087851359692
1.5288296642042951
1.4366679729036238
1.3349130062525645
1.2422106998767146
1.177037113095399
1.15346798851471
1.1766167337696514
1.2389329717175563
1.3192089518800714
1.3869447253592215
1.4156881749119503
1.4101058784542722
1.4528684850785623
1.778962914802205
-0.34524555685577196
-0.1807628127155293
-0.07073272877854259
0.0001679633436492689
0.0517364834210553
0.10069592260472282
0.15817794628206172
0.22994879983191324
0.3178089112199183
0.4211733733483928
0.5382899102242245
0.6668857014297291
0.8042677761730362
0.9470467084533916
1.0907231657003815
1.229384601731892
1.3557181581208944
1.461468763163567
1.53837161169788
1.5794787891303623
1.5806938862864404
1.5422391552041095
1.4697201968390496
1.3744364669391278
1.2726251531748523
1.1834343320772995
1.1256118755335849
1.1131824606196266
1.1507793605080614
1.2298135751733172
1.327313415723053
1.4100660025133314
1.447651391851155
1.4390933261495185
1.459171024975037
1.7319571166130783
-0.20303874010229173
-0.0716668566651506
0.021001080701056996
0.08187772665949544
0.1261535647763128
0.16836366079373538
0.21887080893482774
0.28340032137224125
0.3639896079795096
0.4603021338345231
0.5707134427588957
0.6929198135509237
0.8240608886013138
0.9604993993672942
1.097477026819415
1.2288785945637575
1.3473003149778113
1.444544811478369
1.5125692400617863
1.544806147618343
1.5376728503205657
1.4919972097176735
1.4140288441322164
1.3156881556478308
1.2137441954963466
1.1277194500955408
1.0765082234531926
1.0739785362360057
1.1242184746009471
1.2175998199990468
1.329477691684913
1.4241379536968992
1.467557394709978
1.4536682995038501
1.4501321119295438
1.6711395582966295
-0.08519262190470983
0.01616481918968249
0.09460715615751736
0.1486410366593302
0.1887804248335352
0.22726636514400883
0.2735792155138135
0.3333025662270388
0.4086360179602985
0.4994498208375855
0.6042411936848763
0.7207030657908384
0.8458641295553321
0.9759175785249457
1.1059378485723153
1.22970319747074
1.3398101669450382
1.4281969885411048
1.4870999374476552
1.5103626238215668
1.4949163563104613
1.4421631344301569
1.3589346423377022
1.2576839434403628
1.1556045302945468
1.0724770844736156
1.0272308636172518
1.0334871748150471
1.0947400319204295
1.2003369464356173
1.324063984351232
1.4279268518629713
1.4746669683196936
1.453671362180022
1.4262409022652136
1.5976859692920673
0.004650360997766639
0.07945977783193883
0.1469462021216455
0.1972899436467846
0.2363207448495242
0.27392965979211487
0.3186400161798494
0.3758218654163379
0.4477822792348781
0.5345690049667248
0.6348004620618666
0.7461939671678389
0.865719530994708
0.9894716944468823
1.1124397811824183
1.2283807559652509
1.329971710002811
1.4093539630081704
1.4590909940895542
1.4734610068482328
1.4499050153558866
1.3903660240818083
1.302197283446375
1.198300850587301
1.0961948892368272
1.015812420418542
0.9760187040793975
0.9901122078730962
1.060958320202789
1.1769087074113502
1.3102956167737403
1.4210726047957085
1.4691142413534524
1.4398004215175686
1.3888091255888402
1.5135379210307274
0.0649079995533205
0.1167443587485713
0.17646396932039485
0.22606718141339244
0.26674676214015164
0.30603180402105445
0.35144794419966163
0.4081046958956688
0.4783785806352363
0.5624751651037049
0.6591371670965674
0.7661326180979907
0.8804197725898634
0.9980571533854948
1.1140209351882586
1.2221209122939902
1.3151836879842695
1.3856105797932168
1.4263311735705428
1.4320745972057072
1.4007825391196185
1.3349039242686376
1.2422540985383193
1.1361044781285927
1.0342050109453875
0.9565445892135762
0.9218368636097729
0.942993856278519
1.0222304702390694
1.1469425630098284
1.288132809870758
1.4039352441483903
1.451724245340633
1.4133999678969331
1.3397328811308271
1.4211383411640974
0.09581454982025603
0.1281618257437743
0.18306369593131117
0.23454585761108665
0.27925970019711516
0.3223988518368201
0.3704799597434932
0.42832609615493217
0.4983589391416427
0.5809294913855689
0.6749096875606483
0.7781419191672442
0.8876133917009047
0.9994004399693628
1.108527580307778
1.2089202904781164
1.2936123962719124
1.355311625363655
1.387343480882269
1.3848972065779168
1.3464013794580851
1.274773691448083
1.1782328860939613
1.070343716668046
0.9690013053559984
0.8941625265971116
0.864312128213767
0.8919233587990337
0.978550006030704
1.1106820852430723
1.2581240678117822
1.3774256217896343
1.4238234698697128
1.3762522692438688
1.2812655013671035
1.3231873441290118
0.09912337299946275
0.11522913586055206
0.16791030975707508
0.2234749317239662
0.2741708661091028
0.3229161783427492
0.3752324471288417
0.4356481770370541
0.5066170379649468
0.5886284072328076
0.6806887412675784
0.7807347740238593
0.8858165455768587
0.9920729238016612
1.0946277118228205
1.1875737510753264
1.2641987514599944
1.3175530233005956
1.3413789677140229
1.3313282196859093
1.2862978486997498
1.2096351222951542
1.1099041455277958
1.0008903210673128
0.9005531476972801
0.8287375063708077
0.8036313898237686
0.8372271311524762
0.930416695821283
1.0688426373754354
1.2212479967929966
1.3428338660142103
1.3870556548346122
1.3303814141370807
1.2158109944650939
1.2224264743022417
0.07778127833144427
0.0805580232608515
0.1331924095480167
0.19457675518830647
0.2527298792613781
0.3083829605759534
0.3660979122905371
0.4301153702594422
0.5029167012557704
0.5851262587157564
0.6758895653298012
0.7732533007716698
0.8743570362063718
0.9754377020465091
1.0717589188337024
1.1576216802036468
1.226603568747673
1.2721238273079123
1.288354316934619
1.2714047854903672
1.2206180648040499
1.1397299264553518
1.03759247380499
0.9281422478749562
0.8293277942236693
0.760809394150753
0.7404191235024947
0.7796354831293311
0.8786966637684022
1.022463181884607
1.1787572689002572
1.3016661313735978
1.3432121411477194
1.2778782793809889
1.1457448637855325
1.1214568514391068
0.035595410799912186
0.02756165388087716
0.0818636284068978
0.15031855811631575
0.21692213285536857
0.2803318681588106
0.3442035275282086
0.4125087924346615
0.48775935419072025
0.5707134323321927
0.660658513122181
0.755761966334153
0.8532722556857919
0.9495508252779747
1.0400315382410947
1.1192538816013462
1.1811111502500284
1.2194085999267448
1.2287522314100288
1.2056995527438141
1.1500124804126755
1.0657726010103377
0.9620634392219835
0.8529062829587678
0.7561686193401352
0.6912604530133829
0.6756068281278775
0.7201478742407903
0.8244837616196113
0.9727641999213732
1.1320336631670205
1.2554974903888982
1.2940835124074868
1.2207520079876653
1.0732667142322314
1.022594423588672
-0.023090527874473462
-0.03983592931374898
0.017380966144916153
0.09367577340132788
0.16925362095971686
0.2408322775970854
0.3112299588298047
0.3841782228641337
0.4622269723533986
0.5462683545876797
0.6357324158077113
0.7289128322613234
0.8231790285051638
0.9150346193941925
1.0001044932939411
1.0731871073931794
1.12850780868481
1.1602663433179732
1.1635002897018705
1.135199064059134
1.0755135181810553
0.9888270950261121
0.8843991456243339
0.7762724576005947
0.6821684186072899
0.6211876541584646
0.6103045558807257
0.6599039701386019
0.7689705654507857
0.9210191571864069
1.0824606568144184
1.2058464475718467
1.2413369859154735
1.1608114056237333
1.00028697601894
0.9277635545814108
-0.0936976007241038
-0.11747400025263097
-0.056545955032404206
0.027901476066307683
0.1125376729239064
0.19229175767157616
0.2692253716414882
0.3468666833670966
0.42781554619383766
0.5130983829740201
0.6022856492838876
0.6937977327130251
0.7851300011340078
0.8729375345607258
0.9530479803446963
1.0205300771372061
1.0699488163588045
1.095899067963832
1.0938409071637674
1.0611749575766325
0.9984079310978557
0.9101803127383514
0.8058729268454721
0.6994900466093782
0.6085468886586194
0.5517818859618114
0.5456821722745341
0.6000673570994688
0.7133350386607
0.8684447108274496
1.03131788535567
1.1540744903454234
1.1864220365349754
1.0995777820668355
0.928348290763496
0.8384284858393212
-0.17168066599181162
-0.20120269151373296
-0.13618402169856145
-0.04368703208846527
0.049694908401483204
0.13726736646899396
0.22042632819644764
0.30253945225337375
0.38627095926089444
0.4727815023772989
0.5617767858299602
0.6517991802203749
0.7404682430637717
0.8245920072897971
0.9002042664236948
0.9626469799855591
1.0068244633860641
1.0277203303579612
1.0212023398410062
0.9850574803312513
0.9201129201111878
0.8312209785924995
0.7278311493255848
0.6238525461569198
0.5365390676441923
0.4842201982673553
0.4828658052986992
0.5417266645141985
0.6586468733390821
0.8161129036202852
0.9796999251045493
1.1013123119708343
1.130505045516811
1.0382291634290342
0.858580597072014
0.7555608000109076
-0.25275821585399694
-0.2870965163408928
-0.2179763697268558
-0.11789636083291469
-0.016425155710523727
0.07829543752724134
0.16709444777528473
0.25322652659969963
0.33943638720511465
0.4270179779622503
0.5158039779234672
0.6044490966487043
0.6906890613795321
0.7714791982322888
0.8430552777299457
0.9010279157538084
0.9406334159678407
0.9572316260477065
0.9470782747309632
0.9083184768916241
0.8420627566289415
0.7533301608441666
0.6515879350576131
0.5505969263890053
0.46729948278424527
0.41957524981878225
0.4228530438391307
0.48581701991717274
0.6057957721840882
0.7648869196795367
0.9284602599944004
1.048412832799478
1.0744323429353955
0.9775744651879462
0.7916877072857659
0.6796398611308823
-0.33309871328119967
-0.3716290877196401
-0.2987075323293519
-0.19181432569083728
-0.08319496605972616
0.017745997677322236
0.11137518489534903
0.20088505159246625
0.28911785259151895
0.37749866952111527
0.46597580399590766
0.5533020799074694
0.6373156773367856
0.7151071504044777
0.7831033794830481
0.8371724917038655
0.8728693696978655
0.8859123741103494
0.8729214477242722
0.832368965110409
0.7656106586941974
0.6777878070852777
0.5783367315542056
0.4808206287589013
0.40182498931853233
0.358744429702121
0.36644881624061504
0.4330632019819156
0.5554424466857436
0.7153805645967667
0.87817996083742
0.995929892423774
1.018719841126089
0.9180551297676581
0.7279621681787133
0.6106822969938149
-0.4094613808916977
-0.4518065118877907
-0.3756310485046017
-0.26293307719724807
-0.14832861661030428
-0.042294263204414484
0.05518287376281617
0.1472860472015755
0.23697240268968167
0.32579456748967234
0.41380218665912216
0.4998278257220482
0.5817933526570104
0.6569068847382051
0.7217697551371474
0.7724908372516834
0.8049250785735772
0.8151273576331347
0.8000549042666859
0.7584746322376753
0.6919489412019695
0.605697969240248
0.5090810347823694
0.4154182148178217
0.340897781920176
0.30239968290930636
0.31422250403036994
0.3839445484406252
0.5079918686614872
0.6679404665711698
0.8291595135803044
0.944120470946417
0.9635665218404916
0.8597708798775417
0.667324430460483
0.5482959085599122
-0.479291348702805
-0.5252588861165308
-0.4465585341943763
-0.32923668836637043
-0.20996864658385173
-0.10010847581702856
0.00011427471628430629
0.09392786519773462
0.18442149796929325
0.27327025166772695
0.36060815750289826
0.4453255125462167
0.525404769675012
0.5981491963785964
0.6603130720699252
0.7082246129602924
0.73801619204097
0.7460538763723998
0.7296029518059847
0.6876910635530445
0.6220489867675417
0.5379339716211482
0.44458519931852863
0.35503825622474555
0.2850487998529058
0.25095786998591213
0.2664857077789326
0.33868060240630143
0.46358730577549656
0.6226490581289266
0.7814313680890095
0.8929675069707629
0.9088883260862932
0.8025256043946343
0.6093817993055908
0.49175292282528305
-0.5407707254500146
-0.5902909905873376
-0.5099108782024138
-0.38925348056250586
-0.2667398956511746
-0.15440517799067607
-0.05260877580872077
0.041977187865836436
0.13259059237004597
0.22102238448291256
0.3074716732873747
0.39086141079924236
0.46920794741887917
0.5398834204044797
0.5997696558744344
0.6453891574179124
0.6731259343248923
0.679629506836796
0.6624425317640483
0.6208192364147282
0.5566213491263692
0.47510358788835155
0.3853451316825984
0.3000599693528463
0.23454071513504246
0.20457051554080163
0.2232891661797849
0.29723562643270535
0.4221228817418707
0.579345674768141
0.7347901248692897
0.8422197973824471
0.8543684871400447
0.7458889616116587
0.5535022851411981
0.4400772340367485
-0.592828536280974
-0.6458946473632227
-0.5647336106770289
-0.4420747538301995
-0.31777174297633265
-0.20434403245246127
-0.10216838171193134
-0.007762981952904802
0.08227453688221745
0.16984301575224986
0.2551853705780703
0.33722967940497245
0.41399669952660045
0.4828981839602403
0.5409151706461384
0.5847367202769389
0.6109704968447834
0.6165202359204176
0.599174646448301
0.5583807595515236
0.4960952895878177
0.4175333255804273
0.33157774226254194
0.25058822641877815
0.18936887307924197
0.16313103451842115
0.18443662002995356
0.2593394631866101
0.38327181285000594
0.5376625816640772
0.6888368182475529
0.7914450738910168
0.7995200283610399
0.6892690395147019
0.49889830493001036
0.39214018775869214
-0.6351135837906315
-0.6917263414616336
-0.6106796193574282
-0.4873427180663985
-0.36269118750797297
-0.2495338328786284
-0.148153164322219
-0.05486000729078903
0.0339273299155427
0.1202063796723694
0.20424106394360173
0.2849352474389386
0.36028259394899276
0.42770313751098943
0.4842468025187384
0.5267397561895188
0.5519840700349888
0.557107821250644
0.54011459733612
0.5006114948841796
0.4406162434269273
0.3652701546011049
0.2832273127876095
0.20646490289107788
0.14927793115089716
0.1262969529127387
0.14951289423708977
0.22452175917567274
0.34652706860552146
0.49707239677121207
0.6430334752457567
0.7400921379773808
0.7437560025401674
0.6319913387488502
0.4447151835292517
0.3467595374533714
-0.6679351552005048
-0.7280545755350802
-0.6479632734836942
-0.5252113118585
-0.4015901206347925
-0.2900058498509086
-0.1905371873192161
-0.09923553655599403
-0.012326144303988568
0.07227699155368476
0.15483493110350205
0.2341968309003461
0.3082965430035316
0.37452984541251627
0.42998415250723465
0.4715924869660947
0.49632169972588513
0.5014945189595509
0.485299109877406
0.4474715515022887
0.3900591015268346
0.31809844302883755
0.2399864042960324
0.1672940323919399
0.11379149947709456
0.09352424538243995
0.11792312761132205
0.1921562779207553
0.31125096999889035
0.4569432026112887
0.5967640140311035
0.6875578836949998
0.6864630629350399
0.5733794254241775
0.390119556736986
0.3027964282648366
-0.692177131650587
-0.7556820763063359
-0.6772906729258538
-0.5562842620214828
-0.434970814624617
-0.32616624427033275
-0.22963869375637216
-0.14112988852724065
-0.05665942014016957
0.025936185952985514
0.10689067122281548
0.18496748856577777
0.2580075198748904
0.32334939957055286
0.37808644681210557
0.41922836235174055
0.4438775997440077
0.44952279198385797
0.43450792071132094
0.3986691729889408
0.34405475742641256
0.2755694641928618
0.2013285693183213
0.13247791973958276
0.08225180888913879
0.06411068035681322
0.08893989636929289
0.16151189563053958
0.276730158543404
0.41659761408705115
0.5493975787534983
0.633255131047056
0.6270741122200946
0.5128328222549078
0.3343830667016853
0.25924562194442596
-0.7091914717208878
-0.7758484033413395
-0.6997711863509983
-0.5815351944978155
-0.46367411680320453
-0.3587317487640364
-0.26606259642646063
-0.18105061375239345
-0.0994983061418237
-0.019176236300088627
0.06009745424840725
0.1369696608974986
0.20915544845244924
0.2739038839973063
0.3282832524714846
0.36935064770820764
0.39431617090320853
0.4008072535934671
0.387297070330152
0.35369573442475766
0.30202709553008755
0.23704059748562897
0.16654992590743795
0.1012611945332733
0.05386630444181722
0.037244978047822064
0.061754937330293865
0.1318068801758247
0.2422324271112802
0.3753721801566928
0.5003505731477623
0.576677415755289
0.5651360586635163
0.4498980520582152
0.2769571508156845
0.2153146546732838
-0.7206772560836003
-0.7901187446278031
-0.7168156927725216
-0.6022148719883504
-0.4887951158525809
-0.3886531033027513
-0.30063095529055656
-0.2197092400799229
-0.14146309890780476
-0.06360888279750566
0.013959184116026589
0.08974134641836101
0.16129503179969926
0.22574854690400203
0.2801156279656977
0.32147312395437694
0.34711275143147546
0.3547758959897032
0.34304096209330764
0.31186890846256166
0.2632374669465703
0.201721246201987
0.1348165845389385
0.0727797561067916
0.027758068268746165
0.01205863265304825
0.03553226506725262
0.10226318731788411
0.20706208408841556
0.33267372749113694
0.4491439378206353
0.5174572184956475
0.5003691032793979
0.3843292017135938
0.21753524138549082
0.17048820026803865
-0.7285515092594779
-0.80026473441367
-0.7300270112647216
-0.619750721114247
-0.5115911485723517
-0.4170308452816622
-0.3343057993373259
-0.2579503408481451
-0.18330309778780576
-0.10803793429763311
-0.03214853882584668
0.04268993517440096
0.11384715491227024
0.1783014149432639
0.2329845264274601
0.27496778570117825
0.3016010394564279
0.31071758684831835
0.30098020144457255
0.2723810351907712
0.2268336995873982
0.16872252315754394
0.10521497612467841
0.046111650115637136
0.0030170997522705853
-0.012322588706483175
0.009459678135362873
0.07215775106668329
0.17061080981168741
0.28802958866208195
0.3954526000114777
0.4554145524484443
0.43271447184032286
0.31613492164496404
0.15609929961917882
0.12457457924853114
-0.7348178734663857
-0.8081430125004949
-0.7410879096328997
-0.6356437377220809
-0.5333869586042923
-0.44502801235833794
-0.36810862070397726
-0.2966770446847498
-0.2258273509150904
-0.15320236082166983
-0.07891736638256586
-0.004849776767718156
0.06615450408721432
0.1308970956814993
0.1862032878383842
0.22911645196596347
0.25702416880358414
0.2678328719561383
0.2602723015628594
0.23434982244462668
0.1919008031216411
0.13710789328912315
0.07680229477977514
0.020327111825578194
-0.021250292344551273
-0.03673019677320289
-0.017204052714511885
0.040868082077538025
0.13240134299449216
0.24112908032021813
0.3391444941572453
0.3905933466431686
0.36236807581945985
0.24560940008364948
0.09294828813874442
0.07773209384821529
-0.741438914157111
-0.8155769763351809
-0.7516518400561157
-0.6513676387895285
-0.5554816186234551
-0.4737841340413717
-0.4030407018267436
-0.33677695158141446
-0.2698354190948721
-0.19983881428536496
-0.12704454155395556
-0.05355674005129296
0.017538172543165607
0.08284164368600865
0.13905119034515365
0.18316334451276317
0.2125865693922433
0.22528528395085765
0.22004251782779302
0.19686869612646607
0.15751074149686048
0.10594219622615067
0.048654526901200916
-0.005464704317853439
-0.04587641757043103
-0.061909962043812605
-0.04508864237509365
0.007909903485897632
0.09212178923356795
0.19185409256716093
0.28030709115381774
0.32328364841752816
0.28979822090898916
0.1733455371473585
0.02870692566266978
0.030473664604553835
-0.7502174027003958
-0.8242467734526804
-0.763241173820568
-0.6682747789208581
-0.5790615000011803
-0.5043345810354392
-0.44000814744999955
-0.379052146558363
-0.3160516838502339
-0.24861957329539525
-0.17717386618542325
-0.10406708465024513
-0.032647745754030386
0.03346559710126574
0.09082526395375143
0.13636592608576983
0.16750398729119476
0.18225060996789982
0.17943233775347278
0.15905439830647375
0.12276894034536706
0.07433678529010133
0.019909872904580964
-0.03207443069061902
-0.07159349827959675
-0.08848629563181996
-0.0746802786384028
-0.02703496812364764
0.04964885806989421
0.14029720364829912
0.21925996813397644
0.25402830570362506
0.21574616508092584
0.10022927547543815
-0.03568614994447182
-0.016350919973795
-0.7626913644169339
-0.8355920577449356
-0.7771572138887185
-0.6875128842924209
-0.6051231345998043
-0.5375389253255517
-0.47975509816242695
-0.4241566254745214
-0.36506636510930135
-0.3000965684020446
-0.22984219904804026
-0.15692261728326168
-0.08496625044565535
-0.017827390389355113
0.04088788670442447
0.08804160893071392
0.12104936136741015
0.13796189907337564
0.1376434897836415
0.12008977874054216
0.0868555580459552
0.04148889687675264
-0.010194236029538069
-0.06019833294156003
-0.09900293750306471
-0.11693553068027152
-0.10629952759305823
-0.06410176346943662
0.005058893795607176
0.08676632854405261
0.15655258322420637
0.18361346314826926
0.14120904456312916
0.02741480614110097
-0.09901087404403582
-0.06159496865743427
-0.780047015493679
-0.850731404320881
-0.7944056688560697
-0.709956092771973
-0.6344092778184331
-0.5740214545785234
-0.5228081163988161
-0.472543983023609
-0.41728596825588826
-0.3546540866315565
-0.2854339705305236
-0.2125267642613765
-0.13985449834798205
-0.07151850841919585
-0.011291931659398692
0.03760832737952748
0.07259263777234909
0.09174837806499343
0.0939757278962195
0.0792601273091024
0.04905996185156755
0.006713790049905774
-0.04229188228057002
-0.0903925420503839
-0.1285536864354193
-0.14756910248894684
-0.1400900169375558
-0.10323763295333829
-0.041373847395644626
0.031775530360695366
0.0929470754450541
0.11304289961639878
0.06740541994531621
-0.043718854836276605
-0.15981814498210992
-0.10387602615313357
-0.8030529558183417
-0.8704015600316257
-0.8156405904869833
-0.7361531414445587
-0.6673608659273408
-0.6141263973061095
-0.569434175200435
-0.5244276763379898
-0.4728953652140327
-0.4124722581758931
-0.3441457208259508
-0.27110987529380326
-0.19758966387645246
-0.12794008168712853
-0.06610523619131371
-0.015382598745275535
0.02163303460946164
0.043066875900213276
0.0478570836816623
0.03598183509691802
0.008807298669696706
-0.030531345227619217
-0.07686805178602359
-0.12305643032826338
-0.16053033315212387
-0.18052710063421915
-0.1760182093741927
-0.14420838778339024
-0.08919162087869197
-0.023977746033862126
0.02938657302993507
0.04349693276326689
-0.0042755697462963736
-0.11162864848409496
-0.21650053522041174
-0.14165628080803672
-0.8320181521546107
-0.8949189157170222
-0.8411290251459882
-0.7662948275852536
-0.7040868797576834
-0.6578897660248896
-0.6196140601181295
-0.5797555845535949
-0.5318331455478525
-0.4735028813475739
-0.40596214118436413
-0.33270529346299543
-0.25826492819236074
-0.18725145297547177
-0.12377896699049686
-0.07122241622173325
-0.03217726864012053
-0.008475182990024909
-0.001134262215147527
-0.010177365254123225
-0.03432348185826338
-0.07063223713256797
-0.1142470685791393
-0.15842539143211778
-0.19505102091776008
-0.2157821356549292
-0.21388402763263112
-0.18661667396490283
-0.13777966683193826
-0.07964813357240565
-0.03304985169805488
-0.023722696560541646
-0.07233973541448174
-0.17468358359266653
-0.26737894934175965
-0.17333949646226432
-0.866775352970069
-0.9241647375378599
-0.870737822704882
-0.8002021018781981
-0.7443533966071801
-0.7050290300158716
-0.6730323311238299
-0.6381999508236044
-0.5937812668849256
-0.537458559965889
-0.4706445381322868
-0.3971370567204187
-0.3217764064288337
-0.24942520819304068
-0.18436164158689414
-0.13003032710772985
-0.08901856464193124
-0.06310568357608638
-0.053256867318814655
-0.05948685933229364
-0.08059032204309897
-0.11381118711177025
-0.15458998839211038
-0.19657279040723785
-0.23207479821238483
-0.2531529420070091
-0.2533415547035096
-0.22993058575933037
-0.18640350283606463
-0.13428900716595965
-0.09320381178550516
-0.08725988694021924
-0.13526564687687695
-0.2312534198218457
-0.3108020910995131
-0.19738092097555868
-0.906690638286445
-0.9575948040447073
-0.9039432005614862
-0.8373353490449691
-0.7875923484335734
-0.754951102884994
-0.7290842999207129
-0.6991631342590132
-0.6581694049670804
-0.6038155258810955
-0.5377320641845796
-0.4640195425024514
-0.38782128876377
-0.31424397831258627
-0.24771906720633857
-0.19174844723732654
-0.148898244847626
-0.12088262068394039
-0.10860158695889338
-0.11205012895177474
-0.13008717779732148
-0.16012911707835273
-0.19790039855956265
-0.23742037557810994
-0.27141751904440214
-0.2923266436062643
-0.293928523194078
-0.27352119879608505
-0.23425525981444403
-0.18690829662641398
-0.14990345892379778
-0.14578049493008427
-0.1915916736012302
-0.2798064883052178
-0.3452548891500924
-0.21240587499269423
-0.9506988407986201
-0.9942731785534092
-0.9398627909063769
-0.8768245866668032
-0.8329297226894894
-0.8067783886073346
-0.7868997742630937
-0.761798930773673
-0.7241937679500279
-0.6718299140182973
-0.6065554811460798
-0.5327688150742
-0.4559069420915523
-0.3813075445712466
-0.3135397802128979
-0.2561459929110635
-0.21165422769618208
-0.18169734137444304
-0.1670952772294403
-0.1678096293438123
-0.18275084265593938
-0.20949516168774648
-0.2440376368673335
-0.280756005427126
-0.3127749668870729
-0.332888154035747
-0.3351028420025621
-0.316707023374356
-0.2805067892518465
-0.23653087756856417
-0.20203566380938093
-0.1980546583702737
-0.24000862209810597
-0.319012599941493
-0.369471385033973
-0.21733204482108504
-0.9973635938576325
-1.0329289186010737
-0.9773090219720527
-0.9175194835171326
-0.8792321581575414
-0.8593918887557077
-0.8453826204671611
-0.8250485594729832
-0.7908495128657821
-0.740566663785557
-0.6762626592731293
-0.6026249006308887
-0.5253702102558594
-0.45004948784120125
-0.3813494454317997
-0.3228319079701321
-0.27696636658275714
-0.24528535883811006
-0.22851170645541727
-0.22655854936504885
-0.23837435851508532
-0.261682571289911
-0.2927360557567992
-0.32625715608836797
-0.3557514843250089
-0.37435478604453554
-0.3762840023989505
-0.35880296126297356
-0.3243668388184132
-0.28226452267516167
-0.24862116150618482
-0.24304138705289663
-0.27945382514141176
-0.34784645594184516
-0.38254702300482835
-0.2114899085241738
-1.0449597833871793
-1.0720336013981426
-1.0148618143483088
-0.9580572798168588
-0.9251701175265662
-0.9114896488218339
-0.9032645138660516
-0.887689770702102
-0.8569753000823255
-0.8089396545945282
-0.7458544829914302
-0.6726837136748847
-0.5954056778957907
-0.5197621763085204
-0.4505330249674242
-0.3912747415752046
-0.34437463269120533
-0.311243500584581
-0.29248838737543553
-0.28795809694898844
-0.29662556475618646
-0.31634936493156207
-0.3436286360680834
-0.37351835439190517
-0.399892068879828
-0.41621381996156487
-0.4168968747501308
-0.3991710101494618
-0.36513924360125055
-0.3233660325556435
-0.28888892088536355
-0.279971286312662
-0.3092021203858964
-0.3656865345298537
-0.3840448151041365
-0.19473523013925295
-1.0915752200551005
-1.1098966419255136
-1.0509577272005246
-0.996945899137255
-0.9692950768612455
-0.9616581285881396
-0.9591706001904212
-0.9483969288144734
-0.9213079597965018
-0.8757611602394726
-0.8142293471997762
-0.7419369053944262
-0.6651012415798486
-0.5896284931742852
-0.5203631602001146
-0.46082824511258647
-0.41330254746014955
-0.37905185249132883
-0.35854775768655733
-0.35155868165307974
-0.3570690787796318
-0.373061923407606
-0.3962730119394912
-0.422080443176044
-0.4447156591535761
-0.45796054374443335
-0.45641516718987984
-0.4372697144576855
-0.40227882675939963
-0.35930390162715414
-0.32234572053943633
-0.308422987102236
-0.32894884613888453
-0.372404097621293
-0.37408950208990505
-0.16754717896189328
-1.1352274207055615
-1.1447745143023578
-1.0839918820377632
-1.032658790857933
-1.010127475211795
-1.0084534360536805
-1.011694194391791
-1.005809372787606
-0.9825447387317663
-0.9397982426250836
-0.8802340030820524
-0.8093175163507352
-0.7334789777101322
-0.6587583836664753
-0.590032917526006
-0.5307608903762594
-0.4830840975632974
-0.4480987403112624
-0.4261209360957027
-0.41682318265589086
-0.4191898320164471
-0.43131955548754913
-0.45017782122848293
-0.4714594454938078
-0.4897472000376333
-0.4991341442319301
-0.4944016841621307
-0.47269922519998003
-0.43544156222237596
-0.3898137256483153
-0.34883675470662356
-0.3283886847275589
-0.3388797956740941
-0.36843675749649096
-0.3534436071089957
-0.1311053847530673
-1.1739905098248833
-1.1749891729249966
-1.1124282391976934
-1.0637373487926045
-1.0462515310401903
-1.0504887821117335
-1.0594771129234117
-1.058604876653437
-1.0394101609351456
-0.9998333154780287
-0.942718164455606
-0.8737490073864979
-0.7995390253254188
-0.7262280638768959
-0.6586908437487389
-0.6002873361773479
-0.5529922174853811
-0.5177068671767151
-0.4945721802366272
-0.4831504095892608
-0.48241622187234195
-0.4905780217233503
-0.5048272595345015
-0.5211727680286042
-0.5345460569366335
-0.5393488154233785
-0.530542511612298
-0.505238820507392
-0.46452553870105084
-0.41494253939503495
-0.3685930673495966
-0.3403241533158652
-0.33972302420154604
-0.3548409815722965
-0.3235592000036047
-0.08733914117288427
-1.2061264383200654
-1.1990502233016023
-1.1349131200984632
-1.0888961314766266
-1.0764124715582766
-1.0865240096722255
-1.1012917866054288
-1.105574634978383
-1.0907241895307185
-1.054725808874665
-1.0005900306556392
-0.9341950299537192
-0.8623040290697186
-0.7911195984676272
-0.7254761764938524
-0.668599802465632
-0.6222668867187653
-0.5871587151309872
-0.5632221873945402
-0.5498969008022832
-0.5461409974387225
-0.5502700753331168
-0.5597018062390079
-0.5707605871556458
-0.5787284624044997
-0.5783175709208696
-0.5646723823192129
-0.5348738681436982
-0.48969939442534677
-0.4350784011364265
-0.3822617362642361
-0.34517871992251087
-0.33277751008209333
-0.33331800903581615
-0.28659927151818054
-0.03894203438130933
-1.2302139837842045
-1.2157747291353083
-1.1503862722071183
-1.1071255783205547
-1.09961125213362
-1.1155526418725383
-1.13612094958057
-1.1456959019762911
-1.135468132143043
-1.1034716713209858
-1.0528697354457706
-0.9897071956757404
-0.9208616288753928
-0.8525585357791478
-0.7895520742489041
-0.734897365563982
-0.6901409759454549
-0.6557194364211348
-0.6313685245852325
-0.6163953747004698
-0.6097381908328892
-0.6098212942032244
-0.6142933235862346
-0.6198005092932436
-0.6219819399360811
-0.6158665196950895
-0.5967887551025394
-0.5618094973082645
-0.5114151813191411
-0.45096183070078977
-0.3909150176012317
-0.3444009666046404
-0.3199139497515377
-0.3062079219722875
-0.24542287407602878
0.010654482779678447
-1.245268359362689
-1.2243979776925291
-1.1581832792424458
-1.1177864890262164
-1.1151914812743755
-1.1368815950782132
-1.1632304611667212
-1.1781982319189954
-1.1728446071063825
-1.1452573733835545
-1.0987377091073334
-1.039468130559797
-0.9744025539901086
-0.9097474029704559
-0.8501348852879635
-0.798411380869039
-0.7558622049579544
-0.7226557218501303
-0.6983017668151432
-0.6819684703375408
-0.6725747523577192
-0.66865984771291
-0.6681131203624745
-0.6679140061346178
-0.6640700745560725
-0.6519378027247393
-0.6270525910603625
-0.5864687050225896
-0.5304030814219249
-0.46367617566954084
-0.39603513011945735
-0.33991639645365435
-0.30354342974995924
-0.27644707135654345
-0.20352863487825468
0.0573546126387379
-1.250843732969559
-1.2246680754868342
-1.1581227420211533
-1.1206902269890069
-1.1229130280078226
-1.1501985291938857
-1.1822307072863802
-1.2026192189772291
-1.2023278961772943
-1.179505141145061
-1.1375750583474487
-1.0828272675159574
-1.0222520955077632
-0.9619931261832325
-0.9065177804711237
-0.8584255860131649
-0.8187099601632531
-0.7872495545658887
-0.7633163769561351
-0.7459368991120507
-0.7340160619527075
-0.7262193825132156
-0.7206921358452014
-0.7147637106895021
-0.7048266039500467
-0.6865800084666341
-0.6557744442420721
-0.6094732680285951
-0.5476460529221996
-0.4746146412540732
-0.3994720235082862
-0.33407396613694057
-0.2865503848906103
-0.24748472053570408
-0.1649519034941224
0.09652422408351866
-1.247110560589047
-1.2169169264645459
-1.1505714112218273
-1.1161584365257717
-1.1230066883715093
-1.1556217760374894
-1.1931220622533376
-1.218845732132072
-1.2237011679221956
-1.2059063646982082
-1.1689933416313862
-1.1193271573686117
-1.0638931091981578
-1.008726867000438
-0.9580875473711387
-0.9142899536667025
-0.8780062769602043
-0.8488063539120427
-0.8257159932569673
-0.8076217958895061
-0.7934251872963551
-0.7819349382393729
-0.7715731530390698
-0.7600414374484529
-0.7441386028434507
-0.7199257031913803
-0.6833853188957345
-0.631606680056439
-0.5643333438323705
-0.48542258934978777
-0.40337235186914366
-0.32955926860598844
-0.27218713460194344
-0.2231556512618518
-0.13411167551519937
0.12317387307283811
-1.2348993823846632
-1.2020999708498141
-1.136480357835816
-1.1050560443239208
-1.1162043418942778
-1.1537279118300152
-1.1963200856769836
-1.2271369009971977
-1.2370773799110186
-1.2244405121499387
-1.1928515616413324
-1.1487185790209964
-1.0989792548215984
-1.0495153723176733
-1.0043339980232249
-0.9654280645389071
-0.9331210377347139
-0.9066578010337496
-0.8848136167355048
-0.8663419207857864
-0.8501566560675945
-0.83523273305537
-0.8202959084468419
-0.8034477750646142
-0.7819195428064442
-0.752156743621229
-0.7103927962998781
-0.6537594021988601
-0.581792893762049
-0.4979148067760263
-0.4100789775878852
-0.32927326093536097
-0.2639284054894477
-0.2075065955920285
-0.1156045518882167
0.1322022364926543
-1.2157026339827386
-1.1817970502465212
-1.1173853358494987
-1.0887914631583977
-1.1037392530097325
-1.1455523378727344
-1.1926564987573818
-1.2281255469377852
-1.242901172965937
-1.2353774488376428
-1.2092588274444163
-1.1709634195045018
-1.1273379249158686
-1.084063735816317
-1.0448522954735466
-1.0113386733636458
-0.9834723853325562
-0.9601606314743097
-0.9399282262047571
-0.9214074378626798
-0.903546621934278
-0.8855158055745407
-0.866377144392644
-0.8446653083806716
-0.8180742452985434
-0.7834592996852265
-0.737324216850078
-0.6768580166108429
-0.6014039640892447
-0.5139687774534121
-0.42200167801190197
-0.3361767894185008
-0.26528561284374735
-0.20457572671015678
-0.11394436587647727
0.11870199110572371
-1.191626103248372
-1.158166929156248
-1.0953647404125935
-1.0692782463211443
-1.0873115819702148
-1.1325587198758431
-1.183352544942872
-1.2227953864162606
-1.2419297726435907
-1.2392618303129128
-1.218561972270764
-1.1862251899658516
-1.1489632709071733
-1.1122104811738216
-1.0793395708699758
-1.0515932593851358
-1.0285245202993214
-1.008693895667997
-0.9903806091347978
-0.9721132997540919
-0.9529026464627496
-0.9321488797237166
-0.9092890648756727
-0.8833289740659208
-0.8524592232201261
-0.8139720202152915
-0.7646602331739799
-0.7017814264908844
-0.624492909739971
-0.535396583894163
-0.44146133322252207
-0.353102782714668
-0.27958230282136154
-0.21812607859639277
-0.13324775188060456
0.07832852411296365
-1.16528193078712
-1.133848360406968
-1.0729490090444698
-1.0488529700058362
-1.0690147806679269
-1.1165738268209364
-1.1699621074593216
-1.2124321756909635
-1.2351918275231113
-1.2368792217797526
-1.221318464210508
-1.1948481598696186
-1.1640009129766835
-1.1339171156217431
-1.1075884987483944
-1.0858327037425815
-1.0677864535739887
-1.0516586416843194
-1.035492697594659
-1.017736813415163
-0.9974979079872592
-0.9744474481736386
-0.948441322737603
-0.9189987562228993
-0.8848436411611242
-0.843732539698212
-0.7927638432474468
-0.729269063946133
-0.6522168474193422
-0.5637999255394069
-0.47051175341688856
-0.3825398796699123
-0.3096940659969117
-0.25133568412531443
-0.1768678582282962
0.007729928204128544
-1.139615525933365
-1.1118011477513914
-1.0529759689685378
-1.0301448637424835
-1.0512193764745497
-1.0996852203369425
-1.154282946249487
-1.1985480334945235
-1.223924256383797
-1.2292048117359056
-1.2182562322900814
-1.1973274444740758
-1.172727338063423
-1.1492557831190156
-1.1294820390721527
-1.11376783484377
-1.100816940339996
-1.088485681461906
-1.074596455806362
-1.05754576741915
-1.036576499194472
-1.0116779636982236
-0.9831736002295357
-0.9511419007277456
-0.9148781325836148
-0.8726295654260932
-0.8218120844323636
-0.7598281675515639
-0.6854421011443284
-0.6004148908233561
-0.5107454746375866
-0.4263934470764962
-0.35775843758440073
-0.30644943926971413
-0.2469806351738747
-0.09496550373136059
-1.1176594647837446
-1.095081448737857
-1.038387516096091
-1.01589368153447
-1.0364117074347845
-1.084100390998581
-1.1382356450350612
-1.1827794867772388
-1.209488562638411
-1.2173370492111728
-1.2102235649359296
-1.194273985628091
-1.1755286633552076
-1.1584003848999205
-1.1449953561344186
-1.1351904449693904
-1.1272427410284669
-1.1186590777395125
-1.1070603950304359
-1.0908255811713445
-1.069378603419612
-1.043078201902727
-1.0127680625174882
-0.9791340854366787
-0.9420810089976452
-0.9003701172042127
-0.8517399357065838
-0.7936495888358432
-0.724626731963091
-0.6459555720305041
-0.5630923274655966
-0.48573243974297964
-0.4248628155026948
-0.3844002332733205
-0.34413067538421416
-0.22961062648652364
-1.1022083685511759
-1.086546590534779
-1.0319641361590999
-1.008713524267916
-1.0269864805454296
-1.0719673343708886
-1.1237113411863402
-1.1667613496699065
-1.1932697200938542
-1.2024202578783678
-1.1981340374307927
-1.1863802387886262
-1.1728853862655664
-1.161628547135891
-1.1542130022859365
-1.150003522615137
-1.1467995576855277
-1.1417652496002813
-1.1323441082416856
-1.1169363067189888
-1.0951967610699729
-1.0679093288290522
-1.036493479921992
-1.0022915433754935
-0.9658539974414984
-0.9264741318338432
-0.8822086517610686
-0.8305442972168944
-0.7697192004611242
-0.7004683826917801
-0.6276223804757648
-0.5605333764740636
-0.5107212702699238
-0.48440974658787694
-0.4667464627802749
-0.39345886805850383
-1.0954099448064987
-1.08848595635467
-1.0359951616691347
-1.0108018028933523
-1.0249935970732076
-1.0651582226760452
-1.1123910625073803
-1.1519803831538673
-1.176562654893509
-1.18556228208383
-1.1829135052673618
-1.1743945355256526
-1.1653719718687687
-1.1593441165710403
-1.1573718242573865
-1.1582818811107138
-1.1594074937122927
-1.1575801556461915
-1.150093836998385
-1.135412990163657
-1.113477167841512
-1.0855539886584162
-1.0536956454007425
-1.0199490132829514
-0.9855425639117055
-0.9503116075414133
-0.9126137547522619
-0.8699157917213831
-0.8200882837035164
-0.7632120420920026
-0.7033679943970743
-0.6494358665585307
-0.6133543061064133
-0.6035825256994336
-0.610638112408568
-0.5805542116754312
-1.0982688266933507
-1.1021760561282137
-1.0518843154098059
-1.02359428747493
-1.0318415405645416
-1.0650197733026738
-1.1055415315720978
-1.1396148081758704
-1.1604535600077734
-1.1677555151583392
-1.1654585769589496
-1.159114546316689
-1.1536826607204353
-1.1521324709060934
-1.154942727259022
-1.1603771105064355
-1.1652956980155862
-1.166209890966152
-1.1602950217110906
-1.1461258976812654
-1.1239830011283707
-1.0956778357403105
-1.06395187460601
-1.0316016020554901
-1.0005591374577332
-0.9712007650272394
-0.9421512529712306
-0.9107870108074225
-0.8745027882984395
-0.8325816460867568
-0.7881832096754113
-0.7495276377879976
-0.7287891762583785
-0.7365105123495637
-0.7684942746839782
-0.781107823687651
-1.1100615815998873
-1.127359737776389
-1.0796920377064483
-1.047369235116535
-1.0479617700317287
-1.0720961586657343
-1.1037946355307118
-1.1303681737656446
-1.145705796534413
-1.1498122648788536
-1.1466186685304276
-1.1414130387900232
-1.1386977295808598
-1.140863857067106
-1.1477674327137004
-1.1570838522427094
-1.1651939965221458
-1.168303242905829
-1.1635010598311593
-1.1495204464777289
-1.1270401658960338
-1.0984753871353004
-1.067310882434299
-1.0371322023926477
-1.010591158113987
-0.9885893575102349
-0.9699643561793776
-0.9519040744217344
-0.9311833839424581
-0.906099063505549
-0.8786625451575842
-0.8561809045320885
-0.8508022730790339
-0.8749091497420363
-0.9293988475305301
-0.9808814095079352
-1.1276632967031457
-1.1616516404723747
-1.11761834641093
-1.0808059456596224
-1.0724410184158737
-1.0858328588109187
-1.106920413000998
-1.1243088297566979
-1.132662976001302
-1.1323283403097608
-1.1272167582376302
-1.1223122274069297
-1.121607620434991
-1.1268632329571946
-1.137269705065635
-1.1498878103677392
-1.1606128004627863
-1.1653583068436197
-1.1611611199575829
-1.146960369308336
-1.1238896019499394
-1.0950248824205957
-1.0646431979867983
-1.037150031923232
-1.015919847341304
-1.0023452877025303
-0.9953970305151056
-0.991943310714662
-0.987953042776839
-0.9804960986021509
-0.9701455245546802
-0.9629661886296894
-0.9707294204715362
-1.0073105257670196
-1.0783925053017187
-1.1606017705913443
-1.144788499918369
-1.199874454326832
-1.1614325510469885
-1.120505773557876
-1.1026311804802198
-1.1042727442928486
-1.1136063954157995
-1.1207293366302995
-1.1211849954838646
-1.1156920141122328
-1.108127319703021
-1.103126457531702
-1.1041158850200752
-1.1121687025046643
-1.1257642172596602
-1.141319684697871
-1.1542364274780406
-1.160149182378099
-1.1560738491566198
-1.1412016981190396
-1.1171744166354411
-1.0877810223248447
-1.0581315249295997
-1.0334701629544973
-1.0178799578436193
-1.013187100712626
-1.0183851973513587
-1.0298525292611957
-1.0425171247980352
-1.051921457956106
-1.0568378858540903
-1.0616743824745987
-1.0773746085642228
-1.1188437587268147
-1.1961088295391349
-1.2954358398892296
-1.151151856743633
-1.2333333476248107
-1.2038590515319
-1.1604866431217662
-1.1337496004311598
-1.1237589078958794
-1.1212594736730326
-1.1180435784504361
-1.1106363283112701
-1.1001591404252569
-1.0904336302627828
-1.0856967755778264
-1.0887457884825027
-1.0999046154419307
-1.1168902888570633
-1.1354433559762214
-1.1504591940868893
-1.1573030681903358
-1.1529981815547785
-1.1370295935815706
-1.1115946162052293
-1.0812390324848797
-1.0519350920342987
-1.0297686103834929
-1.0194955161671384
-1.0232897341008513
-1.040021245932138
-1.0653624188475845
-1.092909114078937
-1.1163075705840058
-1.132085482585019
-1.1424829383299517
-1.1570528436041005
-1.1911380001627325
-1.2585200292824084
-1.354560706943266
-1.1315571119375987
-1.2490390687421336
-1.233931712980553
-1.1916654880445687
-1.1584860534520702
-1.1386623553617374
-1.1258501577768376
-1.1137431444879962
-1.0999497730923453
-1.0860192062443925
-1.075690744548341
-1.0727451230906695
-1.0792796924421646
-1.0947997679301134
-1.1162021809975196
-1.1385111864304776
-1.1560982520478476
-1.1640627660139558
-1.1594572241556307
-1.1420948884439461
-1.1147671210399608
-1.0828084789054238
-1.0530670848465036
-1.0324526548943425
-1.0263317420309725
-1.0371061353495374
-1.0633328146908614
-1.0997092865328284
-1.1381434003225834
-1.169938748438824
-1.18884237045574
-1.1943075962522247
-1.1938083556738963
-1.2023890378130542
-1.2368328834258318
-1.3008688224590337
-1.0649261355639723
-1.2288937408260523
-1.2363329369573854
-1.2013467804241085
-1.1666365726185806
-1.1411566330933889
-1.1218231730246178
-1.1044387265977313
-1.087793148396667
-1.0738814795077056
-1.0663249068268952
-1.0683804718869352
-1.0813650102989492
-1.1038859035370248
-1.1319524841851543
-1.1598242368153606
-1.181322162280189
-1.1912747062780102
-1.1867763764970167
-1.1679924693572694
-1.1383340802588187
-1.1039406632066555
-1.0725297196245034
-1.0517916149907087
-1.0476089285337054
-1.0624510185153113
-1.0943225165073578
-1.1366161314372363
-1.1791223309399772
-1.2102680566126676
-1.2203805040248223
-1.2053870406959248
-1.1698554286134915
-1.1276365451335515
-1.097581640182387
-1.0908547114674256
-0.9232837013267083
-1.1488572588940222
-1.1907375618265483
-1.172739445033585
-1.1447885189982134
-1.1210658304720962
-1.1021028068356555
-1.0860168583653165
-1.072871105332342
-1.0651152054961646
-1.0662050650542145
-1.078794205369789
-1.1033256117246353
-1.1374168918339844
-1.1761104038234063
-1.212840558699515
-1.2408396439556135
-1.2546481357374422
-1.2514024498609846
-1.2316293098213649
-1.1993682656645461
-1.161559264115425
-1.1267574305660695
-1.1033592603318176
-1.0976301128827224
-1.1118991414552113
-1.1433214544466637
-1.1835852771975262
-1.2198510460723142
-1.237036604066983
-1.2212948613964016
-1.164154318556573
-1.0662956061118756
-0.9393055578340466
-0.8029711847152896
-0.6747361396992417
