Predicted value
-0.978118157235599
-1.4223555587262808
-0.9476626343742964
-0.49252246158846447
-0.2109329888147613
-0.11073364825585941
-0.15194820680460452
-0.26069254435003586
-0.3568593516118881
-0.38428142112195474
-0.32325985292970927
-0.182843003407811
0.01653941858160124
0.2575083689590656
0.5304596228116907
0.8293951848382903
1.144545170988863
1.4579496073816927
1.7451621746660066
1.9820473563787573
2.152675187446789
2.254002780842825
2.295280101430876
2.293430846216438
2.2678466478711243
2.2373435734392615
2.2183720806273186
2.219347513635171
2.225933830320514
2.1815481713539384
1.9877169491525137
1.570055245955814
1.0435434620013666
0.88971138270756
1.6862480347746214
2.0653601221516737
-1.0702675437939888
-0.8687273995790292
-0.5534455432323284
-0.42256361321119584
-0.3633641698277188
-0.3222655726146968
-0.290010257813492
-0.24880236319745563
-0.16785828271122227
-0.023839552529580033
0.18462401026886255
0.4388351126951875
0.7124970482038862
0.9840808337439739
1.2421431814541393
1.4830765341196184
1.7053534665144525
1.9051892190557282
2.076285981201181
2.212954641823899
2.3135958912782826
2.3815357870719254
2.4224073261054855
2.440186351785087
2.4355332600425754
2.4086327585084746
2.364284764110039
2.3120792230253073
2.2539537868700563
2.160793507518747
1.96098811700233
1.5880530278085416
1.1298582951037588
1.017147550503978
1.848792550670396
2.645603922453347
-1.1685632017325247
-0.6587819697052169
-0.45581533556111253
-0.49207669744833993
-0.518212451625061
-0.4652950314303439
-0.35735629501101585
-0.2167495842825815
-0.04145543333021351
0.17762780097467612
0.4378856370914832
0.7209517384782771
1.0009550069166266
1.2555528302245307
1.4723511471481174
1.6488739153271013
1.7886791177542705
1.8974748473476097
1.9815123775774168
2.0478799262486405
2.104545601125835
2.1582502609171
2.2104568985600395
2.254110414734839
2.2749569436796833
2.259098159629218
2.203423754602511
2.1201251473176512
2.0255582861234984
1.9129369766056357
1.7301239465732579
1.4102132086919141
1.0041074307396798
0.8732675364871625
1.5888504204098695
2.4312156073014535
-1.2127357812388482
-0.6205762204082248
-0.49282116050028435
-0.5904276168204206
-0.6150463493078178
-0.5096749197306281
-0.32921295449943955
-0.12254792237979473
0.09858146597241557
0.34125837958936245
0.6073281274977944
0.883901348117206
1.1482364663550015
1.3781285333993765
1.5597938879209323
1.6901738240311488
1.774975169031677
1.8254182235533563
1.855698538333968
1.8811228354294371
1.9155319229377028
1.967029809445421
2.033016944676774
2.097728585933851
2.136017095049624
2.124574821684405
2.056347188531049
1.9480957678221102
1.8298367285306654
1.7138980276401412
1.5633432112801984
1.3074554823476774
0.9582519831641321
0.8026799599699643
1.35822096226741
2.0760738184316097
-1.2004606113567036
-0.6677354197616125
-0.5887246790441907
-0.6844491211002435
-0.6628405355384359
-0.49232178440641405
-0.25304038298853015
-0.00896544775312691
0.22508719524850562
0.4617300438717109
0.7116132650230327
0.96931062199846
1.2157559226063483
1.4285887735788663
1.5917182694961127
1.6999129728821742
1.7586590716167336
1.781564306794479
1.787159087009485
1.7954018984812308
1.82317098886503
1.8785050974148305
1.9551735617291968
2.031038739977106
2.0738381180791237
2.055139071248419
1.9675244985971574
1.8340899974053855
1.6979027961362192
1.587864767042248
1.4793811992080919
1.2970741499867415
1.016661235586838
0.8536045789497564
1.2613248623945026
1.802630868422824
-1.141095120343195
-0.7457177824397121
-0.696584123930549
-0.7582450579491677
-0.676182629347565
-0.44812618483619815
-0.17214344063431497
0.08208963116051393
0.30395541344167043
0.5157406623579988
0.738460982027064
0.9741699667713561
1.206846750873538
1.4131850144667766
1.5739098957700577
1.6804706058271819
1.7364845533255249
1.7557042050550677
1.7583133471412822
1.766216096242104
1.7971803742035064
1.8581790631186692
1.939897401693841
2.015959540591794
2.05029594787284
2.012992446894586
1.8991741969890796
1.7394648564474693
1.5890363267426153
1.4908150088205758
1.430101865772869
1.3270438485509857
1.1258555290248324
0.9782754286720348
1.2734256333552736
1.6476551478659331
-1.0426023434973004
-0.8146034890121783
-0.7805726456079256
-0.796132100952299
-0.658392598232048
-0.3919945916852967
-0.10507169632209212
0.13435783026610437
0.3244475222866967
0.4988464159827899
0.6886634783556005
0.9023085308303607
1.12564978088934
1.333606000002753
1.503165605264165
1.621890916029166
1.690625486507905
1.7218468465569785
1.735528748608509
1.753539603924672
1.792934346641026
1.8589119316611615
1.9396159851461263
2.0062630117314697
2.021726892766843
1.9575359647245918
1.8135009387490797
1.6282844721532044
1.4677018904995052
1.3858470079649763
1.375373212509011
1.3523073610262983
1.2349111431857054
1.1212825710420802
1.3422247856149383
1.5844117044738013
-0.9115908918007101
-0.8466804681098203
-0.8145663322607781
-0.7834269009523034
-0.6043461076711303
-0.32281935710200216
-0.049549816064494934
0.15454244187519706
0.29880800767726967
0.4281998580612374
0.5824990553559424
0.7747711664628021
0.9914993788141153
1.2052135426793775
1.3890547706025025
1.5267216131813832
1.6160575351546704
1.6675576339469451
1.699808070593594
1.73325202570091
1.7830556542807479
1.8521355671871227
1.9265702514967025
1.9766666658644745
1.9664377888166946
1.871086891841447
1.6965345402861551
1.4893515340668735
1.3240355796665249
1.2626314739053903
1.3023195060418438
1.3551004758334564
1.3187283128229872
1.2484792427231248
1.4262476805322883
1.5759496557413293
-0.7562941572010917
-0.827648937188906
-0.7847609493307122
-0.7116969994500781
-0.5083982286638733
-0.23347580407530621
0.0063228059462741015
0.16081561076507533
0.25128388679227065
0.3327192881055563
0.45149188664973927
0.6234170678470914
0.8344384925956003
1.054410080878247
1.2529661560545602
1.4104886134759962
1.5221588511436206
1.5963567287689582
1.6496497486279704
1.7001334391062866
1.7602383092163958
1.8302266125349629
1.8944977513424188
1.9236300010088936
1.884469079689529
1.7575193881798494
1.5556273574940302
1.3326243692660409
1.1693524867210936
1.132324909985888
1.2201573499866125
1.3405145283782414
1.3755374994940777
1.3482470416351813
1.5025445586927386
1.593148938718377
-0.5882618544225675
-0.7566768884959725
-0.6909635637400111
-0.5824718822752271
-0.3706831350206681
-0.11933195132968244
0.07396904244825642
0.17178226311938438
0.20674692927946303
0.24183644519709624
0.32761057098764645
0.4807585206258427
0.6857696080732314
0.9098810001352309
1.1199533639499908
1.294012482389748
1.4253415097446425
1.5205015274269176
1.593821373697681
1.6604811046013328
1.7295771814222878
1.798439120510368
1.850080355659843
1.85625174262122
1.787898855061103
1.6319565811871701
1.408542779913562
1.1777443392419418
1.0242029903353203
1.015316041411639
1.1479045446982727
1.324614751991506
1.4161477067079904
1.423016401778968
1.5622645718333974
1.61708051053421
-0.4218119228144088
-0.6441210785405884
-0.5451115047017039
-0.4076550616236956
-0.19965963757203564
0.01729152470125417
0.15837905271860553
0.19949018645354943
0.18307996389586823
0.17757944913853851
0.23526636014533597
0.3719987476610571
0.5701792426251702
0.7947960720686398
1.0109670258610892
1.1956063568025117
1.3411453130910376
1.4529117291093074
1.5430629974881684
1.6235527447045515
1.6997283827100818
1.7657733047274506
1.8035242113219185
1.7865721193382145
1.6908833436140442
1.5105668996175696
1.2730250335793025
1.0433977183965526
0.9075520808185944
0.9302685545485874
1.1033794671365316
1.323583164084714
1.453589087710104
1.480052641095317
1.6036945890521155
1.6361338043479963
-0.2718310786761915
-0.5074606134788748
-0.3675111539727052
-0.20703949971617952
-0.011167048302345606
0.166636330861488
0.2564686617530558
0.24693631873317123
0.18809811885484784
0.15110841305540568
0.18758973609133456
0.3111122174693026
0.501636667454358
0.7225106872227425
0.9383282283488921
1.1262899966568423
1.279169126177722
1.4018086060143435
1.5044414196816351
1.5956590659340382
1.6767769765062877
1.7386652225308676
1.7621231128852148
1.723061083795832
1.6031148840661995
1.4040249287299265
1.1602795771035552
0.9408128920884202
0.830271744712979
0.8875747623905941
1.0965864971353145
1.3470432979450582
1.4964786781577093
1.5251516387421677
1.626905768929996
1.642784249413248
-0.1509988162109055
-0.366584314725789
-0.1820043063074097
-0.004177978904682966
0.17474926821791836
0.31377174873609714
0.35860370145446563
0.3090390078711591
0.22012568005426214
0.163001477641866
0.1864778033456771
0.30066351745464726
0.48296704092779574
0.6958637298944899
0.9047222934441086
1.0884610442172358
1.2414177168217941
1.3687547572366325
1.4791192014972827
1.5777148748234806
1.6616353488956213
1.718304545663453
1.7275687795526986
1.667988717899802
1.5273079479896312
1.3151497785453694
1.072775531149449
0.8717083563745414
0.7931829365394831
0.8874083374492185
1.1276739199717225
1.3958173158340612
1.5465124888053294
1.5599168100030267
1.631096108515929
1.6316923664614462
-0.0674192950158321
-0.2395302400667496
-0.01128619557436461
0.17805294992388743
0.3378148678363069
0.44212585140724703
0.4517850387861764
0.37558369353320775
0.27077877640858294
0.20590880301785508
0.22511558625254158
0.33416500957710515
0.5080013437696096
0.7090756191547449
0.9048111161318471
1.077205318852376
1.2233148109607372
1.3493964592392562
1.4628726582533684
1.5655950873874291
1.650310587953004
1.700891810878397
1.6962753551201477
1.6178867161924473
1.4598530158836696
1.2397856578795594
1.0053594285457461
0.8296120409633752
0.7885138930973661
0.9212141596802106
1.1883108154191355
1.4630222574267642
1.5991203971680144
1.5818743212876207
1.6142231331135755
1.5992139214641903
-0.023297970860859718
-0.13943526728426303
0.12672457326234354
0.321154172305249
0.46113921318114837
0.5370150168075937
0.523152923360861
0.4347547326157367
0.3285462176892152
0.26816822604271084
0.2915834997730612
0.3996163232939479
0.5649842609878063
0.7509684428745514
0.9282253494299838
1.083041897958147
1.2162048771168652
1.3357481195148497
1.448204203409953
1.55213508328232
1.6358626206671705
1.679628059989203
1.6614723199788655
1.5658084004677093
1.393293497540414
1.1695252169970303
0.9482277688901685
0.803052709752535
0.8032410339909858
0.9750864162269507
1.2649471878103142
1.5370218815365533
1.6459049876565004
1.5862214305434676
1.5739848414417779
1.5437572008535412
-0.014896148487385186
-0.07303091685385688
0.22099638537751354
0.41336413104412906
0.5337275422221338
0.5883198796612233
0.5628645615081879
0.47623473260800175
0.3820980243398068
0.3372786256948742
0.37242865454657725
0.4830964981697675
0.6401118953135551
0.8083856591847117
0.9628209859810216
1.0949935296755489
1.2102370616729345
1.318910500173732
1.4269333353189029
1.5296462021745905
1.6109042520749046
1.6472625826975729
1.6158610944740408
1.50414826634423
1.3193501241540302
1.094963196874824
0.8904111885009424
0.779246776819707
0.8229154349901889
1.033631573805617
1.3425677251106078
1.604886185869229
1.6775959522359853
1.5680694870289171
1.5092066607826764
1.4663277400928036
-0.03365114110880974
-0.04064448836385715
0.26791094933690396
0.45049516092506814
0.551591297898706
0.5918992080339037
0.5658423852348121
0.49329092563922494
0.42267925638814596
0.40254132060332914
0.45547554800760814
0.5716595715889802
0.720432803699878
0.8690325791487964
0.9974121433203283
1.103185843001007
1.196826040628531
1.2914073796504968
1.3924387641636762
1.4921042895857295
1.5697839475613713
1.5983202555272693
1.5539356137201974
1.4270988831113076
1.2315477565616821
1.0085130977395877
0.8227827311609605
0.747276553793376
0.8349604682911532
1.0833004658834495
1.4079351589731415
1.6553847183357062
1.6866017783135545
1.524353699412866
1.4209438261900074
1.370769903678986
-0.06811538716408673
-0.03739362231169931
0.2704456377647353
0.4353965148242174
0.5175135049569213
0.5497078918058356
0.5322777842826532
0.483663038204154
0.44534493592399604
0.45657766670005406
0.5315464049915213
0.655174040027942
0.7957292817878279
0.9233357336433632
1.0235625635069818
1.1005443076520272
1.1702462965762601
1.2486851811304271
1.341084280583055
1.4365318114952217
1.5099595919235345
1.530504292232298
1.4734502959157247
1.332216424622112
1.1269042812776333
0.906235845985647
0.7400299313294592
0.7001925297675355
0.8308693339890332
1.114619169990275
1.45176102031729
1.6809701423542243
1.6686491942415933
1.4549561524006527
1.3129327706207028
1.2634693179594456
-0.10625659766359632
-0.05511546629126344
0.23643304974617393
0.3764070582598921
0.43976544659979905
0.4688483519014059
0.4670569421129673
0.4493635159399704
0.4490989589360825
0.49574550579585147
0.5950805798093188
0.7270683558829514
0.8593186931162211
0.9652423951858016
1.0363415110884822
1.0834812679056023
1.128240495821741
1.1896459666108357
1.2726896719631295
1.3634268492361745
1.4324096176229286
1.445114951142797
1.3758711575505047
1.2209267941810398
1.0065106736064646
0.7885074407925401
0.6414162723520735
0.6358644862612859
0.8071273576396709
1.123144973616937
1.4696339295133132
1.6785903274827294
1.6233640827904512
1.3629230977851055
1.191318378724154
1.1525166696846643
-0.13765928496713875
-0.08453914056526535
0.1763824602415307
0.2852535945226473
0.33019100402775714
0.35992858087631796
0.37843980351157236
0.3956824256159346
0.4361952160743565
0.5196834164446822
0.643857241721449
0.7841659351046231
0.9079409229053292
0.9921117025254855
1.0341831716718823
1.051701755076612
1.0717620184782322
1.1163268547685028
1.1901543959934788
1.2763430051388902
1.34118353614138
1.3465858808732545
1.2659129239741505
1.09807764480196
0.8751109168172715
0.6596381332866381
0.5304483798416408
0.5567010111777793
0.7649807494638277
1.1092699245772517
1.461827513473754
1.6494501952347387
1.5539154291814052
1.2539025647551407
1.0637964560465216
1.0465013552405262
-0.15524877610434296
-0.11726734871874021
0.10131585692900637
0.17484387812831492
0.20209187816411223
0.2351385973355783
0.27638103674539216
0.32976385443919376
0.41094774539833245
0.5303120492705568
0.6781355131000709
0.8259109220221931
0.9410221765167356
1.0039782253163696
1.0181224859016695
1.0073945327445195
1.0041130727092795
1.032983831157241
1.0984902082893007
1.1808764500568096
1.2423499994651692
1.2413999441206585
1.1504293258959937
0.970810138263286
0.7399630717540705
0.5267320160391459
0.4137447425423496
0.4685385624638564
0.7093558835230532
1.0771756916952038
1.4322875725568744
1.5980150006945175
1.466002856508596
1.1350702364352694
0.9384284514694919
0.9531879602821228
-0.1562899735245247
-0.14724867193128202
0.0209737501458966
0.0573250139877763
0.06828745341293314
0.10641546132880593
0.1708564623847457
0.25910964477664095
0.37839825928950915
0.5306340012424022
0.6995473555062239
0.8533145397349062
0.9596401112287221
1.0025087247744864
0.9907246082239011
0.9541228064540024
0.9297910849292786
0.9448921640099762
1.0035759788817078
1.083376059690722
1.1426628409633643
1.1367112312520713
1.036991123750764
0.8470940053406897
0.6093346954958299
0.39814970499098873
0.299477030765304
0.37907736779491813
0.6473092833595593
1.033318389675029
1.3871702284807106
1.5306138466476518
1.3665275416455933
1.0138591131960601
0.8224164396769829
0.8783365383769541
-0.1425635659800875
-0.17156519471638346
-0.057386254038253516
-0.05734148146138266
-0.060382969253457465
-0.01602589694659144
0.07047784953052912
0.19029690934201968
0.34312987160702874
0.5236227126057102
0.7100347978224157
0.86791425780267
0.9654827723378372
0.9899445526087078
0.9550003426701374
0.8957070767981855
0.8533365150983423
0.8571581302619957
0.9109321595480037
0.9896783105628477
1.0482525690508229
1.0389881313445115
0.9324755372736284
0.7342594367544804
0.49097645176245325
0.28192794052231757
0.19574651004152274
0.29623287028220985
0.5863795245605872
0.9848120858505169
1.333291087368049
1.4539876271601273
1.262267188789049
0.8967826000169297
0.7210906237339103
0.8248778519816213
-0.11976568973766123
-0.19050351333696314
-0.12951443443164068
-0.1621693636478051
-0.1759726052417102
-0.1246352045022684
-0.0184292734858923
0.12809513675502215
0.30842207171568303
0.5114030887841144
0.7110404469076
0.8709596530436313
0.9600189874232955
0.9682501779819824
0.9135302329760266
0.8353247121703116
0.7784086828622575
0.7737711606482017
0.8247474155138531
0.9041040283477997
0.9635863401972268
0.9529278096495394
0.841925999992892
0.6377942086341893
0.39085217256650273
0.18444384401924163
0.10919143543312569
0.22670430446170242
0.533144633865796
0.9380115417008034
1.2767766310189619
1.374055825387544
1.158804439745737
0.7885668364445598
0.6372836850428746
0.7925702777550475
-0.09629353068392629
-0.20700004276121217
-0.19405846274147007
-0.25330696178578543
-0.27373180566992866
-0.21489846607041227
-0.09222246089611372
0.07506057584539508
0.2758377549812146
0.49482575187614236
0.7030623569249066
0.8629433915672262
0.9440043440290244
0.9385962597005211
0.8679289444225131
0.7749604255747271
0.707226096795762
0.6970353987762512
0.747299509843192
0.82886308205612
0.8908476333932337
0.8807996378780936
0.7678472129746007
0.5605792735365716
0.3123072183038436
0.10951398567789286
0.044022724740953506
0.17496264569234302
0.49218880361631895
0.8974949545822817
1.222109647321087
1.2950779426593435
1.059860445887562
0.6917114179167747
0.5711702115453754
0.7781685475783142
-0.08165687269693502
-0.22564025106303656
-0.25195358623669073
-0.32966937154490517
-0.35188189338962694
-0.28519374299532807
-0.14984994445152747
0.03158836273978669
0.24523715904660723
0.47344202425503645
0.6855904924627304
0.8435026376398883
0.9173542116768
0.9012132116201047
0.8186890414137343
0.7152489884821236
0.640414360955529
0.62742544130841
0.6788172562860045
0.7639165789597107
0.8297888456152313
0.8222754961098117
0.7099991121399959
0.5026329210561228
0.25575214787194855
0.05801204552637427
0.0015775953562958507
0.14275175925139014
0.46557359555440747
0.8655392955958988
1.1716536203407102
1.2192805823290953
0.9670835504174605
0.6064995822413451
0.5205555366607272
0.7760448316202159
-0.0847892261969742
-0.2514395412865293
-0.3055074932983212
-0.39221113471360475
-0.4110037647951254
-0.33625736315856564
-0.19237801803140492
-0.003671229492965214
0.21513864548192224
0.4458111665578178
0.6573658182675205
0.8116393527101519
0.8793377271219028
0.8555728792515055
0.7653640363433325
0.6556712578557028
0.5772233000404695
0.5638282550539342
0.6177460752726115
0.7072601535426911
0.7780222291992877
0.7747151051206369
0.6656615713833129
0.4613397949935428
0.2188429786625284
0.02799144160641249
-0.019617846275389032
0.12909714751419848
0.4528093794482691
0.842082315288963
1.1256444421440652
1.1469278017614646
0.8802540144310319
0.5313955419259605
0.48152164436400874
0.7791335214035803
-0.11252334984666323
-0.28864085753135715
-0.3573929331946265
-0.44303455529230906
-0.45322057390151305
-0.3704252309010433
-0.22228918480444737
-0.03317077554620529
0.1832992292282024
0.4100223921053593
0.6168523130855464
0.766155630116894
0.8289928588337862
0.8008007103272922
0.7069939311224259
0.595006495601678
0.5160153464449883
0.504072078696164
0.5613167976637232
0.6555272283207295
0.7316479325125252
0.7338058506719571
0.6302708844257797
0.4320682248542219
0.1970645743948224
0.015222915387380518
-0.02336366915023203
0.13073849783652303
0.45124476279307213
0.8250885123475536
1.0825634407158071
1.076741747239543
0.7978003688897725
0.46370806490782523
0.44928746711369694
0.7800302884373077
-0.1684511528851734
-0.3397357210692652
-0.40974514219023683
-0.4845221463895276
-0.48135436824806754
-0.3908201195710225
-0.24271280286449345
-0.059750781809161914
0.14737009733905873
0.36429381170375186
0.5627894733997453
0.7061753842870028
0.7656359538967946
0.7361923598096176
0.6426464080078961
0.5319123312187813
0.4548940524985746
0.4456083553893903
0.5062809535838552
0.6047729849717659
0.6860779423790399
0.6944146997917362
0.5982852749487501
0.40903364101349016
0.18457625232772493
0.01400812746095217
-0.015015444349132911
0.14285177633502735
0.4567416638120415
0.8111876278183369
1.0397595802573203
1.0065384524283256
0.717486402874537
0.40037004553139843
0.4191204086109602
0.7720659144294851
-0.25231703719912174
-0.4048599494610006
-0.4635175350446606
-0.5186473219115887
-0.49820944782952564
-0.40063460132357603
-0.2567335644706948
-0.08599237440215474
0.1054912874155906
0.30751644810037776
0.4946963149818781
0.6316249456614632
0.6893384698095532
0.6617062589817397
0.5719428749360906
0.46549834165069265
0.3923348505995499
0.3862046492264905
0.4496663059086286
0.5512888589033039
0.6369022762776763
0.6514957626311539
0.5641210030697305
0.3862485474530048
0.17515990324457048
0.018110247443550106
-0.0005854010868394137
0.15990531927475787
0.46448280147717286
0.7964347182088839
0.9941717096923649
0.93393058025792
0.6371200898631296
0.33868311566000203
0.3871439126365441
0.7501936664769583
-0.3600084675786515
-0.48164351470590777
-0.5181877567551251
-0.546564294703941
-0.5060886542546964
-0.4026180952360075
-0.26688645885249646
-0.11374519890568242
0.05671937044933665
0.23963838337798685
0.41322246019497605
0.5435677017940023
0.6012644966192487
0.5783231501329777
0.49545681392699115
0.39577638400165577
0.32769635354386567
0.32452171040759986
0.3894206269663227
0.49231058270736566
0.5806558808277335
0.6009079776010519
0.523010315938237
0.3584079487387836
0.16311814722003995
0.021648727890352694
0.014132505770323803
0.17649959989535838
0.4697639831879176
0.7770476789484068
0.9430107880430828
0.8569613825522285
0.555153055785539
0.2768999385560424
0.3509173216331906
0.7115697535086415
-0.484120056974768
-0.5655172066252244
-0.5718377028399227
-0.5685162230306214
-0.5065921863649915
-0.3988242851939897
-0.2748983142503302
-0.1438926978432643
0.0012247829232440138
0.1618246738267758
0.3202806122392631
0.4443251158776723
0.5037986424828483
0.48819859084996275
0.4149061286543507
0.3239044657727016
0.2615236368552197
0.2604805454118324
0.32484393840935527
0.42651449849086887
0.5153757727285073
0.5400277609257627
0.47166204462391725
0.32158781376673884
0.14399786600383135
0.01983248957365624
0.024287993157367956
0.1880665661763058
0.4686500417091385
0.7500054763637313
0.8842911521730404
0.7745660381397447
0.47107497304271007
0.2145577569400875
0.30971165756060415
0.655761546378847
-0.6149888672490104
-0.6504076444808359
-0.6215657093924417
-0.5840397366570894
-0.500691266325887
-0.39062090429995033
-0.28168430376574316
-0.17636737571563513
-0.05975680243550099
0.07637491906023572
0.2189397820443538
0.33736062027209834
0.40043739219177954
0.3945775764440475
0.33310413756560076
0.2521838420830146
0.19559789795409913
0.19536838595322395
0.25675253675374987
0.35423995817885867
0.4408809474933082
0.46808421188452015
0.4086480279608851
0.2736760515580833
0.115055788121419
0.009446518268945027
0.026464984402343773
0.19134446080542875
0.45841333483373636
0.7134309208717017
0.8171415907376488
0.6868001026623322
0.3855535842563288
0.15252679947620637
0.2644597186364738
0.5845787364441296
-0.7420380800842853
-0.7296956327675165
-0.6641354810985834
-0.592392559385701
-0.48901933845468226
-0.37891571471473673
-0.2875608822083965
-0.21038279923021042
-0.12418967660962853
-0.013575281802346564
0.11310254268064814
0.2269465794153419
0.2954607524520044
0.30148434280507874
0.25367815349686235
0.18381383384857225
0.13273227994186712
0.13167845494084038
0.18736471020438716
0.27742270800354263
0.35875502432089557
0.3861921148874986
0.33448622687046087
0.21450302018845868
0.07543006583362256
-0.010946246802570383
0.018898415698092592
0.18459012968084532
0.43771959804192273
0.6667277312739511
0.7418733173836071
0.5948220247989578
0.30031974853159193
0.09278795183990919
0.21741247916702344
0.5015796546567796
-0.8552300432709217
-0.7972772794998946
-0.6967308734931521
-0.5930954314324026
-0.472287865561583
-0.3645168105443446
-0.2926008641895166
-0.24481327073163328
-0.1896545734387356
-0.10450667852418682
0.007025958935980903
0.11767133637557148
0.19343842660180788
0.21323860742398892
0.18060369007612004
0.12244896744406733
0.07635482007475275
0.07272067250091346
0.1199413220193456
0.19926834705815485
0.2720565650293022
0.2971035390512732
0.25143733101190513
0.14568468601600837
0.026027822767227704
-0.04108005932654013
0.0014238476621812879
0.16753573654744258
0.40657034091699984
0.6104855829562013
0.65982555435113
0.5006601854142332
0.21784056113119732
0.0379982295866057
0.1715787142834415
0.4113510156407756
-0.9464211052109022
-0.8485561124401784
-0.7176720176631761
-0.5864637466502813
-0.4517161718678153
-0.34852624725637327
-0.2970359867969421
-0.27863069496865833
-0.25382877947656723
-0.19303695465379
-0.09522997066716377
0.013868551099013304
0.09865106179619476
0.13387702442907734
0.1176311729469843
0.0716332704506708
0.02995115225773805
0.022073541587240515
0.058248899639654614
0.12373066892938027
0.1848188172628703
0.20473653613978438
0.16307000863453358
0.07023028687171484
-0.030822495572015107
-0.07929216943103778
-0.024795278836194257
0.1411344896927389
0.3660478677226493
0.5462027871770374
0.5730443661912261
0.40682877076949353
0.14085636293583548
-0.009065732130807191
0.1300553566304643
0.31868880167940006
-1.0104294794693942
-0.8812079600988909
-0.7269571801014081
-0.5740092995050645
-0.4293665016358261
-0.33266504376180706
-0.3016091408288517
-0.3113031572670586
-0.31493562727451696
-0.27641592933666015
-0.1903330769489222
-0.08093811743685886
0.014519402762838918
0.06657243657880882
0.06769742727361908
0.034203591980587464
-0.003541708989048445
-0.017032202082160892
0.0059347962638941
0.054883089512515526
0.10142532699163694
0.1135652205670748
0.07367656799158895
-0.00800648097597656
-0.09187773075373551
-0.122985585112807
-0.057690992864984025
0.10716616250156363
0.31793413036404417
0.4759000287471906
0.483872530199136
0.3158770296797684
0.07187551471821507
-0.04608035954584011
0.09536892114556395
0.2278177085686366
-1.0456703973584354
-0.8955959805828115
-0.7265240803434381
-0.5586166311755392
-0.40829526042998054
-0.3194439028938518
-0.3077919023699067
-0.343070822536248
-0.37207821450526524
-0.3529090758339004
-0.27610138413466623
-0.16448602082257147
-0.05686830688185418
0.013142644904190426
0.03241502855324836
0.01175634889892272
-0.022294908752884573
-0.04230160766292515
-0.03408836880145484
-0.0037194476031629925
0.025958445316984463
0.02796728156899969
-0.012366499109466078
-0.08494038553156091
-0.15355567725456254
-0.1691614645391395
-0.09477978828010514
0.06778558763408427
0.26428579323363266
0.40170810694694126
0.3945356520268035
0.22996133056062718
0.01272263744550628
-0.07165990928240262
0.06894249033916822
0.14177600614357289
-1.054274141582937
-0.8947657620075237
-0.7201695972544261
-0.5444376587923901
-0.39246573200995305
-0.31212441118837864
-0.3178102707897853
-0.3750394901873214
-0.425394799781054
-0.4220038401824818
-0.3517486074580606
-0.2360488366185085
-0.11505637952911145
-0.026274078637374063
0.011719692709849171
0.004260807769103038
-0.02601467355955577
-0.05284664558049169
-0.06015821538618497
-0.0495956256895319
-0.03838580579277922
-0.048377395461828114
-0.09120003572983902
-0.15684005608857243
-0.21249026901855295
-0.21493417408255888
-0.1336330586135407
0.025095715798076797
0.2070449940950777
0.3255079101716941
0.30680264930646184
0.15051938238946116
-0.03577763977546088
-0.08566720147905503
0.05077974966775368
0.06206382021082358
-1.0416743840547296
-0.8840128224380376
-0.7131214804225717
-0.5364967374214725
-0.3864110857528541
-0.314455110547463
-0.3344581012380058
-0.4090663171705785
-0.47600556964685004
-0.48440387668402496
-0.4179135411671253
-0.29649272517226577
-0.16130155359454793
-0.05332488871764649
0.0037318149998157154
0.009879300901648933
-0.0161719938218644
-0.0494718310944802
-0.07220580599151886
-0.08173469888286847
-0.08973899457642812
-0.11295817033942837
-0.15996667924659505
-0.22080747647879365
-0.2659896160012215
-0.25795485646163263
-0.1722579082996948
-0.01918708232589208
0.14775010638609873
0.24868385757390885
0.22177929853627662
0.0781034516964357
-0.07392575593060227
-0.08929520776798908
0.03942104900936303
-0.011390077003013886
-1.0157276320042794
-0.8700789302119684
-0.7113123329613923
-0.5400490975684359
-0.3946827548616848
-0.33020965465581853
-0.3607179499028571
-0.4474505120159967
-0.5257572947983676
-0.5418119951529675
-0.47646882538177604
-0.3481037504303277
-0.1984181100186354
-0.07131006614085705
0.004856911868692801
0.025024364537362644
0.0040001491127761276
-0.034734056042121125
-0.07188157633315184
-0.10078616064477974
-0.1278053303178307
-0.1647205560578492
-0.21712255571897876
-0.27509597045475076
-0.3123425812161439
-0.2966915854942195
-0.20933972238211773
-0.06393085818349775
0.08738664901934257
0.1720262431078855
0.13986548483411
0.012398399649362509
-0.10306017919455102
-0.084903670666301
0.032181731213461684
-0.07993899311471708
-0.9854903788530432
-0.8600910357061334
-0.720456955399882
-0.5597814590407634
-0.42116146109815095
-0.3625938411084842
-0.39924682437881703
-0.49247838246662173
-0.5768082138136436
-0.5965379644744618
-0.530139629481888
-0.39421181328492444
-0.23040827644090459
-0.08482726235737316
0.010115701171978764
0.0446491917665165
0.029744149831002827
-0.012768821288090529
-0.062450814333858816
-0.10902413533544848
-0.15388847994670238
-0.2041435726092727
-0.2625493933268182
-0.3192393781441552
-0.3509474533056936
-0.33054181542824207
-0.24432554378459378
-0.10863249888645006
0.026389663277115373
0.0957878118091177
0.06087483394487984
-0.04758410949038668
-0.1252750341364358
-0.07563670039569066
0.025636303672357398
-0.14565500546591145
-0.9598303694347569
-0.8603995055930104
-0.7450719286906226
-0.5989777865217026
-0.4683399032492109
-0.41361857257812856
-0.4518138333122029
-0.5459013853323772
-0.6311248744566965
-0.6509970615362165
-0.5819930057869204
-0.43866706784865755
-0.2619291580871069
-0.09923862989503046
0.013662665577805957
0.06273573543515784
0.05521978844603611
0.01109294971585106
-0.04847726839089012
-0.11009990978805168
-0.1707091108956011
-0.23311301014656532
-0.2974701889926206
-0.3539945433100132
-0.3822652130327429
-0.3597814050045774
-0.2773556771086039
-0.15332054664384215
-0.03521988492789958
0.0198703824785848
-0.01571534925706614
-0.10317643969118434
-0.14299418757211596
-0.06488545292943299
0.016269999835527512
-0.2105866700452897
-0.9460754748958115
-0.8754945500852122
-0.787595259140223
-0.6587901542051119
-0.5367022155206284
-0.483551761195525
-0.5187931382729752
-0.6084430850439818
-0.6899810267491556
-0.7071848660245313
-0.6348795750278796
-0.48524697285772944
-0.2976708140972185
-0.1200316412601802
0.009426544566967754
0.07291862243601657
0.07409415845615261
0.030866143841416196
-0.035340895605314594
-0.1086235134718386
-0.1820495084840271
-0.254623199269158
-0.3241983164492982
-0.38112550921089194
-0.4076256374156587
-0.3853797010087495
-0.30907565206766685
-0.19835259993903284
-0.09760628077379371
-0.05590692431042519
-0.09044061532829537
-0.1556576491263589
-0.15848054368270445
-0.05568885859795123
0.0011879715131991827
-0.2759670283608292
-0.9489036967267684
-0.9071772579400151
-0.8477603089914628
-0.737751028941796
-0.6243223842461224
-0.570560589360044
-0.5988157206899364
-0.6794329943929523
-0.7535528150893179
-0.7662200781311467
-0.6909175722082616
-0.5370825017956659
-0.3417323473728212
-0.15215836968902918
-0.008209312489362632
0.06916618279570624
0.08020479631030497
0.040540460794487476
-0.028655347765476628
-0.10963529126995486
-0.19228186508229717
-0.27236011883456934
-0.3457699620255045
-0.4030773858342692
-0.42893344805367406
-0.4087283972563577
-0.3403780999714049
-0.2441600626436814
-0.1608552271106537
-0.1315214447511669
-0.16352384379981733
-0.20586926598073252
-0.17337387722099085
-0.0501803643107569
-0.02124333905541154
-0.34151775882693347
-0.9696494484141022
-0.9541333442368932
-0.9223510392546069
-0.8316379556035111
-0.726780877651389
-0.6706353294236566
-0.6886661713754941
-0.7566509406990102
-0.8206931470155
-0.8280386514009107
-0.751103562048271
-0.5961889307171736
-0.39708221283037387
-0.19943959228053415
-0.04377243085754572
0.046434442690124096
0.0682142544773114
0.034718530457163395
-0.0336602405193353
-0.11803864939017387
-0.20584757090468425
-0.2902296001722195
-0.36552059740380866
-0.42259827450776694
-0.4483314563825859
-0.43134070472588654
-0.37213177969524786
-0.2909993925306504
-0.22473739846635915
-0.20650984783087217
-0.23462123103213578
-0.2539261900014504
-0.18834998853601753
-0.049186886476447915
-0.05094509861028434
-0.40499091103102053
-1.0061465076109741
-1.0120055555517908
-1.0054166999050722
-0.9337564168701419
-0.8374574215186313
-0.7778485526938282
-0.7834772420498154
-0.8364359185887899
-0.8889420571394054
-0.891299907873628
-0.815114740181441
-0.6631702543970898
-0.46517539549835696
-0.26410912495171357
-0.10018966435298561
0.0012163413312718903
0.03417885734886581
0.00918733655250468
-0.05466177163206245
-0.13806473337554262
-0.22675514035899416
-0.31189506333618067
-0.3866668800986589
-0.4423679471300678
-0.46787722748434313
-0.45457583702881543
-0.40495202498811544
-0.3387643059229247
-0.28855509990648465
-0.2798383869339701
-0.3027021312949315
-0.2990909891343946
-0.20297755379065588
-0.05206688817439011
-0.0859652122058875
-0.462063396893977
-1.053152300561539
-1.0739898388119578
-1.0889584210159917
-1.035646154505347
-0.948202447311477
-0.8849530110224428
-0.8772289318827937
-0.9140717011652661
-0.9547921666337906
-0.9535312633148489
-0.8813371044017746
-0.737138808902948
-0.5457755689538284
-0.34655197567504864
-0.17845643740173242
-0.06807455331897125
-0.024030678091162074
-0.038639743768459994
-0.09458368341364351
-0.17282946264451168
-0.2581549631019659
-0.3403802854634019
-0.41194653602896286
-0.46468280805455636
-0.4892798376851139
-0.4794326462944695
-0.43905405764030897
-0.38689849399927206
-0.3511103834861337
-0.34991859373993245
-0.36610172648831346
-0.33985297644297313
-0.2158182501526262
-0.05683930440257609
-0.12266738670730956
-0.506653129794433
-1.1033100137216105
-1.1318989620556432
-1.1640253336709487
-1.1281476724842459
-1.05032698772203
-0.9842640445652785
-0.9635062743915762
-0.9844132201381081
-1.0141839928853282
-1.0114973840092598
-0.9471161950114494
-0.8158570498075889
-0.6369984521690032
-0.4452605590311015
-0.27751763018429687
-0.16092180433288117
-0.10649635909786594
-0.10945209091051379
-0.15467127384002166
-0.2240253671186595
-0.3020320729776612
-0.37777631205061046
-0.4433525758925846
-0.49123019324191775
-0.5137260718254589
-0.5064377571020481
-0.4742103573088764
-0.43442588119498937
-0.4108076816550005
-0.4147779287743981
-0.422753192156207
-0.37421686110194174
-0.22477425646051985
-0.0606079242660792
-0.15627609472419068
-0.5316639834228875
-1.1485154895560228
-1.1775557111149666
-1.2220836984456056
-1.2026982119689975
-1.1357893374129489
-1.068716141877691
-1.0364182961906365
-1.0426699450560803
-1.063161469094983
-1.0617381576273253
-1.0091882855186494
-0.896071988983534
-0.735558328406368
-0.5570010242589316
-0.3943607373395018
-0.2747329705821933
-0.21122081248372185
-0.20195909032527284
-0.23436775701003645
-0.2917685484115829
-0.35903701164813456
-0.4250711780679673
-0.48197803351298313
-0.5229647341860335
-0.5418044285961876
-0.5356313991421444
-0.509809421574549
-0.4800893344902207
-0.46587506704603215
-0.47236254697429986
-0.4705696579033017
-0.40016471570612994
-0.22764071499608887
-0.06023288900707228
-0.1817227484701263
-0.5300966592697633
-1.1814776014764612
-1.204307931888382
-1.256460145803333
-1.2526705854076163
-1.1984063523485582
-1.1329373386093828
-1.091538330752544
-1.0852231294223125
-1.0985810114643848
-1.1011847336553502
-1.0642163599841106
-0.9739806330557079
-0.8371688128500903
-0.6771521229753885
-0.5242935676907265
-0.40505613596255824
-0.3342832458540231
-0.3129879404483647
-0.33135909194831786
-0.3745990558099082
-0.4284538015702411
-0.4821007626278733
-0.5279674684227307
-0.5600795788008015
-0.5735149345142632
-0.5666328498736228
-0.5449905139065501
-0.5225639969785072
-0.5146609342331652
-0.5209188327924488
-0.5079119028864221
-0.41621603840589444
-0.22277626862889346
-0.05314984787948389
-0.19467913310428966
-0.49639312646924566
-1.1972067937669797
-1.208411612352136
-1.2636207614474122
-1.274534323041478
-1.2348875452940424
-1.1741585343902718
-1.1267014157422741
-1.1103307078777354
-1.1187451627439335
-1.1277409394436466
-1.1093333749903715
-1.0457429363469464
-0.9370271486439524
-0.8001573618784971
-0.6613573568475256
-0.5459457363015076
-0.4701504853943713
-0.4377350081638013
-0.44176482153303376
-0.46961532260728156
-0.5082872866822178
-0.5476031070191062
-0.5805560362398544
-0.6020500948036825
-0.6083375220612935
-0.5987516676429855
-0.5788123265059105
-0.5606933146162582
-0.5559428280760123
-0.5593777414287039
-0.5340519105066895
-0.42198090793041765
-0.20977009689883552
-0.038196486752865785
-0.192615542985748
-0.42782367056744797
-1.1941485099716365
-1.19001672838176
-1.244041327568606
-1.2686157684696686
-1.2454895730345574
-1.192775305007739
-1.142495061853605
-1.1185734716323272
-1.1238304142855318
-1.140714345323296
-1.1425905273402568
-1.1079522928629915
-1.0303032828328422
-0.9200218923314389
-0.7988159470572673
-0.6904265477736826
-0.6120991496660204
-0.5701329251681757
-0.560442111679613
-0.5727136108106448
-0.5954431836138558
-0.6193504307325346
-0.6381696049239876
-0.6477209911626607
-0.6453254643513764
-0.631104787132674
-0.610407205462973
-0.5936890027284496
-0.5891773598570571
-0.5876567623942142
-0.5495311887427865
-0.4185873217285907
-0.189966375981111
-0.016283837382797147
-0.17569226365294432
-0.32568794035223525
-1.1747052331650505
-1.1535216754257729
-1.2024576772767344
-1.2392684359346415
-1.234123023491102
-1.1924125353668071
-1.142309898504956
-1.1129231239192958
-1.1160020864360558
-1.1410006251620726
-1.1632237321015826
-1.157985393183995
-1.1125634549368961
-1.0307912268638308
-0.9296650349644768
-0.8310063413070037
-0.7527055390994957
-0.703295571222925
-0.6813700607670736
-0.6789036372510548
-0.6859750852973907
-0.6943348878455293
-0.6985622528635116
-0.6954117558303292
-0.6831954042640984
-0.6627055910530626
-0.639079484394139
-0.6212437682954512
-0.614628159858037
-0.6068024747496932
-0.5563206794032933
-0.4088709630671386
-0.16671273125238287
0.00924718885695227
-0.14729186433627575
-0.1960936555106312
-1.1449670936020788
-1.1071391940987518
-1.147361533717119
-1.1943392040171852
-1.2078141861459266
-1.1794083682115137
-1.1318774053196443
-1.0983674738743638
-1.0991574562360023
-1.1309667861743287
-1.1716872674928216
-1.194183260094106
-1.1800828316935594
-1.1269691848226757
-1.0471220882014678
-0.9602014088186643
-0.8843714346477918
-0.8300133933692728
-0.7980910579019231
-0.7826813047179706
-0.7753829966136601
-0.7689954808725212
-0.7589802535572283
-0.7430297435338198
-0.7204018187398753
-0.6925093842540968
-0.6643268914197216
-0.6435281890319708
-0.633333588681412
-0.6189235967522131
-0.5577180596366156
-0.39724641462953736
-0.14523132741249123
0.03271106704380376
-0.11403136462775133
-0.05010513911691074
-1.1135943904824375
-1.0616370581247496
-1.0897231777940464
-1.1439261882373488
-1.1755278835806324
-1.1617295378277435
-1.1183090134018174
-1.0811062131372795
-1.0783075180218065
-1.1140392237882937
-1.1694555319409607
-1.2158595040346922
-1.2300389862969725
-1.2038636931677447
-1.145083712915718
-1.0710613382298009
-0.9998731880061457
-0.9432887075277322
-0.9042021019467698
-0.878455377873597
-0.8589644370590265
-0.839491208029007
-0.8163610915967511
-0.7882019707706761
-0.7552082082602326
-0.7194272714187137
-0.6857950674885601
-0.6610780772181543
-0.6469150498890074
-0.6269080555754883
-0.5579666092260752
-0.38923207148974803
-0.13206923645663415
0.04666946123182491
-0.08515889745200844
0.09687915975694772
-1.0899560633610763
-1.0283702568621793
-1.0410674941676534
-1.0985600610612964
-1.1464831934329895
-1.1474450475384588
-1.1087544576443138
-1.067422874585465
-1.0586886088285938
-1.094072496391516
-1.1586535322707805
-1.2231820928022055
-1.260619858891837
-1.2578836121160153
-1.2185656931149653
-1.1577029649787507
-1.0929413550481586
-1.0369179815499239
-0.9939049293162342
-0.9610404834361405
-0.9322352230514824
-0.9020429858788831
-0.8675956856080987
-0.8284591895856764
-0.78579338003279
-0.7423507462318825
-0.7032104363632542
-0.674619438329178
-0.6572738125215282
-0.6339716636559459
-0.5616415553559663
-0.39067101074302435
-0.13416338774705572
0.04300692674454887
-0.07133507549584273
0.22655850616596773
-1.081807509843749
-1.0168895083503244
-1.011186242501573
-1.0670844820452672
-1.1282248631067446
-1.1430028500737208
-1.108901559627249
-1.0624295903334726
-1.0447732451508003
-1.0746405477650498
-1.1416311126361216
-1.2170189000374663
-1.2711145477078105
-1.2868364710200453
-1.2641609564120628
-1.2158781089550033
-1.1588887622833752
-1.106135955876617
-1.0626300699413136
-1.0262346185447555
-0.9914434211679933
-0.9533748140420145
-0.909892382849968
-0.8615195521754019
-0.8104491676159925
-0.7602524130192948
-0.7163658717762261
-0.684914451684712
-0.6662687746078647
-0.643139872291819
-0.5729142361426299
-0.40676619545079273
-0.15764421553249275
0.014365675185125215
-0.08291504050439624
0.3198807100424331
-1.0929615492353768
-1.0325668418839704
-1.0059108957792595
-1.0546383374797805
-1.1248257447485848
-1.1516522457180762
-1.1216234084275178
-1.068951181487187
-1.0394061618544803
-1.0584362776397895
-1.1206286109751005
-1.1988596002157912
-1.2620684388744159
-1.2902823120770754
-1.2805495145430335
-1.2435933041308622
-1.1952945878864873
-1.1483234762800911
-1.1077354606764735
-1.0714844464292461
-1.0341856735175774
-0.9912719542542099
-0.9412711483785692
-0.8857125526878284
-0.8279238250513792
-0.7724317602002138
-0.7252439005736668
-0.6927303157568694
-0.6754956110672701
-0.656803298005564
-0.5948565855509222
-0.4411152534424836
-0.20658538039048646
-0.044286560549487985
-0.12796717498837817
0.359682446912877
-1.121531941722698
-1.074788448974961
-1.0254645745074429
-1.0612220030605402
-1.1356608958717986
-1.1724062991635735
-1.1461172883569377
-1.08684092462686
-1.0433055499227537
-1.0469684504184729
-1.0976748067040036
-1.170910834506505
-1.2355608701673377
-1.2699690339520275
-1.2690593000691779
-1.2417604182455664
-1.202709630687072
-1.1637364249160855
-1.129234625283222
-1.096595791473125
-1.0600898212744783
-1.0152300318444718
-0.9611747529039478
-0.900545450710287
-0.8379309825751777
-0.7789458273871803
-0.7303397104682761
-0.6990184971520437
-0.6862834171072807
-0.6764954057751327
-0.6289704173887474
-0.49496874942842783
-0.28196477797000785
-0.13426084880693612
-0.21036723669412982
0.33346203782975703
-1.1593678490129289
-1.1362887642029502
-1.0639219400858249
-1.0813280740820712
-1.1551811548728121
-1.199915548207164
-1.177847287128193
-1.1129793266832646
-1.055120685939107
-1.040689173696757
-1.074796170628039
-1.1363944951848932
-1.1955920834010012
-1.230299650461708
-1.2341990812150154
-1.2147772616817658
-1.1852667074747298
-1.156131011096127
-1.1304268845460026
-1.1043641978961798
-1.0714455982686015
-1.0270876209182145
-0.9711037039253281
-0.9073362100523266
-0.8417685506991486
-0.781192799948192
-0.7331794316449898
-0.7053317882084595
-0.6999735165303402
-0.7030003891503522
-0.6750995004716653
-0.5669262967788793
-0.3811126286963056
-0.2522628423933977
-0.32836709296440425
0.2358383355627982
-1.1932061249581194
-1.2040977539245388
-1.1101962220973247
-1.1050016972389995
-1.1739946472609928
-1.2255021030400668
-1.209478494945695
-1.142082164747559
-1.0721116864947104
-1.0395598980885081
-1.0544917982896278
-1.0999553735930432
-1.1484439204871206
-1.1786610493049876
-1.1839653264012169
-1.1708194258119375
-1.150963529967039
-1.133045083114662
-1.1181870933308984
-1.100885688187982
-1.0735502899046265
-1.0314195265011632
-0.9750656522937744
-0.9097203185277705
-0.842874922553956
-0.7824997982643209
-0.7369137276384619
-0.714394022564643
-0.718437498473345
-0.7367992473932601
-0.7317930906447101
-0.6532098657535199
-0.49786578136990567
-0.3903251543451871
-0.4740297538692131
0.0702264174660785
-1.2078067900353613
-1.2623113178103136
-1.150713761038956
-1.120442944653119
-1.1813201273409373
-1.2393682623678028
-1.2327662702026014
-1.1682307267121228
-1.0913151742665175
-1.0438733054710934
-1.0402489293479658
-1.0679155605061492
-1.1027197853065314
-1.1252939202380485
-1.129582890109587
-1.1214892257277693
-1.1112552451884863
-1.1053685934762694
-1.1025478736452765
-1.0951836708757678
-1.0744107914712782
-1.0353397466114398
-0.9794977200589852
-0.9137015252532006
-0.8470068611184711
-0.7884174308699681
-0.7467127769568247
-0.7305792239600901
-0.7446312036115028
-0.7787020494912991
-0.7970332550214021
-0.748505043274859
-0.623511139097614
-0.5367426906993256
-0.6338263561980835
-0.15067099421383823
-1.1908792488535713
-1.296453219127807
-1.173516095351852
-1.117867919497849
-1.1685072601980213
-1.2336533584451903
-1.2410526935512056
-1.186754929322257
-1.1108059622213862
-1.0549223535056402
-1.0366740076749696
-1.0479373693585448
-1.068615923894436
-1.0822496931182517
-1.0842224015887272
-1.0803644143899422
-1.0795011329653565
-1.0857507622372626
-1.0951253291763354
-1.0977060661067757
-1.0833583078282576
-1.0472713706747303
-0.992219011630505
-0.9268033855973048
-0.8615963810238103
-0.8062813606551575
-0.769530618190311
-0.7598833860110066
-0.7827935985739263
-0.830314646629768
-0.8690299165383752
-0.8471481545263035
-0.7483889568826729
-0.6779916739884815
-0.7904979626943263
-0.4057839602879998
-1.138952309014325
-1.2985844374157516
-1.1729648190190112
-1.0938321297245004
-1.1328598510691101
-1.2056086144339808
-1.2316735828291705
-1.19580547646164
-1.1304228057414143
-1.0749156274965905
-1.048668882400829
-1.0475541897506666
-1.055912400186866
-1.0609505611772185
-1.0602361926451742
-1.0600114732814738
-1.0678494679030557
-1.0854423788360457
-1.1059954215337022
-1.1173021479233505
-1.1081806788921078
-1.0742770725378925
-1.019989389551096
-0.9558750552303756
-0.8938142371294582
-0.8435420566150462
-0.8127162336455278
-0.8088489325278481
-0.8377439639649076
-0.893801688245798
-0.946573038626024
-0.9441986391535231
-0.8637695482717156
-0.8013435667904325
-0.9260104105247358
-0.6679631238672066
-1.0625316303719856
-1.2715851003302205
-1.1535788403632878
-1.0546633191623087
-1.080533024916157
-1.1597864897519585
-1.2072966675548642
-1.1967564881728165
-1.1512159130386195
-1.1055074493308794
-1.0791250577174551
-1.0711395115611495
-1.0703432781668099
-1.0680922252736664
-1.0647221587842424
-1.0673309556810082
-1.082473105657563
-1.1095166568286814
-1.1389800267620913
-1.156637792709752
-1.150714546217877
-1.1178601807828628
-1.064537606851026
-1.0033547829457703
-0.9470738494358457
-0.9045206200083058
-0.8810514994927772
-0.8819476366323116
-0.9127179966292616
-0.9703365191665299
-1.028303425355979
-1.0357549375874342
-0.9633877068461416
-0.8976143600027982
-1.0251260140592322
-0.9072610227429223
-0.9880290466497144
-1.2303039152628088
-1.1309392206219826
-1.0171961464018722
-1.0269614930910365
-1.1079670647855409
-1.1751745451595497
-1.1926752331643655
-1.1730949366223484
-1.144650297216728
-1.1250570577786192
-1.1154314364496685
-1.108640392004915
-1.1003396796696023
-1.0939987430161153
-1.0979259755788888
-1.117928066705005
-1.1512938619160167
-1.1861914770864104
-1.2068915525372148
-1.201703479544264
-1.1689770927062426
-1.1177069451953656
-1.0625221829193805
-1.0163691249111224
-0.9858309734420772
-0.9722936153782911
-0.977334400322249
-1.0054951417467208
-1.0568433233227523
-1.1103815670619923
-1.1178954969707746
-1.043952231462569
-0.9633388046748195
-1.078889122578218
-1.094539794350382
-0.9532344925553673
-1.196751876422951
-1.1272809424761192
-1.004890652229534
-0.9933707753673673
-1.065840840602533
-1.1437892985864266
-1.1847773339204934
-1.1910163776865659
-1.1825039305147413
-1.1732759660924614
-1.1650482074690274
-1.1539853140241405
-1.1398112970698833
-1.1292056520412928
-1.1318838773816253
-1.1531543506510218
-1.1885700691489376
-1.2244677402470927
-1.2443456746057393
-1.237468730630809
-1.2046922825263948
-1.1579888756275807
-1.113807687276477
-1.084276365059651
-1.072030938051995
-1.0724953646720508
-1.081943651140847
-1.103484880677371
-1.141403271974724
-1.1826488673457618
-1.1840901186167514
-1.10426310164965
-1.0018312488062122
-1.0873592560581358
-1.2046492395145663
-0.9928513582200367
-1.1865487769247238
-1.1597104157136755
-1.0380251268726397
-0.9988186044885197
-1.0466432454476262
-1.1178127678072087
-1.1684918663155486
-1.1919994725639071
-1.1993126526009519
-1.1990888791816587
-1.192001511120111
-1.1763391906880543
-1.1552212817942973
-1.1382342421435396
-1.1364388200164512
-1.1547774729825733
-1.1874240058670011
-1.219510973970614
-1.2346465434285392
-1.224052629599214
-1.1919474567158659
-1.1536575289102302
-1.1270481980519662
-1.1221274756691173
-1.1355782126330496
-1.154708844327729
-1.1690360989997544
-1.1803670924947482
-1.1994059525533203
-1.2248611217565895
-1.2221855706303586
-1.1436011460974669
-1.0234042589546561
-1.0615189244491603
-1.2188058007924383
-1.1113116818633557
-1.1849173667561104
-1.2204690547351333
-1.1185297403827121
-1.0494778016268924
-1.05457816807251
-1.0953121365930087
-1.134112171295385
-1.158935613100823
-1.172138681457966
-1.1757604911195472
-1.1677098271448472
-1.1468297949768953
-1.1184418066669082
-1.0942303281590853
-1.0861342822755091
-1.098597027598828
-1.1246438786275235
-1.148813697431308
-1.1557477039551145
-1.1396646480025652
-1.1089827954420457
-1.082646844546673
-1.079337697999165
-1.1054220720234866
-1.1495006411778945
-1.1887597625228068
-1.2051112929621581
-1.2003970491114728
-1.1957356602361529
-1.2074642181469812
-1.2146341575590327
-1.1622913556748813
-1.046924880127392
-1.025868893975769
-1.1270737800114716
-1.2424223380664898
-1.1133812957020837
-1.2520530091467208
-1.2139408157270282
-1.131298583805119
-1.0857916927700444
-1.076530714515684
-1.0828595861501071
-1.0934297799847172
-1.1040023899083735
-1.1094893550687175
-1.1033453526131325
-1.082980273752355
-1.0540820457370046
-1.0289340094520867
-1.0192661147564195
-1.0284028401281375
-1.0481152692016167
-1.0627530306180688
-1.0587941769451845
-1.0344080183629103
-1.0029524420849611
-0.9871284077933069
-1.0057071512644598
-1.0598609819087415
-1.1281971282976428
-1.1764443993768054
-1.1793940211944118
-1.1423793717683566
-1.1037549101536115
-1.106416193625364
-1.1502165927529404
-1.1714640499237703
-1.108548572029349
-1.026422384501302
-0.9345932078074384
-1.2003308334782332
-0.7939537659070766
-1.126321232420537
-1.2519592284528471
-1.2198564745941667
-1.1529667148676026
-1.102495461650392
-1.0786867389355166
-1.0799505260250726
-1.0995134423095578
-1.125632617610222
-1.1457266790997664
-1.153286618798461
-1.1516917718812465
-1.151361430110569
-1.1617973072092127
-1.18377924077447
-1.2070790781975802
-1.215787569094914
-1.198685682170776
-1.1586078247395335
-1.1144241566011033
-1.0926428627784617
-1.1114547267965236
-1.16560968374813
-1.2226017535571145
-1.2368622932057178
-1.1789672105618365
-1.0646470779787478
-0.9606151022702534
-0.9497370686871136
-1.0630770448182147
-1.2259791368445576
-1.2897774390397672
-1.1544785452091446
-0.6802321249664374
