Predicted value
-0.8084709879843501
-1.5672299318033254
-1.0845552574120063
-0.37484441266641966
0.02508604925415625
0.09244421238085465
-0.019082346292989882
-0.1759901074654735
-0.3052012155571049
-0.37038180035344936
-0.3492349671447528
-0.2297029040217069
-0.01603250541976564
0.26877122878603643
0.5898150717409578
0.9130654316676754
1.2162262720301555
1.4916709442310747
1.7406242422189564
1.9630662676907917
2.1502220248311232
2.2849451620953687
2.350724143957777
2.344734061132556
2.286951098431871
2.2177054237533866
2.180551295322516
2.194749152964647
2.2296415412521355
2.1991199979760268
1.9956465203956384
1.5760345161858424
1.0852068621340152
0.9315400777571483
1.541378086458991
2.0796310850059
-1.0138186665421145
-1.0176366256008933
-0.7653850701034699
-0.4638318311225831
-0.3204118142686312
-0.29404340438609466
-0.2832012943392712
-0.23434970688992962
-0.14074208177838443
-0.0070601413613715636
0.16980668475366656
0.3961767256406361
0.6680992479202033
0.964776639627452
1.254541382038873
1.50866254106473
1.7136467661354828
1.8746788973734567
2.0087460135349673
2.131960159109248
2.248573763512333
2.347992990251207
2.4116101967895602
2.4257898753557967
2.393498906109123
2.336781212281629
2.285986167352
2.25824888849251
2.2350390111952194
2.154333696410042
1.9351158431917739
1.547478709881993
1.1218225896334886
1.0296204906956845
1.7021381208886268
2.545129441964683
-1.180598081670997
-0.7413180826672949
-0.6298499309237293
-0.5493151103116141
-0.5151553760144232
-0.46514065239914615
-0.3454822381301632
-0.15990269193528306
0.05737878718385403
0.2817058457464263
0.5117975431396431
0.7573485282888619
1.019541302677883
1.2816688009512411
1.5151110930580138
1.6946622747786542
1.8124719150664497
1.8821999139166117
1.9314560659215267
1.9871543617634622
2.06185250674422
2.1482192468824444
2.2243241865947674
2.266779189692624
2.2645506317144672
2.225452703325157
2.1704160278666187
2.1165546305440692
2.0568132874078167
1.9495150154379495
1.733894004733184
1.3855028884932317
1.0106535412093187
0.9278186512825748
1.5350165486245366
2.382197880574335
-1.265772264709085
-0.622343367182566
-0.6005430724828784
-0.6231798497940417
-0.6103419728977997
-0.5049575839816782
-0.29388404505250776
-0.019616787200511965
0.26111477520713855
0.5174985089866873
0.7523046577021226
0.9826948305154453
1.216179831458959
1.4396334519285823
1.6259614381716467
1.7512069602284726
1.810165637309943
1.8212960963554465
1.8186972089813835
1.835961266641462
1.8904956995651219
1.9761406076260783
2.0674437367146936
2.133115656641479
2.1516809643980395
2.121139185170378
2.0570684562526083
1.9790344805190898
1.8914763189577428
1.770566427032108
1.5717086029668934
1.2718236147451591
0.9499073858154077
0.8662599629503234
1.3665964868545188
2.0820498726808694
-1.2729524297604264
-0.5959592816100674
-0.6354396310965065
-0.6927924865581652
-0.6574917588393312
-0.49150329018319283
-0.2135191466016586
0.11028742548828063
0.4139704814494731
0.6692578323222129
0.8871623438019558
1.0932814207925947
1.300614140796835
1.4979885031191458
1.6579192828034994
1.7555721369084996
1.7859365131101406
1.7694078170105954
1.7434108686155945
1.7451090305936567
1.7942579754846442
1.8845699118830161
1.9874228899710964
2.065745317631734
2.0911684027204096
2.0560623624143055
1.9743781718132247
1.8702988654785067
1.7596708852159928
1.6343004613956431
1.4625808898076365
1.2206115628897685
0.9604831269335072
0.8860082255822128
1.2844985431210922
1.8295941586271844
-1.2160591161839323
-0.6147606975141473
-0.6978514096049269
-0.7536391672589291
-0.6813800358450992
-0.46699334203954823
-0.15140528239532092
0.1877551210453836
0.4846986990860449
0.7187674294902937
0.9106397999754927
1.093507891501603
1.2840559608028945
1.4711377648603436
1.6251367101981407
1.7187182819174867
1.7453298612909913
1.7252788736608258
1.6970291695425415
1.699041446472342
1.7516256764369258
1.8475704859120787
1.9556758088278725
2.035154537888732
2.0539645082883977
2.0024912331362428
1.8961349530954044
1.765232874335477
1.6364741319564073
1.5148764604377076
1.3788316433424255
1.2022175828161563
1.012485496056736
0.9626390746062397
1.2838848281871078
1.6708889670215497
-1.108872711732971
-0.6406250499423152
-0.7526264686464685
-0.789484966297124
-0.6826253953800858
-0.4407831349652156
-0.11755930917385626
0.20764153746602432
0.4755289023616305
0.6755807406923253
0.8378257012686738
1.00127770225434
1.1842222132833484
1.373791283919128
1.5369749532890085
1.642969970925252
1.6826914099792276
1.6751092490616006
1.6581888712767778
1.670078993428481
1.7303652635006372
1.8304213101797515
1.9371069683318574
2.0077577183517157
2.0093979274374547
1.9334079020638804
1.7989644687438755
1.643378175398631
1.503033440092974
1.3933595582884024
1.2996228860400052
1.1922582685783993
1.0770808261001363
1.0639952708581983
1.335482442700112
1.5975118051580068
-0.9645727567195199
-0.6458543203057734
-0.7711290957259398
-0.7814456689799845
-0.6499727384281191
-0.40343579974171506
-0.0992711317703372
0.18871516660174548
0.41169191384011894
0.5700039132556922
0.7016801043613046
0.8494184168336054
1.03114548963288
1.230955063209906
1.411777927834494
1.5390416361733936
1.6008230048647696
1.614169045730538
1.6156186875211467
1.6419128325970314
1.7110017151236518
1.8125236437971242
1.9119734046942525
1.9663400453836046
1.9439311949397164
1.8394304225000186
1.6773977733677348
1.5022718469197218
1.3584600473172652
1.2686510387193048
1.2216580369612866
1.1831563083193966
1.1404173352577582
1.1686921516300965
1.4118287458263405
1.5850500766022715
-0.7973663047151089
-0.6153789296400132
-0.7364064895332771
-0.7167354885132622
-0.5722134312912712
-0.3408912316345547
-0.0764221680056747
0.15825307103414898
0.32683502136822495
0.44002194531586847
0.5419328151367604
0.6767949656953642
0.8605533066970712
1.0734703384950115
1.2743452356392262
1.4251333207313612
1.5113380396990084
1.5480269637220943
1.5698547923417365
1.6114417528526235
1.688447471225134
1.788540631261316
1.876310358073313
1.9096069926065993
1.8597379055415106
1.726389743283503
1.5404909917680398
1.3532276895447768
1.214977751946019
1.152318731222397
1.1541560411087448
1.179934195259658
1.2012334876091333
1.267016060401406
1.4936535976797418
1.6082208614162314
-0.6230599481991519
-0.5468977819705103
-0.6452786512420332
-0.5935322990856478
-0.4457414583365946
-0.24416062337111133
-0.03258721337422377
0.14026238731171214
0.2511968040693844
0.3199093696702562
0.3944535052494522
0.5186137708660528
0.7051535720542137
0.9302273698959553
1.148948629019058
1.3205774214172536
1.4287420278344811
1.4868630853348423
1.527594056189841
1.5829953047729526
1.6659541398496942
1.7619705285623324
1.8350556627774908
1.8448264056702084
1.766864340452034
1.607045427894033
1.4031598595595636
1.2123838465487773
1.0888113763834368
1.0595002581184765
1.1100167077926322
1.192012129462018
1.2638654458729204
1.3560562542982852
1.568586835423635
1.6454305823721325
-0.4579956428460992
-0.448550183997013
-0.5070053642279209
-0.42154955054380033
-0.2771505265341421
-0.11365767018122491
0.03935794523189989
0.14907195414840507
0.20481010848919218
0.23335677723960851
0.28450650074496225
0.3999124108505369
0.5883856710697699
0.8221455982974633
1.0534707971468802
1.2400460570051275
1.3646141037674304
1.4395373447298756
1.4955779065439974
1.5619823292600608
1.6484984441604709
1.7382666302949497
1.7949223943462516
1.7804914632526831
1.675734499445104
1.4934931090363788
1.2785529222502172
1.0931037410441367
0.9926753423004879
1.0015431940792088
1.0986984264825213
1.2264680694555257
1.332158176375388
1.4347659682344738
1.6282625009784806
1.6794534416102078
-0.3169300506501348
-0.33495044628042236
-0.3395296235410886
-0.21939046556919709
-0.08193029837504798
0.04088149019339324
0.13635639577659572
0.1877792072730041
0.19552247615848115
0.19124369901686497
0.2243838353481232
0.33309876182023646
0.5218652347276064
0.7594940842811122
0.996557635529576
1.1904903478579347
1.3242971719350474
1.4100095135516821
1.4767397467900287
1.5507830865288939
1.6384550378067295
1.720342793993739
1.7598011105776956
1.7216903505213808
1.592558325995389
1.3926757526216933
1.173716485633893
1.001825163905669
0.9318133807549807
0.9822194870192649
1.1225800368751246
1.284534909859919
1.4061510779569713
1.501039973936096
1.6662768802392887
1.6972472056642485
-0.21075487168966006
-0.22275239872462424
-0.16468187755876457
-0.010220367341476203
0.11912153652707373
0.20326157577984685
0.24744217533151994
0.25008540323442796
0.22052062512176687
0.1929318604818105
0.21450030301670156
0.3188441629929406
0.5060486054340473
0.7422910316188738
0.9777188744240173
1.1709192680243312
1.3063488005404693
1.3964753614984442
1.4690592586034215
1.5473725167406482
1.6340542819708537
1.7069416911480468
1.7291196678775642
1.6685377921823767
1.517907360200193
1.3051606770195838
1.0886074169168993
0.9373132182165232
0.9034604800089264
0.9973283053272188
1.1766054539223618
1.3611751352638053
1.4814962363331987
1.550982575594729
1.6775145180546631
1.6899165908011171
-0.1448242487158048
-0.12676048965142928
-0.003584721343327893
0.18282312276169177
0.3042220454083682
0.35484826801293173
0.35751113634287385
0.3238836577018936
0.26977911747978417
0.22958413604566835
0.24656200290531088
0.349060792500978
0.5329704930427599
0.7627567020585443
0.9894635941231777
1.1742032432807985
1.3040192971859403
1.3925466873260015
1.4664910717019823
1.5460600719267188
1.6300072192671948
1.6932252870648428
1.6984803717096544
1.616934792706955
1.4476612125164945
1.2263181145726163
1.017523008191479
0.8923273291511128
0.8986933787006762
1.0366335301380956
1.2501711592275468
1.4467529351825326
1.550749452914362
1.5797038758723423
1.6584761521481701
1.6528782270523144
-0.11833573870323885
-0.057242413876723304
0.1268858023010593
0.3404485552185988
0.4544833617994882
0.4784614791825546
0.45123829393464227
0.3952137678611634
0.3300438220532363
0.28814113127923796
0.307480133835987
0.4106871626939402
0.5898373470781924
0.8086620540816205
1.0203694304582387
1.1898507570992196
1.3077448937791754
1.3894911361770774
1.4609990117589065
1.5393797302383945
1.6193214098066613
1.6725901511061751
1.6615467202081735
1.5605916153437875
1.3752186865975178
1.14875337625401
0.9517615678106048
0.856485487046946
0.905435404362422
1.0869035756918797
1.330052641098641
1.5296635323221874
1.605503432068117
1.5827824840958282
1.6079910835514521
1.585950093681232
-0.12486549507432043
-0.018698702990920697
0.2161632762494858
0.44968375721162746
0.5566407542332255
0.5613212027515684
0.5162370710052966
0.45162123676845
0.3883529989646566
0.3549433351640281
0.38301854924843326
0.48928188389436034
0.6624950990234943
0.866613331153241
1.0581470825776418
1.2068381582396999
1.307750058418219
1.378633598469976
1.4447987963855093
1.520227359510257
1.595392760652143
1.6387752582118096
1.6122257861119595
1.4933359113116382
1.2939707411089645
1.0649667219039718
0.8824689224636562
0.8192690603928138
0.9115576079560812
1.1350085966978285
1.4033573633827925
1.5989653599123952
1.6385000910571361
1.5576661133256917
1.5277757453946177
1.4930896159644615
-0.15387594102146698
-0.010005642414923346
0.2605430530844483
0.5048459506476359
0.6043564469587903
0.5966740909890984
0.5450063832029538
0.4844024859581576
0.4345311746111371
0.4184021478999338
0.4605587073618522
0.5717988862796419
0.7381403511288992
0.9246412661222498
1.0920698450043576
1.2158631337024655
1.2961285324956309
1.353285499369866
1.412169403210797
1.4835967964876202
1.5537134442293243
1.5875893280356
1.5464593076270694
1.4110051887559343
1.1993218519570805
0.9695174073088477
0.8029411799639031
0.7724380083346722
0.9073530370057077
1.1703688579978637
1.4598279481433787
1.646385681010579
1.6451618580324103
1.5045487665886563
1.4225152037105184
1.3816472103541608
-0.1928344460888239
-0.025614384034980568
0.26246690380438065
0.5071663867066436
0.5981699615037145
0.5840910901172977
0.5355856296578951
0.4895977923544914
0.4624705142830303
0.4704983091456907
0.5307333725016165
0.6482754226265534
0.8069915566594871
0.9738002081998035
1.1144643246362111
1.21070983342719
1.2680830979111237
1.3098737465938688
1.360496233418614
1.4275688110868072
1.492841103248786
1.517894338698278
1.463252489301091
1.3125464651351657
1.0898785048313975
0.8603091353602073
0.7100026754277681
0.7114809657026278
0.8870188426708181
1.1864049732343107
1.4931696942005745
1.667406971734181
1.6242957610750752
1.4265431368152124
1.2993765594676747
1.261170113274915
-0.22950985916156544
-0.05737070145505487
0.22894345258106497
0.46342218194587453
0.54438990495038
0.5286733466572089
0.4911014106062283
0.4678688541652158
0.4702968521575667
0.5071720607941799
0.5879666895059776
0.7124488091601495
0.8629184162254246
1.0087605740482428
1.12123298814083
1.1886849843408742
1.2222731668268452
1.2482090783700583
1.2904773718782674
1.353476879397943
1.4145471914525771
1.4317585669964288
1.3648512038868863
1.2002331755548024
0.967716440057514
0.7389122878988845
0.6043804015937229
0.6360295317962061
0.8490856797458413
1.180941867550297
1.501369481539436
1.661420245949097
1.5779816019539952
1.329194006776136
1.1670491423487321
1.1419228214809338
-0.2540352925764383
-0.09650391800223324
0.16955842864317938
0.38400994635422003
0.4533309419156749
0.4395348695141136
0.4185391683924079
0.42356131595030655
0.4596914047695234
0.5278506100874626
0.6301443511505685
0.7615069090014762
0.9032183519561956
1.0275694030140685
1.111570904083435
1.1502763624699546
1.1604118930447906
1.1710272059282938
1.2056195365227085
1.2653712531236256
1.3232627313947463
1.3338962900749443
1.2561857224117734
1.0791205536105264
0.8378528684610926
0.6100557371410985
0.49021540905641314
0.5493854744681536
0.7959512844579301
1.1557309681225667
1.48617737859587
1.6311228649940912
1.510828377274984
1.2195259356385661
1.0345201289113475
1.0333602552205234
-0.26041486290526805
-0.13539572461619187
0.0944933511398993
0.2808855275597715
0.3373121438726053
0.327962752168471
0.32712212427503223
0.36331567389871827
0.4347134757764391
0.5344415238664508
0.65772739181967
0.795272283279075
0.9278276958837193
1.0308555325813527
1.08714316738181
1.0982911939878335
1.0863626843610286
1.083046349244323
1.1112626702604487
1.1690174905049604
1.225056898919709
1.2306309215843552
1.143821184420505
0.9559850071287886
0.7071759763257889
0.4805482607874679
0.373979065055458
0.45743586782021467
0.7327986725120894
1.1153738356241014
1.4520335011663974
1.5814388635791836
1.428868813204442
1.1048844541490688
0.90983424410879
0.9427963128448731
-0.2472803711972184
-0.16885111702587857
0.012878009897138224
0.1657192752677637
0.2087754262894655
0.20561420838810768
0.22665243195872115
0.29457468205151677
0.40046440151542156
0.5301241038677377
0.6726334828656813
0.8151358891843996
0.938275734863533
1.0207801467432638
1.0510168535257822
1.036762110734269
1.0050174556118632
0.9898194393271174
1.013408882706624
1.070704330818595
1.1264243915473644
1.128660554670633
1.0346986207937547
0.8380376680752002
0.5831292925902469
0.35793484720342134
0.26310658437360607
0.36727404529637503
0.6662194640725654
1.0659663165017614
1.4047526186147066
1.51826171754548
1.3383730660235946
0.9918271410715411
0.7990651349492899
0.8744659164843418
-0.2178438702987
-0.19472651862959986
-0.06832067312375666
0.0485049316770523
0.07878330886600174
0.08302163580423019
0.12609202092628016
0.22426742928751242
0.36187334316029146
0.5182182800016761
0.677163130625587
0.8230148014859886
0.9366525995202057
0.9999998622604589
1.0066107789996541
0.9698802908550962
0.9212131874526379
0.8966354083196018
0.9176092550920435
0.9761150045690057
1.033137889612354
1.033886092462284
0.9349320890248969
0.7316842259528524
0.4724302041915012
0.24917422569023706
0.16464013096883348
0.2858224090653616
0.6028386315771428
1.013754959172302
1.350247624954453
1.4472829169335535
1.2448194290579775
0.8852691774284063
0.7056631346780842
0.8291013280038237
-0.1791210271682479
-0.21390038495142732
-0.14479833156097527
-0.06326211000525235
-0.04396067758203287
-0.03143204195702282
0.03255853981774109
0.1578547054867792
0.3227959104086194
0.5013262040476009
0.6731684161993752
0.8205326273244862
0.9247895563358988
0.9708399597892363
0.9568592147268872
0.9011503277726072
0.8388799665381187
0.8076619807400808
0.8281010928030362
0.8894559231952582
0.9493622504600078
0.9505026526561856
0.8488678536683063
0.6415430894112715
0.3800411101234174
0.15956215666896095
0.0841107352585349
0.21868860782009675
0.5481707617355044
0.9640293591096314
1.2935028121192382
1.3730971119846793
1.1521843975030799
0.7880088407044803
0.6302601825506878
0.8040529578108413
-0.14060165579739398
-0.22968115222151347
-0.21483930507089305
-0.16483469378816246
-0.15353715183492916
-0.13201416829446497
-0.0491934175059759
0.09881864866797
0.28551848554036446
0.48084688090639455
0.6615700259511388
0.8085320054712904
0.9037632514524698
0.9347902949354512
0.9037022542078667
0.8328792556062868
0.7605326106718543
0.7254420668374327
0.747308373814913
0.8129570470854743
0.8771473386055078
0.8804748281315952
0.778530817670033
0.5698523508011245
0.3085291221929822
0.09204131982425028
0.024803442594333914
0.16940070853068384
0.5058511514856198
0.9203867021692561
1.2379201894653307
1.2986869580739253
1.06262715795788
0.7006716385856353
0.5709263182172778
0.7938984119117722
-0.11260799406532189
-0.2468247881952627
-0.2787926974114973
-0.25397954863333244
-0.2467420494134706
-0.2156584445184399
-0.1168278976866694
0.04858843003294605
0.25067120479086064
0.45687567689185854
0.6422412109362062
0.7869427589748911
0.8737507812417551
0.8923527350906517
0.8479326518672159
0.7660298804822345
0.6871361016489641
0.6507741526634829
0.6757363745544823
0.7467761627957641
0.816333788370647
0.8234330204770616
0.723499101251255
0.5163106456992721
0.2578637129202597
0.04695105641909819
-0.012538374090534203
0.13907791807304132
0.47729586449279743
0.8844160711348378
1.1850746241019643
1.225305397038624
0.9765611511913826
0.6220331821870738
0.5237980791706811
0.7914143181898433
-0.10460484947645687
-0.2703742884108329
-0.3382732455166013
-0.330405393798626
-0.32264827967516174
-0.28160262589243024
-0.17011105870707288
0.006823758893461201
0.21748212003064227
0.4284299808376528
0.6142068077324586
0.7549589138367462
0.8341922822268044
0.8431989340924538
0.7893589971539933
0.7003986019943336
0.6183049386241815
0.5829366711400873
0.6122205685023769
0.6892677528150728
0.7648336049958366
0.7769546699267216
0.6811731523372939
0.47832131940591616
0.2256249107404153
0.02219247072288254
-0.029591989908569934
0.12651487660476235
0.46176686061087535
0.855773441816384
1.134839346769697
1.1527024753378916
0.8930395988919195
0.5496213343729601
0.48394699553625964
0.7887417872352125
-0.12371079697613743
-0.3045366999653645
-0.39527830484574267
-0.39502605791484413
-0.381954966177279
-0.3307915429145325
-0.2103544261290934
-0.02806527095206761
0.18426005742748872
0.3938960206658382
0.5760582442423591
0.7114298759658296
0.7841692456140831
0.7865482840758672
0.727195660653682
0.6350280056377955
0.5527460888448843
0.5201652769759604
0.5544380873803982
0.6375244595425545
0.7191938227721543
0.7371394052253781
0.6473498000637381
0.45155218124373475
0.20753646906180126
0.013725427283141595
-0.029999400425408426
0.1285983898093966
0.4567601457094037
0.8325621148075549
1.0857903688321253
1.079595357050945
0.810339512446948
0.4804634498430751
0.4463308712555438
0.7785614788470988
-0.1736126352168705
-0.351784574675805
-0.4513971979567097
-0.44922624356824853
-0.42628399373273934
-0.3651974576233678
-0.2397623978417078
-0.058299293781279155
0.14897535278538324
0.3515715354356784
0.5264635936220872
0.6553479430032003
0.7228826114956359
0.721650852630284
0.6605641314730999
0.5687379476130077
0.4888279077401819
0.46026385561334365
0.4995610819893568
0.5880692431114867
0.6753204983881888
0.6993550902286882
0.6169784873427451
0.4306888736270861
0.19820325623932325
0.016278159909936224
-0.018694317862310655
0.14093987829911206
0.4586005590444007
0.8119012969782675
1.035769869446493
1.0042566856906197
0.7266117697995034
0.4118358462169445
0.40667180717687673
0.7551070348589795
-0.25401566899439587
-0.41231621274230884
-0.5072495573050279
-0.49426775436293463
-0.4575612475350442
-0.3871931790506205
-0.26081634684117916
-0.08614044625361228
0.10981344608654353
0.3001825621975695
0.4646534816893024
0.5863145844150683
0.6501137252678111
0.6482581033948374
0.5889874521676521
0.5006551192079898
0.42515287884509934
0.40122477978394255
0.4449251677238351
0.5375692848716823
0.6292323102266422
0.6590227299450355
0.5849668914348962
0.4102489038983784
0.19192033918881676
0.024137919203665373
-0.001142290039418117
0.1585949742113807
0.4631162899476137
0.7905573455620506
0.9824839369055017
0.9250966867671434
0.6404715362000272
0.341887423774426
0.3621294451554488
0.714881477278868
-0.3606809538538671
-0.4839424684488251
-0.5622339932253994
-0.5309273400092224
-0.47757993710028196
-0.399078574516652
-0.27579699594524754
-0.113434116306714
0.06560105691661884
0.23927518287241273
0.39078448267084853
0.504887316030832
0.5665694511956014
0.5669814307509465
0.512775858744803
0.43063674707321786
0.36102701348912797
0.34174824771491336
0.3885997677521781
0.4834555773244601
0.5777251299332494
0.6123194573618848
0.5469135525999959
0.3853329977547293
0.18343017521002974
0.03189960035420554
0.017384324974269633
0.17675064817708674
0.46627636679825396
0.7655244317275066
0.9240254626167099
0.8411342343374442
0.5514289379969014
0.270042261931357
0.311679593610924
0.6569930386590584
-0.48601845111005926
-0.5623975106203468
-0.614606995550421
-0.5594027454335057
-0.4877941351723189
-0.4028160183786584
-0.28650496237810164
-0.1413438788266605
0.016041589327579445
0.16941823162805955
0.3061153524189443
0.41274154404078595
0.4740443502995843
0.479469400201827
0.4332319849672539
0.3595138266359637
0.2967480357259393
0.28157938203586175
0.32977555124375685
0.42436001920555994
0.5188562451847732
0.5567055144608358
0.4996711704181224
0.35221583348099655
0.1685291703718976
0.03507375568006206
0.03239916856515264
0.1912849600478589
0.4646999860411139
0.7344686557994109
0.8592428049988818
0.7522855042973404
0.46009803274144534
0.19713011536076042
0.25615968420308005
0.5830865291530323
-0.6201321488333098
-0.6420063227655282
-0.6618535447247529
-0.5794697785487022
-0.4893404695111163
-0.39998292976087746
-0.2941942145211198
-0.17029848076761292
-0.038261704176549664
0.09219365516550043
0.21297119057615885
0.31262075559895963
0.3753712734776831
0.38837262422697444
0.3526417433549464
0.28911683867865
0.23367187680033502
0.2216190215879861
0.26892124474743134
0.3603186874979675
0.4521934646028732
0.49121731381077427
0.4416799555376669
0.30871346501759683
0.14445964948103093
0.030489810609157522
0.04059933937903044
0.19913885099544412
0.4559813867232274
0.6959855386567713
0.7879124550415997
0.6594389550365352
0.368165609994737
0.12524151501520128
0.19799549086928556
0.4969053449596539
-0.7521577541211856
-0.7165908267974715
-0.7012631991266433
-0.5908277808366054
-0.4832421487592672
-0.39190706752759785
-0.29969170114490706
-0.20012905973469436
-0.09597623502760327
0.009990751610789274
0.11450979042469472
0.2080873655217539
0.27417054203068236
0.29710402411497533
0.27405590557660464
0.2220859618770223
0.17405624919476126
0.16380356244678645
0.20770165798809248
0.2927295901939257
0.3788139429446501
0.4165081427872997
0.37304966258291067
0.254303652196342
0.11006180845873809
0.016468436703579614
0.04004216730269755
0.19847700940109875
0.43881163312458116
0.649658840368019
0.7107127508528012
0.5643254807418854
0.27814330820383015
0.05734855448231684
0.1406708885447185
0.4035699861486247
-0.8717011502041601
-0.7804649661026701
-0.7305941135049494
-0.593539481198107
-0.47071786903254065
-0.3799183542673177
-0.3036442739885796
-0.23034242803703897
-0.1553531569154396
-0.07434674211465864
0.014337406989589963
0.10311977841614628
0.17444147868011992
0.20943622575034881
0.20090186606379687
0.16150275775644726
0.12071554903692927
0.11078517914518039
0.1486851828193227
0.22408997777559847
0.30107458077878774
0.3346551945188463
0.29540601091245533
0.19001221028517093
0.06569679492385205
-0.00722681219872956
0.030111638856951117
0.18865001362180278
0.41291339011780526
0.595943040090793
0.6290298997940891
0.4692268358283904
0.192961066680283
-0.0032325127228176598
0.08803816356765992
0.3086954409602072
-0.9701791249900111
-0.8293598564254125
-0.7486957307614688
-0.5884572318827281
-0.4535021913124915
-0.36563338117867517
-0.3068150301756791
-0.26045612722198275
-0.21461082348929583
-0.15794984276410817
-0.08395616729624872
0.0016246169104824626
0.08006418315207069
0.129002732143556
0.13649075860817916
0.11040679921252124
0.0765486364863778
0.0654718332883504
0.09489781184207959
0.1575676922417734
0.22220573510248967
0.24878181271393351
0.21154754109415652
0.11810877411968325
0.01298208802308548
-0.03961892079264695
0.011313753966352147
0.1699981159883781
0.378832027563611
0.5359180561352144
0.5446527320204009
0.37658945483457984
0.1154827525929818
-0.0534392233124521
0.04358642606038643
0.21748805767498425
-1.041882615814984
-0.8611333859548154
-0.7559693619015491
-0.5775319981615041
-0.4340849288775921
-0.35118688260788566
-0.31034704853980255
-0.2903149402904228
-0.2723088797923223
-0.2383500523040486
-0.17726330164443826
-0.09305583125936492
-0.005708415773398583
0.05878268127512751
0.08349929497049419
0.07127595021316542
0.04401730647658198
0.030503730178584616
0.04929889987521207
0.09648002914187855
0.14579965361171127
0.16256401747858962
0.12497943075785059
0.041675909281696955
-0.04559930757540065
-0.07886832785993014
-0.015040761036418271
0.14355516134213486
0.3376432240829397
0.4709800438910685
0.4594260059558817
0.28862202293169403
0.04803353034465374
-0.09101793091768684
0.009788121606163713
0.13396097601781776
-1.0846237841077482
-0.8761519570694531
-0.7545726075404957
-0.5639227468322616
-0.41579388435647147
-0.3393376516411095
-0.3159227690262689
-0.320316482712081
-0.3276392662966028
-0.3138263145690192
-0.2633481218840363
-0.17856267359012523
-0.08068878595911994
0.0006495784173721599
0.04350743740203826
0.04555190985980388
0.024657321177549145
0.007748065791732982
0.014260134886926946
0.04376079573251197
0.0752730798714846
0.07969906232260951
0.039399906692547726
-0.03587521012143319
-0.10714516841507038
-0.12267704290659653
-0.04720001636526949
0.11071791218727389
0.2906424538080161
0.4025353278049657
0.3749328472784548
0.20695295037614514
-0.007977185928453423
-0.11494232723887876
-0.012371148569656043
0.06038663553880497
-1.099886167350576
-0.8772806860783079
-0.7483144896278305
-0.5518585097291295
-0.4026748541863657
-0.3334019273720482
-0.32576964635902017
-0.3514933603841074
-0.38057826669532957
-0.38361408008458453
-0.3410979059542383
-0.25380122426851437
-0.14405617791749484
-0.04494677561476122
0.016663009625866993
0.03328379673265472
0.018696212589835483
-0.0021125964404632757
-0.008876200682816675
0.0014919007932438404
0.01338004653403019
0.00341109458724992
-0.04178724738327831
-0.11127119258732243
-0.16876705151737875
-0.1686799185469418
-0.08331744401356872
0.07294183311684294
0.23907582888931306
0.33175638541028063
0.29226594630993186
0.1324094749559987
-0.0522719855062877
-0.12562551982883036
-0.023603866530550296
-0.002931671317810745
-1.092464730473413
-0.8694758893491359
-0.7422375150082876
-0.5462482357862972
-0.3991605264918012
-0.3370010043834293
-0.34249335363296907
-0.3854276586870984
-0.43187016424904634
-0.44794232502705844
-0.41059792075942203
-0.31904146276043027
-0.19647568857608705
-0.07911656968969592
0.0015247426765362575
0.032943996260115016
0.024834595348188396
0.00016065109497172443
-0.02009888002549422
-0.029438432181572036
-0.03816242053946227
-0.06394348921817958
-0.1158724411663035
-0.18176498896357385
-0.2279525459857293
-0.21476865383423918
-0.12173013100812205
0.03151098276668547
0.1839567124841299
0.2594414947403704
0.2119269173981115
0.06495623769248145
-0.08572407128270836
-0.1248894924990969
-0.026237444358006276
-0.05753495452148965
-1.0696516241014855
-0.8590326629784819
-0.7419339516694841
-0.5520784453736348
-0.40956009392948206
-0.35364647950936157
-0.36875386642180275
-0.4240056715795146
-0.48284381452011965
-0.5078940594930891
-0.4730201935198981
-0.37582416464374635
-0.24001696236197212
-0.10446262757029273
-0.0048907285689614236
0.04144533673871858
0.04022346289771195
0.012292283717132133
-0.020850845744351715
-0.04951011825078664
-0.07889342147428079
-0.1211280250376155
-0.18110957160088278
-0.24540515759467074
-0.2828175355702791
-0.2593123829524341
-0.1611366705459553
-0.012590001364839828
0.125991408288569
0.1859964982921979
0.13386733201100384
0.00380178361346835
-0.1101751273664854
-0.11569481963531215
-0.023846595383393215
-0.1063489411024571
-1.0400854477728474
-0.8525931727500422
-0.7526893789408377
-0.5736792273291883
-0.4374381115889869
-0.38622057462150194
-0.40683196551613027
-0.46905181217903075
-0.5350937488470787
-0.565115731083526
-0.5303463084010143
-0.42668811714878735
-0.2778836547924757
-0.12481644018426982
-0.006860902161326413
0.05436065168880496
0.06064253634888098
0.03061876293018461
-0.013961253445039751
-0.06056270005933739
-0.10965409204113244
-0.16811534983442036
-0.23683483021143695
-0.30116645898303523
-0.3322309168223078
-0.30126024900993886
-0.20066393548677844
-0.05869616752628086
0.06561383047890897
0.11153209732520637
0.0576576149546429
-0.0523488948536525
-0.12808350043349895
-0.10167236769407288
-0.02065566211795448
-0.15295946243370795
-1.0124290817712565
-0.8560608660973631
-0.7785805986946289
-0.6139692685011912
-0.4849787373455153
-0.4364350633900847
-0.4581590266574303
-0.5219057540032027
-0.5900826604481133
-0.6214265003300533
-0.5849703078566318
-0.4747602332032633
-0.31399152560474364
-0.1448115760465636
-0.009538502328964716
0.06631883274743362
0.08085802980977268
0.05039479363919806
-0.003399679405211686
-0.06561336455658226
-0.13246667145792934
-0.2060194480529644
-0.28343788296920114
-0.3489445997940282
-0.37581583533852053
-0.340132580693793
-0.23983324281022983
-0.10639033516046148
0.003107268176426711
0.03604726510498048
-0.017254421337447142
-0.10494428759102548
-0.14206330047105553
-0.08653193341602361
-0.020802999442179556
-0.20073542787322393
-0.9940674421573882
-0.8735865067289703
-0.8216720260760733
-0.6738054997321052
-0.5524454070255951
-0.5043661191139844
-0.522897228793429
-0.5830219814722385
-0.6487383458109225
-0.6783957695970612
-0.6392463586620584
-0.5232700485194287
-0.35245364924443606
-0.16934985441109973
-0.018413618575704536
0.07152914914619107
0.09511571759937903
0.0662396398315132
0.006112094165759842
-0.06853274361828439
-0.15027430142353357
-0.2368936014551091
-0.32220807119263106
-0.38943696010374024
-0.4138497609752531
-0.3759248681284764
-0.27845341431039955
-0.15537127210511678
-0.061225278829430935
-0.04034755378171881
-0.09125124991364415
-0.1552060806575861
-0.15439552004330268
-0.0734455082850056
-0.027585039034080133
-0.2519408016632107
-0.9900177619883371
-0.9067900436400115
-0.8814513448703102
-0.7515594334539307
-0.6378432308624901
-0.58816100913846
-0.5996576957232495
-0.6516733044130198
-0.7111226189000347
-0.7369638288094341
-0.6950542494505325
-0.5750602492898691
-0.39704294155511555
-0.20302869126672923
-0.038722972039126544
0.06437070559836482
0.09770972665908759
0.07266794772188581
0.009579463144713083
-0.07362543715237628
-0.16658444630424613
-0.2634344333997868
-0.35509233839529564
-0.42394436064401075
-0.44709802751949657
-0.40896008185059485
-0.31647864217628596
-0.20530376270076447
-0.12688949717294387
-0.11722200982024936
-0.16428325011124292
-0.2037938143467776
-0.16660037272826492
-0.06451150058608938
-0.04280707632339535
-0.30698730737914204
-1.00221985929363
-0.9543567166268452
-0.9546204977261517
-0.8430194022289519
-0.7368710088149988
-0.6839950205846397
-0.6854295666531499
-0.7258284178410723
-0.7762412035781016
-0.7971747688349454
-0.753452659532344
-0.632164088624257
-0.45070348156643003
-0.24960109888867144
-0.07487696802702841
0.03997811051539103
0.08356073830022615
0.064642127213455
0.0022465207980774888
-0.0851700901943506
-0.18506656659142606
-0.28863857835130446
-0.3844082887302226
-0.4541347724363616
-0.47662026289772197
-0.43972847653146907
-0.35387134264083486
-0.25569323842638303
-0.19307362808664008
-0.19368473195515312
-0.2356966157992182
-0.2505848938402031
-0.17915398517155046
-0.06039884982942345
-0.06635897047007466
-0.3639689723841548
-1.0293240156191037
-1.0120981614422608
-1.0353136109317451
-0.9416771982489115
-0.8432131173885568
-0.7863245088074918
-0.7757645811921902
-0.8022490861914671
-0.8420427706568482
-0.8580733518530094
-0.8144757486998377
-0.695508918457411
-0.5151729233951272
-0.3115327777360937
-0.12996999460923261
-0.005241923530064041
0.04873967535435919
0.038084767209221174
-0.019918571167830183
-0.10697348262945815
-0.20915438206388337
-0.31545818612554466
-0.4125547335763473
-0.4818079968410219
-0.5035861489344231
-0.4687496493415508
-0.3905041728532656
-0.3058197701790874
-0.25860460305062344
-0.26834988128431786
-0.30419725599988884
-0.2946230929260955
-0.19141243044828177
-0.060246598625661
-0.09610684498577686
-0.41858802185206717
-1.0670243677005655
-1.0735041950386344
-1.1157535485737893
-1.0394030905681153
-0.9491723407447467
-0.8884379193680144
-0.8652225534028904
-0.8768177818144057
-0.9056246059095608
-0.9177905248873744
-0.8771049143308974
-0.764784306039092
-0.590760152874877
-0.3897049111771618
-0.205425624201572
-0.07321627252651297
-0.009116475938344451
-0.00970107182380365
-0.059814197569922775
-0.14198526915427478
-0.2416955507173763
-0.34649393918810084
-0.44175418340718925
-0.5086917163950376
-0.529127225595244
-0.49648043097053624
-0.42612235614551036
-0.3547509862135865
-0.3220054377958604
-0.33943098146716594
-0.3679723122445116
-0.3342608367717657
-0.20177393318688225
-0.061857351268937835
-0.1281488593850609
-0.4645314976977884
-1.1089038162880178
-1.1307356999414373
-1.187290257735254
-1.1274512000318828
-1.0465888807795127
-0.9832564689003691
-0.9480380819354446
-0.945066177872091
-0.9636260489671757
-0.9738095289350036
-0.9394180236796861
-0.8384864984857768
-0.67629815863623
-0.483289339182683
-0.3008084516634609
-0.16396847810082316
-0.09053349807714911
-0.07974063130987816
-0.11890762253053234
-0.19200674184131405
-0.28467886740645254
-0.38375175119979904
-0.4738490792846559
-0.5362861054030345
-0.5542372713101905
-0.5232765858314224
-0.4603699758917065
-0.4014336282760635
-0.3816501539578118
-0.40495550684224163
-0.42496080493693833
-0.3674857875270425
-0.2080698729147747
-0.06217641500140075
-0.15742878434146007
-0.494294250608886
-1.1476724640475513
-1.1759330265564703
-1.241695707525827
-1.1976759212414112
-1.127935862746422
-1.0642868834856145
-1.0189244586330983
-1.0028347360757053
-1.0127543082916
-1.0233711363551294
-0.9988877069626445
-0.9141226437116293
-0.7692658446315129
-0.5897984623198144
-0.4138117432428406
-0.2755533776542574
-0.19409080760787784
-0.1712442046778175
-0.19706795411259298
-0.25751118479655044
-0.33905405234736163
-0.42847475404844354
-0.5101591222798139
-0.5657594800229779
-0.579718363778311
-0.5493996655917619
-0.492865534493716
-0.4448427995135517
-0.4359889376041321
-0.4630665889714231
-0.4732335061506658
-0.39238570134796097
-0.20813250520037396
-0.057998307840171556
-0.1786419958559042
-0.5003737491868695
-1.1766071462340457
-1.202648413882654
-1.2725320747638393
-1.2437887810834096
-1.1874362294444027
-1.1265880926223508
-1.0738942822986814
-1.046960451102892
-1.0503567181293003
-1.063948147485995
-1.0527736625738078
-0.9885330577931969
-0.8660487574396172
-0.7052897642691843
-0.5404088768001258
-0.40415753793181347
-0.3164731001330103
-0.2816134203102486
-0.29253253463259027
-0.33757840976242565
-0.40464520268936527
-0.4810489441410181
-0.55139429038126
-0.5978848054274537
-0.6061567440417537
-0.5750465727099648
-0.5232969377444473
-0.48415087407480745
-0.4837965542144233
-0.5123551752852947
-0.5114149430346565
-0.40767319952745645
-0.20044869729853837
-0.04679594964561112
-0.1873125467273959
-0.47669420736541007
-1.1909467949522003
-1.2071662301941934
-1.2763721356226334
-1.2624532278521166
-1.222018625040652
-1.167589981214756
-1.1109550155063075
-1.0758702703385408
-1.0749350658715477
-1.093701506388227
-1.098536550456238
-1.0582727270034102
-0.9622918732915404
-0.8246883785221261
-0.6751406106092764
-0.5443445025344803
-0.4526671698967791
-0.4065853099946601
-0.40199740814804347
-0.42993512918896676
-0.4801492304101486
-0.5409721799138247
-0.5976103273756248
-0.6329996641341347
-0.6339056219968882
-0.6003721970544138
-0.5514981540266888
-0.5188688334378524
-0.5243858909316188
-0.5521521447709858
-0.5390630785128003
-0.41317020509718455
-0.18478132282534784
-0.0275328982337193
-0.18087573316762828
-0.4200614159339899
-1.1889783517707628
-1.1894615173975382
-1.2536428128827803
-1.254010721748355
-1.2319282904291762
-1.1876020759435
-1.1305378562558057
-1.0899574309101654
-1.0864963897761633
-1.111827895568368
-1.1341971604028995
-1.1199880110609528
-1.053291233400244
-0.9421839360668736
-0.8115025657461622
-0.6894161475423758
-0.5962809142539892
-0.5404957251257687
-0.520816824330035
-0.5310883554622695
-0.5632075017490831
-0.6068745111737189
-0.6481931099782595
-0.6709730830177613
-0.6630537728590521
-0.6254777793896974
-0.5774722510845397
-0.5489149187358754
-0.5577297226378134
-0.5827095525250764
-0.5569195455631176
-0.4101458460703272
-0.16262955342977267
-0.001302618935361211
-0.15957625406914266
-0.33141476791589375
-1.1725694373994442
-1.1535731138554175
-1.208891329762752
-1.2226611626361719
-1.2208384154442078
-1.1898780286335977
-1.1355439018346682
-1.0916405084962781
-1.086653745462953
-1.1187241694863672
-1.1585765290898098
-1.170733269027374
-1.1343771746547922
-1.051661640703789
-0.9423993848425463
-0.8318625290957593
-0.7399622683986307
-0.6766446333953535
-0.6432984634492518
-0.6365419243902375
-0.6505433113823125
-0.6765839613152853
-0.7018662649610767
-0.7111724031221385
-0.6933702799746746
-0.650350691196911
-0.6013398113290249
-0.5745807103883591
-0.5844495334905899
-0.6052159289388597
-0.5669584798346377
-0.4014154479131647
-0.13741076781222564
0.028353408290827643
-0.12699440165090284
-0.21663735559809386
-1.1469716462348385
-1.1072362932713238
-1.1503414236855514
-1.1759864630667527
-1.1953695587025501
-1.1801592012539805
-1.130943481291127
-1.085050819769579
-1.0784300315968982
-1.115927403036442
-1.1713802505017488
-1.2081943936509578
-1.2012595622311526
-1.1471413889734736
-1.0606429929958454
-0.9638815650130983
-0.8759036516173473
-0.8077533696888441
-0.7630890578721454
-0.7410953229882875
-0.7381685241236082
-0.7472446073000685
-0.7567314455573511
-0.7524409083132297
-0.7242358904113562
-0.6747640141294873
-0.6232169403755047
-0.596392361331766
-0.6056600708584873
-0.6216224035001437
-0.5721955219463836
-0.3911429984684814
-0.11428213841547558
0.055561991273066436
-0.09004584224678053
-0.08671420209387276
-1.1198311192972799
-1.0607297029373501
-1.0887123579288545
-1.1238053115415656
-1.1640166820267934
-1.1657043360058275
-1.1229393279447926
-1.0753594438697094
-1.0657744567201977
-1.1058370300935796
-1.1731297307876243
-1.2308183677027638
-1.25033115596018
-1.2232191600314657
-1.1594886212649975
-1.0779631063711026
-0.9964288195157895
-0.9265143793760784
-0.8736556577441885
-0.8392355243818741
-0.8216759096122341
-0.8155092602963812
-0.8103688784621814
-0.7931182507373353
-0.7545961833646195
-0.6981726767614862
-0.6430592859188209
-0.6149009033448489
-0.6226986401429488
-0.6343010224132246
-0.5762675180713674
-0.3843427910352223
-0.09957749351020945
0.0727208515145758
-0.05836483033949841
0.0429055539515712
-1.0994928083549982
-1.025033983073921
-1.0354074516189757
-1.0764712408493664
-1.1355964627111947
-1.1539137328476214
-1.1177936480539326
-1.0678324334799654
-1.0528667647046634
-1.0912799258111994
-1.1649872320842167
-1.2378828437610307
-1.2789521564747512
-1.2755251695139807
-1.2332172473257623
-1.1675430390028527
-1.0946675061793747
-1.0262411197469485
-0.9688746788856455
-0.9256401878664149
-0.8966429903194268
-0.8778407369426691
-0.8600405163133806
-0.8311540286276773
-0.7829941606608464
-0.7196698748493371
-0.6605404793038931
-0.6304730607590439
-0.6368117191991298
-0.645606838139432
-0.5828509110952029
-0.3861412791707468
-0.09990877553392209
0.0715570276640247
-0.04307188804247942
0.15378735625952486
-1.0928552373369447
-1.0095587177739433
-1.0003258240790005
-1.0428597887832243
-1.1174471634258925
-1.150761481193628
-1.120509682081339
-1.0667789959121785
-1.0433467949047281
-1.075028862912191
-1.148559356272206
-1.2295670856393819
-1.285757275732562
-1.3012240472150927
-1.277777866046187
-1.2277333023096364
-1.1653204050678212
-1.1016211962082723
-1.043735736737706
-0.9958059831834285
-0.959170113408234
-0.9309549315510635
-0.9030404321363539
-0.8643709475170878
-0.8077503899032903
-0.7380831603210021
-0.6750549619566628
-0.643182297640079
-0.6489074824286136
-0.6574601982054575
-0.595041755209097
-0.4009265649655888
-0.12106064510085598
0.04451712084239849
-0.05503562269915259
0.2267511182078137
-1.1031985720644977
-1.019846263622339
-0.9896880594457237
-1.0284120190523847
-1.1137188784182201
-1.159338768630837
-1.1336319648744302
-1.0746156819362012
-1.039650667043747
-1.0594150097980546
-1.1257816570808792
-1.2070928773344163
-1.2710247013560088
-1.2995726475730562
-1.291487231640464
-1.2561133200057506
-1.205493428989883
-1.1495502741303179
-1.0951409649827644
-1.0467897500874075
-1.0065505740071907
-0.9724159946333174
-0.9372169187299179
-0.8909172918868343
-0.8273463701102962
-0.7522822314990748
-0.6859339248106885
-0.6529059170472971
-0.6594976908505623
-0.6710910144136599
-0.6148581149330832
-0.431565482873635
-0.16687646358367453
-0.01372390183446516
-0.10284982289392776
0.24465685085515282
-1.1285370610297334
-1.055774068858939
-1.004364078271521
-1.033683536861266
-1.1241580738125818
-1.1788618034509795
-1.1564648650099918
-1.091290561793032
-1.0426423391104893
-1.0461702655190512
-1.0989711733828247
-1.1729784973774042
-1.2371126611670118
-1.272510735216581
-1.2757390406867235
-1.2535186650801555
-1.2155277019682749
-1.1699700520984044
-1.1227254023071338
-1.077995007724748
-1.0380160141706596
-1.0013405220842464
-0.961639150749709
-0.909899263502845
-0.8410208050216225
-0.7617285955762808
-0.6929265459307542
-0.6597043290000725
-0.6689314522042847
-0.6870769300799976
-0.6430296257609042
-0.4788893718508701
-0.23837576478664022
-0.10491519071527607
-0.19084230950702039
0.1953924449295799
-1.1610971752940518
-1.110814176046033
-1.0392156179450225
-1.0538594789998956
-1.1437891916963554
-1.20448466802756
-1.1849842894688993
-1.1142759744495876
-1.0516841274939641
-1.0365813596588966
-1.071072238958467
-1.1313810159202604
-1.1888961985846425
-1.2251825185291458
-1.235594058055226
-1.2246799558076897
-1.1996672380342932
-1.166547940081698
-1.129537624544837
-1.0918494173348552
-1.055413085323919
-1.0190802528127836
-0.9772938912301388
-0.9220967232741788
-0.8495023465884717
-0.7672128962740021
-0.6969173278063099
-0.6644819563762698
-0.6779537586498268
-0.7057477088682649
-0.6791930313727537
-0.541621615116603
-0.33333823575704613
-0.22634701305596297
-0.317489864994818
0.07462149668018822
-1.1884509048279017
-1.1728300465702037
-1.0838812228912704
-1.0796060807843861
-1.1638013483793361
-1.2281583492985806
-1.212614618680205
-1.1392325040303237
-1.0651814193065088
-1.031927558377437
-1.0460097871273824
-1.0883905982156756
-1.1340252668012292
-1.166175937781525
-1.1800122524138235
-1.1784551819915723
-1.1662969170894246
-1.1469268288709233
-1.1223101130722302
-1.0941080623371728
-1.063554900472815
-1.029637952599052
-0.9875800340419463
-0.9305450301874731
-0.8556784344456065
-0.7715991904508631
-0.7007223566476445
-0.6698015987885942
-0.6884969937293438
-0.727909881936596
-0.7225051074736076
-0.6168289457758351
-0.44652089018646174
-0.37069724240043805
-0.4746135186946095
-0.11219781550633351
-1.19659641326152
-1.2266596234169875
-1.1252076413331438
-1.0994134585170727
-1.1737408177933406
-1.2405789014132185
-1.2318540019025117
-1.1612674660757683
-1.08146710168188
-1.0340137563700076
-1.0289137757290086
-1.051999015134497
-1.0826923052182107
-1.1071414015798375
-1.121369470981118
-1.1272854942567883
-1.1273740325042312
-1.122166089980314
-1.1109417958843821
-1.093408567937739
-1.0698781948565312
-1.039452916558193
-0.9982432441706408
-0.9406315692575149
-0.864856397398394
-0.7802425041735532
-0.7096455253934224
-0.6805550806486835
-0.7044400916433162
-0.7556715681779835
-0.772514844754862
-0.7008201162827092
-0.5705357778748905
-0.5267612855291006
-0.6476562310412917
-0.3489898710156283
-1.1748403881446134
-1.2583226791645754
-1.151149127797464
-1.1032311841102964
-1.1647866510219953
-1.2339740781850037
-1.2364669183380035
-1.1764757224789997
-1.0996836028124233
-1.0454297100381678
-1.0258223958276615
-1.0313317877959993
-1.0464856597062746
-1.0613582702577458
-1.0738232885006878
-1.0854388679913325
-1.0966198276948842
-1.104943115772731
-1.10676451086329
-1.0996505994442924
-1.0829769597246082
-1.0561220213517228
-1.016308784220993
-0.9592549076549912
-0.8841537395376915
-0.8006069337094854
-0.731316711281988
-0.7040150581825455
-0.7318756863591429
-0.7929407242948341
-0.8299235768596245
-0.7902033921978782
-0.6972139021679991
-0.6810394333198642
-0.8171997595464231
-0.6098058466559846
-1.121680662118973
-1.260093308365669
-1.155419046922646
-1.0867217910510765
-1.1334708174421455
-1.2051214166111923
-1.2236647023076874
-1.183208573584532
-1.1201319645639463
-1.0690282291513964
-1.042380755517319
-1.0346853084955012
-1.0358954324951601
-1.0408408592769054
-1.0501438813241823
-1.0656790998173382
-1.0861260682892184
-1.1061824252934973
-1.1192653050337218
-1.1208682428634806
-1.1096685711708436
-1.0856906146991325
-1.0476163816293398
-0.9926127149087027
-0.9205411107695345
-0.84056361895091
-0.774249933072753
-0.7486729610977538
-0.7782716709903075
-0.8449860771514754
-0.8966537612468533
-0.8825908052137952
-0.8190527650776294
-0.8199358806518267
-0.9616818638835984
-0.8613524653094946
-1.050027921849079
-1.2349221777641048
-1.1415266009002778
-1.054910294945131
-1.0847604170111396
-1.157647825414685
-1.1954494790877916
-1.1823648100253035
-1.1434943859290883
-1.1061351717026398
-1.0811483402150373
-1.0660763287203636
-1.0562660078413018
-1.051856544639449
-1.0569506970214064
-1.0743570913106595
-1.1014158422866984
-1.130177955405685
-1.1513391993546804
-1.158660326123055
-1.1506287845591174
-1.1285020798198673
-1.092880838273345
-1.0424617631853437
-0.9772892155647526
-0.9050209644728398
-0.8446743291951577
-0.8213231318039504
-0.8499097378953877
-0.9163905270491739
-0.974538111901353
-0.9762875352068079
-0.9301668724248486
-0.9321321932011699
-1.0610883982959933
-1.067362144256009
-0.989103835856544
-1.197856618718153
-1.1241602061428368
-1.0235002426015471
-1.0330725847615314
-1.1024699299992564
-1.158256456196603
-1.1761007618638404
-1.168574498449634
-1.1533677016988788
-1.137607659670583
-1.1205945432382238
-1.1026649059878553
-1.0894830500122668
-1.0891155842647935
-1.1057923710454434
-1.1359051251588896
-1.169202801534472
-1.1940818420082069
-1.2031696428290006
-1.195534294676766
-1.1744596035313082
-1.1430159783753782
-1.1014444734407975
-1.0492489013412483
-0.9911357489347568
-0.941698970784377
-0.9222694514457332
-0.9473067304314684
-1.0069592164480143
-1.0620878435366778
-1.0683756412592986
-1.026168106166769
-1.0106591448236388
-1.1013303464337598
-1.1947959746823829
-0.9793421315668418
-1.1713423270756955
-1.1253598893406895
-1.015849161780256
-0.999750827840078
-1.055420635371199
-1.1204343775569825
-1.1649686145012943
-1.1890070139859255
-1.198925531945223
-1.1961202246669878
-1.1801515392252675
-1.1555711590025233
-1.1333777104335816
-1.1257312301789746
-1.1385230321804336
-1.1674729642802397
-1.2003918144904056
-1.2239311013391223
-1.2303890137645972
-1.220405233902131
-1.2002542184533134
-1.1760882748073875
-1.14961627996205
-1.118829304350914
-1.0836722943303592
-1.052063704933449
-1.0395874125949156
-1.0592430978218097
-1.1059248311365089
-1.1494453432731468
-1.1511228107158793
-1.1028125921671297
-1.054507057902402
-1.0792616870890477
-1.2220744687909253
-1.0558286707213256
-1.1708520801228133
-1.1628310178782613
-1.053847725963493
-1.006114960982572
-1.0320107744237603
-1.0883130292544294
-1.144990573056134
-1.191157489866292
-1.2212394758902363
-1.229324080609942
-1.2136723529819307
-1.1819192482262793
-1.1497179559795825
-1.1329564709275814
-1.1390130729351142
-1.1629282567760129
-1.1908027752430144
-1.2080980163440245
-1.207685695730504
-1.192907579778307
-1.1741076788589453
-1.1611621985053375
-1.157081224615922
-1.1571680654308807
-1.1545433616605578
-1.1480167123623914
-1.1454734450297792
-1.1579244941476645
-1.1864945097864847
-1.2131306202721817
-1.2079605865894791
-1.1543874355927528
-1.0705935665746438
-1.0091399421939968
-1.150275367580889
-1.2156064384083045
-1.1775631651458305
-1.2285069024860498
-1.1421699027239534
-1.0628728702230639
-1.0413861118213
-1.064132739671411
-1.1090937652329451
-1.158715605460472
-1.1964813779524839
-1.2083935785015179
-1.1899766997639354
-1.1504757555183183
-1.1089180652238504
-1.083863680875698
-1.0833497501735572
-1.1011961681899045
-1.1216495142559104
-1.1293288825447583
-1.1185122899378719
-1.096389791812033
-1.0784945238223607
-1.0790821194661255
-1.1022608237856737
-1.139410807682271
-1.1747692490699144
-1.1958199114030101
-1.2014138643092345
-1.2012307186476399
-1.205931473821284
-1.215059173094506
-1.2128697692990507
-1.1751410659526762
-1.0789945127024119
-0.9332010686169276
-1.0199246589771072
-1.3650721013827152
-1.0963603708286556
-1.257664829667398
-1.2481830995224286
-1.1601074457303255
-1.0855431864101135
-1.0536632464872824
-1.0624001757747052
-1.0950363653927369
-1.12743390648766
-1.1379790231863254
-1.1183532276481927
-1.0775961738297397
-1.036064413549731
-1.0129688856823478
-1.015187498934928
-1.0338891550443705
-1.0506093451099119
-1.0489655454861477
-1.0251636608846084
-0.9912362755963287
-0.9689853606412626
-0.9777373482835756
-1.022604567446514
-1.090042825714626
-1.1538246911918932
-1.1887934251258585
-1.1849677627124393
-1.1537008381273282
-1.121679180757532
-1.115238098460317
-1.1415564211119218
-1.171233342088648
-1.128161353600639
-0.9425106240554797
-0.9392061052030058
-1.246451391775139
-0.7010637220809883
-1.0933647931784947
-1.2850895069725254
-1.2681216370622082
-1.1766897021940963
-1.0988749153572428
-1.069071578654075
-1.0831122698292006
-1.1156196857058376
-1.1395634481376362
-1.1422117826341207
-1.1301938967213516
-1.1221377308998797
-1.1345302872550462
-1.1698144889645334
-1.2136964150073197
-1.2429598912208064
-1.2391422088563502
-1.2002645541346908
-1.1438361531031376
-1.0988987268320614
-1.0906730659616812
-1.125582131693335
-1.1849120046319683
-1.2316571384877477
-1.2287013006015002
-1.160391454768245
-1.046851242948918
-0.9424782983161037
-0.9154726403413349
-1.0102074063141515
-1.197573956202035
-1.333244474559109
-1.2201798901358814
-1.1349098315989465
