Predicted value
-0.9133251745392599
-0.7783669493784848
-0.7793069966226853
-0.8006403898430621
-0.7825264198092876
-0.7051242087411533
-0.5737193217047092
-0.4061031007902456
-0.22296189043032166
-0.04148691881143307
0.1279881781370158
0.2827918861672676
0.426796206959575
0.5680788058992867
0.7160583702159651
0.878719222199337
1.0604153687908375
1.2605843830730117
1.4735233339810816
1.6891979368815413
1.8948877184397288
2.0773298033723098
2.2249274671901276
2.329552386820829
2.387507088999345
2.399341973465472
2.3684550032520435
2.29875723662273
2.1921793534649088
2.0474387320999425
1.8622989894786528
1.6425497375246034
1.4221291599096166
1.3002214057350772
1.5028002583876474
2.4779755981788165
-1.0398899107010187
-0.792736869755855
-0.6954022493694085
-0.6371904424544628
-0.5582582546121031
-0.4360972016975475
-0.27220392851868636
-0.08051171657213674
0.12156147837644449
0.3191516105910239
0.5031920891658088
0.6712679321606694
0.8266611413630086
0.9762460526140079
1.127890270411485
1.287947888342051
1.459312557741296
1.6403441247720392
1.8248095397858117
2.0028020813314615
2.1624381594357804
2.2919935977440753
2.3820468707125673
2.4271608192283205
2.4266724147361236
2.384287717113751
2.3064118040967676
2.1994966689511797
2.067179417265157
1.9086240721197687
1.7202884484417393
1.5043284109786264
1.2880409150065555
1.160150073523453
1.331372628234456
2.2285761530408608
-1.1589045730615692
-0.8428308782916896
-0.6832542883102422
-0.5753044259227655
-0.46009173415340165
-0.313301920577697
-0.13338769770066328
0.0689596139455333
0.2791064691485745
0.4841600175477657
0.6760826233415882
0.8525809060284757
1.0162969514588052
1.172916471389881
1.3288137480824864
1.4887917171958807
1.6543630462678436
1.8228700863459564
1.9875736398059536
2.1386681269905976
2.2650194769689165
2.35628744238831
2.4050015740116324
2.4081253160363136
2.367681127622109
2.2901367281478935
2.1844840325145762
2.059293617250617
1.9195141671971467
1.7644238250915947
1.588944231370047
1.3915138279096517
1.1929002361714782
1.071727736221039
1.2241205973378952
2.0567317723149605
-1.2424904033603643
-0.8910733320377872
-0.6969811124622418
-0.5620281453225014
-0.4290989169627806
-0.2728184385218255
-0.08924116247508684
0.11365108745360808
0.3235948605450407
0.5293699125784627
0.72377630416622
0.9045452619727159
1.073659714164939
1.2356564445437657
1.3954949916458386
1.5565242786230287
1.7189720258405992
1.8792397998246761
2.03012361837412
2.1619118912702326
2.26415465800978
2.327766117290656
2.3470318565358714
2.3210585124880234
2.254242354783623
2.155460012362789
2.035914786524611
1.9059212433411572
1.7713945809324398
1.6314451527204767
1.4792780251614441
1.309578086540693
1.1367385311447085
1.0296800494364702
1.1706252886954862
1.9470536388794568
-1.27693672745851
-0.9155696368826878
-0.707697221639474
-0.5625348884685485
-0.4254377167007608
-0.2706092272062196
-0.09226176802998598
0.10387459348327821
0.3075537323571381
0.5089794151553507
0.7016381960864289
0.8832206264116238
1.055056160634721
1.2205919991635352
1.3834673313880188
1.545687564357451
1.706303669398532
1.8608652810365114
2.001758168402145
2.1193726978671834
2.2038954458897235
2.247386731907317
2.2457180515291246
2.199910729188247
2.1164561057606894
2.0063237593771714
1.8825931556880733
1.7569912661284564
1.6360996082096746
1.5186243794744818
1.395918405434409
1.2589190304993068
1.1158373785498108
1.026317125332202
1.159390587211834
1.8844120689445185
-1.2587751347557512
-0.9060195389326849
-0.6992878749344178
-0.5557816761631507
-0.4239103684590206
-0.27799929204632
-0.11089438482036884
0.0735348308245733
0.26676091101243604
0.46020629487272935
0.6479267519545157
0.8275329843853145
0.9997264354259204
1.166938954313924
1.3315951528795962
1.4944765912963573
1.6535738774339501
1.8036818855545331
1.93684012446979
2.0435603416995254
2.1146322675789175
2.14317151059123
2.1264865413949336
2.0673099770080423
1.973978527346974
1.8592715227319514
1.737845432004849
1.6225467354977299
1.5203634641803823
1.429402184842028
1.3390677300654765
1.236593069970168
1.1242319291735174
1.0528025960863627
1.1788733814579435
1.8547238879573167
-1.1915856823245319
-0.860372199322202
-0.6649331288188863
-0.5309215658846942
-0.4102825396274104
-0.2779198995815599
-0.12571675686250994
0.04398571273043872
0.22412745648921972
0.40718139824667693
0.587683645163515
0.763146968218081
0.9336854582430705
1.100800518546695
1.2658154210033414
1.4284130539395556
1.5856447561145366
1.7316527905393626
1.8582005937351576
1.9559489692365457
2.0162684076422073
2.033253238238404
2.0055178781131726
1.937324572677646
1.8386312455560005
1.7237729248359197
1.6087162156264074
1.5071689746887098
1.4263022405279082
1.3634641106968801
1.3060511661097733
1.2376677488286365
1.1548624340125186
1.1000999274439247
1.2182208962107315
1.845477430662684
-1.0834396698187456
-0.7821275767351723
-0.6042862490403759
-0.4843767636858538
-0.3782680904118284
-0.26182124119499073
-0.12629565602038956
0.02721577624995103
0.1929103064957403
0.36417479264870284
0.5359602497214996
0.7056800605468886
0.8729127672644492
1.0383212026580328
1.2022445854724395
1.363394623761873
1.5180061740845425
1.6596731208967925
1.7799563987553713
1.8696990088472305
1.9208380098716789
1.9283813203391784
1.8921332838635256
1.8177228499490938
1.71652743905119
1.6042096212548076
1.4978081717141927
1.4116654019619639
1.35294443327134
1.3181088053772383
1.2925180299712897
1.2562519324208838
1.2004294060628191
1.159649060126895
1.2677657037934806
1.846043204020099
-0.9448919898275406
-0.6781970562191637
-0.5212194581344516
-0.41748561771567194
-0.3270927563938366
-0.2271675909441469
-0.10862767088301914
0.028448211805749385
0.179340155251906
0.3382390834150335
0.5004645214647753
0.6633416815009238
0.8259729508231688
0.9882782128196022
1.149731013667365
1.3081989453670395
1.4592222761038536
1.595950351482667
1.7098161437593413
1.7918810697274257
1.8346403603557062
1.833959375547878
1.7907288444499174
1.7117976045027001
1.6097805398663358
1.5014626108676774
1.4047426496828395
1.3343985025014502
1.2974236538679955
1.2893002036972674
1.2933495105546287
1.2862554951170877
1.2540020442267814
1.223820697554192
1.3193233645428337
1.8478127379500298
-0.7874440562932784
-0.557244218961127
-0.4220578922569786
-0.33464443211608835
-0.2595578419685787
-0.17543628049240062
-0.07308627046871329
0.04823347341161166
0.18474204675286493
0.33134682331865506
0.4837045597019142
0.639072721198555
0.7961414332255882
0.9541842181984432
1.1119258979263733
1.2665142552383568
1.4129137846539679
1.5439306494036527
1.6509433299197356
1.7252689260026481
1.7599561901554395
1.7516786520128669
1.702320172308431
1.6198164683628764
1.5178551105800635
1.414158729840052
1.3272972279238024
1.272310176128387
1.255885849975222
1.2724540093157544
1.3033211221384977
1.321924775917482
1.3094240513543878
1.2861901787938725
1.366332386373395
1.8442030100439715
-0.6224058625257294
-0.42843415719607936
-0.31423010878836166
-0.24187246369568313
-0.18053239071072363
-0.1105491425615309
-0.02280406029892197
0.0841052060872217
0.20721899436541885
0.3420918237160509
0.4846980792011942
0.6322540921873937
0.7831034591310785
0.9359685333459569
1.0889388004567546
1.238561837143528
1.3793402834345463
1.5038342601526749
1.6034384640995687
1.66976230311281
1.6964054201928869
1.6808053294085814
1.6257541751902633
1.540153359849918
1.438613490663704
1.3396283065566637
1.2622704842790682
1.2216900238990038
1.2241578023954072
1.2630033910590672
1.3175628862352387
1.3581948326098323
1.361555852690714
1.3416678643057653
1.4038712987691921
1.830559054796349
-0.46009283185210603
-0.3005268129670039
-0.20527052140626048
-0.1457354573814268
-0.09580924832774376
-0.0376719776041362
0.037573997011837515
0.13186342344004467
0.24296218838082928
0.36701748215559515
0.5003103859543466
0.6400463003615735
0.7842876075564045
0.931297307349118
1.0786376181632198
1.2223692171394434
1.3566404376645678
1.4738568767529496
1.5654960177714432
1.623494174938074
1.6419998437806993
1.6191739252531148
1.5586388094118242
1.4701504863963433
1.3691062268683822
1.274620469990116
1.2061189033978623
1.178730845394363
1.19821847367945
1.2567837163045874
1.3318552581107268
1.3908946486302716
1.4063874542420773
1.3865183072022613
1.42858309597282
1.8039829439730992
-0.30929980967156423
-0.18125647067389844
-0.10211575369047748
-0.052569651621779
-0.011266967494225837
0.03767591185151292
0.10282418097302191
0.18654247342023583
0.28724500909254164
0.401628950431354
0.5262772149409138
0.6584158556191113
0.7958890495769175
0.9365872573689058
1.0776467602874593
1.2147470790288517
1.3417822536596498
1.4510881506360418
1.5342863866959258
1.5836716506931532
1.593938691814357
1.5639335550506197
1.49803631122789
1.4067550782709868
1.3061490916251826
1.2158174838261644
1.155405805032717
1.1399096868559842
1.174509949973917
1.2502714107486113
1.3427941823070004
1.416836920240903
1.4410517611700593
1.4182961728305319
1.438533106040308
1.763113240792599
-0.1770008172631895
-0.07694577287139823
-0.010643107443360642
0.03204564671052211
0.06771436685111891
0.11025398687374457
0.16781617248007463
0.24311533228485915
0.3351521134561544
0.44114006835598635
0.5579629425513958
0.6828985534428108
0.8136320315468568
0.9477618121133363
1.0820917221902981
1.2120173364161615
1.331270002652912
1.4321930950187152
1.506607665871045
1.5471942687718618
1.5491898403736617
1.512088689438631
1.4409603747817938
1.3469700897522405
1.246724637873401
1.160184711393179
1.1070975006866708
1.1022281966475294
1.1501202293378467
1.240707643180058
1.3478543708069455
1.4338198632765802
1.4637640926471964
1.4357228928317507
1.4330224751525045
1.707875275031493
-0.06822905675632293
0.007691531774086723
0.06459485059010565
0.10361304516062113
0.13662957659366762
0.1755207079154666
0.2279698570905015
0.29698015420384494
0.3820892967927202
0.4810004702807181
0.5908992187748687
0.7091442440717518
0.8333157065234517
0.9607932293765047
1.088132997256336
1.210534618565182
1.3216493196324117
1.4138970844416978
1.4793470765987713
1.5110886088358986
1.5048945887137748
1.4608712962175676
1.3847130685905311
1.288153508945158
1.1882417268774628
1.1051883904238766
1.058737548181658
1.0633417972017951
1.1228659552974154
1.2261334746298234
1.3453759357777861
1.4405646169026685
1.4737098700317937
1.4385243848341147
1.4123759084952454
1.639219147352004
0.013902865160016036
0.06959944844618478
0.12048015840834761
0.15888034385631514
0.19205792328322602
0.2298825918638705
0.27953757620211783
0.34426976507326734
0.42411463568673247
0.5172431219804035
0.621143963089447
0.7332826553484361
0.851182438925729
0.9720693093921856
1.0923273841318264
1.2070386024490478
1.3098472254548477
1.3933104562622374
1.4497872516279875
1.472793571883151
1.4586294457377422
1.4079768392646432
1.3270929430035714
1.2281966566168783
1.1286822858143322
1.0489093002830956
1.0085259630509629
1.0216032600148903
1.0912993622220688
1.2053593718364772
1.3344958644992768
1.4366082749356668
1.4708990081132782
1.4272468239568452
1.3777190685102658
1.5588592374489996
0.06807742830654234
0.10731546993965754
0.15531931250265996
0.19587782881697685
0.23174157807244605
0.27080798955518043
0.3197477144995627
0.3820199123431587
0.4581265825781044
0.5466877533188017
0.6454959215829839
0.7521451370504346
0.8641430596601966
0.9786187307720988
1.0918502066911613
1.1988701410730265
1.293379398034313
1.3681243596228274
1.4157882885981572
1.4303264491725052
1.4085542034039022
1.3516925182583837
1.2665017669035414
1.1656079165022584
1.0666606925816458
0.9900766258973857
0.9553265505371125
0.9760426607472931
1.0546601775655429
1.1778885537336163
1.3150424854946912
1.4221693316811757
1.4560023929153878
1.403064405714196
1.3307580867494646
1.4690261504077897
0.09457160710949918
0.12082374108680213
0.16874394891188424
0.21386064275465186
0.2545642439103224
0.29683688639602823
0.34684094944362004
0.40822755638841557
0.4819401949244817
0.5670312054847333
0.6615955795482014
0.7633728369162014
0.8698892393732173
0.9782247765962095
1.0846077576370166
1.1840799867157448
1.2704529243677367
1.3367054631220965
1.3758725097950153
1.3823559930955414
1.353471734504112
1.2909423612343986
1.201973631465966
1.0995247128781365
1.001417634763508
0.9280428505919811
0.8986221307721416
0.9263023834556057
1.0127900034907082
1.1438105049938636
1.2874080304093236
1.3979993773100325
1.430182972493146
1.3675902800825894
1.2735709853072643
1.372239477315943
0.09500702270553524
0.11135185525567537
0.1615488615132935
0.2131829868953909
0.2604568631617492
0.30751377592371265
0.36002626728804044
0.42182630152374617
0.49427853058769083
0.5768515989150121
0.6679391520122828
0.7654377900239611
0.8669191645153089
0.9694532831667975
1.0692653918452668
1.1614550755449904
1.2399889879164983
1.2981134124617713
1.329235205910431
1.3282051047420238
1.2928214182236393
1.2252703146291453
1.1331467604354415
1.0296732241915634
0.932767036367413
0.8627173327495605
0.838434330801152
0.8725428247807177
0.9660237652597468
1.1036781409305754
1.252411634193554
1.3652322058948663
1.3949314076929922
1.322699351801817
1.2084184162309566
1.2711074580584052
0.07207263515030878
0.08113347079398801
0.1354898736452435
0.19512693555415736
0.25025339641258
0.30326673545209626
0.35937995849181403
0.4226022045584486
0.49470241464729087
0.5755494376664126
0.6638286227472485
0.7575996920515667
0.8544990328970808
0.9516170214007804
1.0452131208396356
1.1304838154919072
1.2015864737880533
1.2520615121074012
1.2757012814445352
1.2678024523769573
1.2266248582322308
1.1547793010176863
1.0601952584781362
0.9562922825260196
0.8610116781833084
0.7944733270244355
0.7752217988537902
0.815331708929062
0.9150701543922002
1.0583795316321334
1.2111626250169443
1.3252390957370335
1.3519139163342593
1.270369420794184
1.137579000788762
1.1681576047140907
0.029238073686481885
0.03315525205716606
0.0930604131691002
0.16170499879817896
0.22551603375374576
0.28525223275938183
0.3457072318224707
0.41106965417537134
0.4834982695364704
0.5632452863376425
0.6492773586354106
0.7398177216052481
0.8325795207513801
0.9246953991872672
1.0124872834939158
1.0912785906834717
1.1554442956234108
1.1988379788512749
1.2156446479704959
1.2015993207036435
1.155399603129608
1.08004132158502
0.9837352001067956
0.8800351460713384
0.7868404437857583
0.7240405881467908
0.7097681470430419
0.7555274508749948
0.8608905993441165
1.0090127784565572
1.1649317234376197
1.2794968748995168
1.3028378850862523
1.212545167274788
1.0632126733805283
1.0657005614362443
-0.029527673993234332
-0.0290967249069366
0.0372622913081842
0.11545223590304267
0.18834588668929642
0.25518190144991687
0.32038281928939505
0.38832377377201255
0.4615404886021751
0.5406504750447831
0.624887679205291
0.7126336656276447
0.8016833003628545
0.8892253406508831
0.9716638785828872
1.0444707515089469
1.1022573514674172
1.139202268475161
1.1498844170723919
1.130465251000842
1.0800538962487563
1.0019910568599106
0.9047168998157735
0.8018603338991939
0.7112176916738834
0.6523933325056361
0.6430686368479251
0.6941647867554195
0.804584153713332
0.9567705713174762
1.115035786048781
1.2294734832958862
1.249339006829666
1.1510277570631264
0.9872537955785408
0.9657279295098894
-0.1000205600806935
-0.10187901946991335
-0.028616859578679717
0.05922069181414979
0.14119219535284447
0.21514452853587113
0.28518397167656717
0.35588285209178483
0.4301419112837736
0.5089243947911919
0.5917138990788533
0.6770397732516961
0.7627768944558126
0.8461764435073733
0.9237364305081028
0.9910906879028945
1.0430983895503156
1.0742683978494327
1.0795694157357434
1.0555735553642707
1.0017730594782561
0.9218130537565904
0.8243128977813601
0.7229204676078785
0.635273073192494
0.5806412180775758
0.5762225756875543
0.6323489152939397
0.7472837901001049
0.9028391289174585
1.0627399804927111
1.1765340746404223
1.1928921158751327
1.0873913421623427
0.9113343926566592
0.8698434628076205
-0.17803987884349665
-0.18141200589843742
-0.10120978635018596
-0.004013811154890704
0.08667036031626177
0.16743378930733624
0.24212655523302845
0.3155316383712208
0.3909033144540067
0.4695293282168251
0.5511217723521168
0.6343422057282206
0.7171376291153583
0.7968210269476957
0.8699888087827993
0.932443173036589
0.9792956972122866
1.0053848621451134
1.0060602716897924
0.9782855627244849
0.9219059422718267
0.8408304678844714
0.7438091331481509
0.6444560611590104
0.5601981740729992
0.5099291252426699
0.5103365809900362
0.5711626506523736
0.6900679151202492
0.8483146246028171
1.0091797547437493
1.1218692554112817
1.13474652743696
1.0229264482189813
0.8367366663767468
0.7792259274825445
-0.25959437236407873
-0.26407334309166447
-0.17725222151003778
-0.07132495525496668
0.02739665930497521
0.11438983006254963
0.1933125423979627
0.2691739402057449
0.34557045744386927
0.4240914075336018
0.5046529409394934
0.5860286515926749
0.6662241794265862
0.742607448111574
0.8118712230426925
0.869986003692708
0.9123144055289802
0.9340186687477798
0.9308162830418677
0.9000404684261041
0.8418579307405837
0.760401445770595
0.6645049469067505
0.5676994268561416
0.4871546430455613
0.44134986796990394
0.4464422787720177
0.5115895637337455
0.6338894660508769
0.7941388161964293
0.9553036522863173
1.0664458220882407
1.0758855295977638
0.9586091623842312
0.7643729421226735
0.6946210088152182
-0.34107184834542525
-0.34655909865500084
-0.253736864839504
-0.13998390557948656
-0.034154675032968596
0.05826062712479607
0.14079503165693577
0.21870082126389037
0.2959050962506623
0.3742741908242135
0.453900912018884
0.5336466254219856
0.6115571796235387
0.6850430735826699
0.7508856568276583
0.8052180405262422
0.8436473169167784
0.8616491643183818
0.8552924838784947
0.8222559013086386
0.7629953010425911
0.6818275704651345
0.5876259470430429
0.4937923102823005
0.4171969723759307
0.3758725251344221
0.38543062524481364
0.45445477402422996
0.5795237005582703
0.74105441738334
0.9018369146239982
1.0109793206708835
1.0170087140209754
0.8950941507390671
0.6947904040765958
0.6163589260405375
-0.4193700643530358
-0.4260098370354488
-0.32803565247343625
-0.20757854562404818
-0.09576827115026854
0.0010871291505080316
0.08646502211793215
0.1658788007288147
0.24357450377713918
0.32166948817291074
0.40040325129097637
0.47869715373680094
0.5546145807148957
0.6255915318264225
0.6884852735245874
0.7395810545590558
0.7747195014829488
0.7896757076172236
0.7808507337066356
0.7462427807982059
0.6865642045664009
0.6062773443382867
0.5142523683759412
0.4237195184916147
0.35121180074273206
0.3142878437180377
0.32800386072220333
0.4003839359332595
0.5275347362844905
0.6895797593491555
0.8492648918217601
0.955926902232858
0.9585350542446518
0.8327288321912485
0.6281973473895691
0.544393871093568
-0.49198832736596115
-0.5001006781974383
-0.39798892231946065
-0.27210222529022354
-0.15557627271072222
-0.05538549259458341
0.031962495531613434
0.11226079528802034
0.19006238604074543
0.26770843867971394
0.3455530671836847
0.4225469611993882
0.4967448716684106
0.5655873314695865
0.6259908150454235
0.6743783039877376
0.7068094585093792
0.7193418265649498
0.7086872820428907
0.6731366998735326
0.613626278021816
0.5347264330986262
0.4452643566702624
0.35825965221068834
0.28987450696507333
0.2571711177149783
0.2746451134945514
0.3497800306424897
0.47826002512551546
0.6400014827749017
0.7978345388773971
0.9014982733949105
0.9006240358928013
0.7715855039736835
0.5645072195816814
0.47836100789997626
-0.5570807122939386
-0.5670957928033926
-0.4619615465636382
-0.3320117383551093
-0.21211823461303875
-0.10976961617630267
-0.021387089368882697
0.05912110599864951
0.13660265749677702
0.2135944266554419
0.29053146476255176
0.36636089261399074
0.4390999236621991
0.506169597158873
0.5645257064078137
0.6107114860756715
0.6409883905904841
0.6516772819296979
0.6397780785000171
0.6038469262801314
0.5450117678733722
0.4679153335398163
0.3813045895855211
0.29795308261965836
0.23362294208748952
0.2048620770876422
0.22560485572519431
0.30281681507685315
0.4318112461902656
0.592383360345401
0.7475716990112174
0.8476820294746995
0.8432116999409923
0.7115078409420295
0.5033964230859207
0.41764654346962443
-0.6134730298113169
-0.6258690337086615
-0.5188673406604684
-0.3862554875490681
-0.26437290599877367
-0.16107033235980936
-0.07261101979602413
0.007414524797897785
0.08413632030915008
0.1602582185753171
0.2362614553215632
0.3110551297261324
0.38258805901947446
0.44823553780620173
0.5049704657603103
0.5494366209219336
0.5780780779575216
0.587458430373966
0.5748421017400375
0.5390231524047728
0.4812901339513528
0.4063242426257565
0.32275780417129296
0.24308651482216548
0.1826473956007774
0.15746061846370638
0.18090276218940088
0.2594471821358715
0.3880895600581897
0.5465888670026691
0.6983114528263955
0.7942842990665095
0.786058166642542
0.6521679651563401
0.44437169529698467
0.36146629900163046
-0.6606466840904587
-0.6758934234150262
-0.5681640852991828
-0.43427382739505876
-0.31176357990018744
-0.20869540343065301
-0.12110343139623124
-0.042241392822638835
0.0332906709487742
0.10833469005500157
0.18338280679750502
0.25727077481142124
0.32784697560556486
0.39241330970124594
0.4479360879209653
0.4911385156230274
0.5186269577842602
0.5271864247395341
0.514322156032854
0.47903933215966643
0.4227573399228848
0.3501641856252017
0.26974612031673856
0.19369284174918988
0.1368952974945558
0.11483666180754243
0.14034302418494837
0.21942423914205467
0.34681277342441136
0.502314777642676
0.6497385330975038
0.7409764102901553
0.7288030522316444
0.5931301921081493
0.3868428600722341
0.30894825684736876
-0.6986933664163074
-0.7172030345789865
-0.6098223250007033
-0.47597440949293734
-0.3541395287385288
-0.25244226373217715
-0.16661729516682428
-0.08956268303222037
-0.01562077872647194
0.0581596825760797
0.1322464996460925
0.205366563914207
0.27523536205332644
0.3390531576195249
0.39375530854878543
0.4361227171399608
0.4629032961540485
0.47108209776529464
0.4583819202500067
0.4239933094334549
0.369438436973108
0.2993828944768721
0.22213852017720254
0.1495645023451418
0.09608870977171763
0.07665201340691738
0.10354081356785233
0.18233260294694562
0.30755170590723624
0.4591328681843817
0.6014346570629081
0.6873481992968489
0.6710251614414339
0.5339175937920233
0.33019684372838815
0.25921472587573674
-0.7282451428582742
-0.7503314273693242
-0.6442717458589426
-0.5116860036096567
-0.3917367010362646
-0.29246496946798783
-0.20923695774539047
-0.13457641534196327
-0.0625799413830721
0.009784871299562825
0.08292680101091689
0.15542882971330843
0.22484140756677481
0.28823509904760447
0.34249005401322097
0.3844232784240342
0.41090377724717664
0.41909583529242783
0.4069175193063139
0.3737204555155549
0.32110358990493254
0.2536835027764812
0.17957245350586362
0.1102782048270996
0.05975234737767739
0.04239184356169958
0.06995736397831766
0.14762722865548725
0.26977291806425835
0.4165367143055896
0.5529295998992726
0.6329636092021682
0.6123029245798074
0.4740776649906968
0.27386905755563673
0.21146004191411408
-0.7503849247943614
-0.7762312550417785
-0.6723293971250702
-0.5420947423900788
-0.4251213390866526
-0.3292244972814429
-0.2493344012192027
-0.17758217942927254
-0.1078301312439376
-0.03699197356270895
0.035248475278140005
0.10729634572729711
0.17650593060417036
0.239790948357329
0.293952927238952
0.335824223411318
0.36237541355131536
0.3709303447853379
0.3595815107089797
0.3278191807628493
0.27729537028680984
0.21255382909922133
0.14148527638452604
0.07522864796098723
0.027249677579773576
0.011403235716092868
0.03894102629191841
0.11467702285723644
0.23288493989188894
0.3739906110121811
0.5037529129147086
0.5774153608035149
0.5522722367649475
0.4132436260166321
0.21740855610206336
0.16502008986959
-0.7665425717542361
-0.7961799291753863
-0.6951143184725278
-0.5681670493618871
-0.45512050155962924
-0.36342612539364333
-0.2875127305630273
-0.21910092309252563
-0.15182950468542097
-0.08258430032654303
-0.011173700187836217
0.06059733829681201
0.12985751183228703
0.19333814755978093
0.24774026065306723
0.2898922907394711
0.31684839087811756
0.326073953056474
0.31581692735565525
0.28568595702463045
0.23736493763258537
0.17530384417644335
0.10715308444616414
0.0436687590331087
-0.0021754329542890494
-0.017061779188871508
0.0097716515306744
0.08281052995986068
0.19628522064003376
0.33097776395704737
0.45348336628242614
0.5203757036032151
0.49067863730741507
0.3511882311017546
0.16053377433682828
0.11943038824034899
-0.7783819784012562
-0.8116763602242804
-0.7139532785027172
-0.5910636708004288
-0.48274365074271874
-0.39594781928582795
-0.3245405951599751
-0.25981465346825366
-0.19519530244520272
-0.12756484758675232
-0.05688616081849469
0.01479573886744922
0.08435680674448448
0.14832266652815682
0.20327407222061583
0.24601835184261597
0.2736772910571004
0.28384191179993246
0.27489888041123656
0.24655737034429284
0.20051463525720464
0.1411088481048433
0.0757344596840682
0.014753954883145366
-0.029354034414159652
-0.04380123527893431
-0.018294254730583662
0.05136111007764571
0.15940519203032924
0.2870451184238399
0.40179345722052695
0.4616405651698728
0.42742112750757777
0.28786736502224436
0.10317611565178118
0.0744700033769965
-0.7876844531369959
-0.8243337690086934
-0.730282331984996
-0.6120492535739093
-0.5090995029484315
-0.4277635976801518
-0.36128131722065454
-0.3005005902533995
-0.23864231600430172
-0.17260774744592242
-0.10254166211879548
-0.03075634508477751
0.039347120617813966
0.10406814666831204
0.15985017779380542
0.20346482481178507
0.2320880717450085
0.24342313928390197
0.2359811913592131
0.2095567065859514
0.16584453078814326
0.10905590965177801
0.04631670071974889
-0.01241198962319705
-0.05514677688628116
-0.06961868385265581
-0.04597998865405295
0.01970923730678265
0.12175108629406707
0.2418424825098654
0.34848665877699236
0.40116479710106423
0.3625853536875519
0.22345118975829736
0.045509194879659765
0.03018914842038244
-0.7962335164144089
-0.8357734121286012
-0.7455487750986123
-0.6324018049349266
-0.5353122541939195
-0.4598657855331043
-0.3986204459193797
-0.3419633183791773
-0.28291896976804326
-0.21842791060155037
-0.14884139119044218
-0.07676294822121935
-0.005891658579924533
0.059828476307680324
0.11668973099112973
0.1614164294413119
0.19122821520635028
0.20392986969691265
0.19814557853846695
0.1737426442622259
0.1324005206962582
0.07819122920270663
0.01796223832545226
-0.0387317245958954
-0.08040017978590566
-0.09528126435189099
-0.07394885219965414
-0.01268017350872263
0.08293846621604055
0.19515395565337673
0.29352548017348234
0.339086655171394
0.2964643674668031
0.15834113639074623
-0.012037875536393818
-0.013081041303529132
-0.8057059440158414
-0.8475237906613491
-0.7611178311871317
-0.6533261479894905
-0.5624410932032426
-0.4931898805371104
-0.43739529334133925
-0.3849683400092901
-0.3287442759053483
-0.2657208193725761
-0.19647708906580724
-0.12392825194017786
-0.05208856676218196
0.01484109193896475
0.07299156893679554
0.11903173958679479
0.15021757456001175
0.16444780655880334
0.16045105901190987
0.1381577773372243
0.09922178201264434
0.047566268347512694
-0.010246860561438295
-0.06507179473580695
-0.10590645884144442
-0.12148229804856443
-0.10276993719933114
-0.04622716688018792
0.04271879495440331
0.1469200806244918
0.23704885536844225
0.27574013803253367
0.2295657054917662
0.09317161339881042
-0.06878414402066128
-0.0547373901376613
-0.8175734659185026
-0.860929528529449
-0.7781880458764003
-0.6758751598880403
-0.591406611726153
-0.528545479856676
-0.47832974851000337
-0.43018018351238585
-0.3767486917418292
-0.3151056406986349
-0.24607598694323896
-0.1729029775032095
-0.09992911784791707
-0.03162151473425795
0.027982926799285122
0.07549317470924603
0.10819763521912786
0.12408457166567664
0.12198142984055398
0.10187490451761488
0.06538558099136185
0.016280730892958662
-0.03916813776435005
-0.09222455148923211
-0.13236858035209192
-0.14880998229244996
-0.13289096876941697
-0.08121424683391502
0.0009967871755090234
0.09724958480735613
0.17937786049067805
0.2116543314475588
0.16260409441328103
0.028795909417407138
-0.12381775824129303
-0.09393235435907611
-0.8330190165613277
-0.8770736262251546
-0.797718921473946
-0.7008821602733958
-0.6229273297383916
-0.5665563461345774
-0.5219773204683881
-0.47810790181542223
-0.42742160206857466
-0.36707427897863126
-0.2981510802717968
-0.22423560132168416
-0.15000725338844403
-0.08020434987573295
-0.01903366545790104
0.03005332164408184
0.06437715944806248
0.08201449461018805
0.08188895212688442
0.0640392888959225
0.030047726232906483
-0.01647922940993095
-0.06956326957518211
-0.12087594064473164
-0.16037186964178116
-0.177723398249107
-0.16461929800950295
-0.11777293413557453
-0.04216227163198985
0.04642005341525407
0.12100927144022934
0.14753945186196493
0.09647967224290453
-0.033743605290411934
-0.176033849236647
-0.12961990307234056
-0.8528708289720875
-0.896716228783217
-0.8203737879893714
-0.7289073168164599
-0.6574690819159265
-0.6076122478196535
-0.5686749422497186
-0.529060395909601
-0.48106777225384945
-0.4219486299580755
-0.3530589214510661
-0.2783304959866963
-0.20278371638593615
-0.1314284858293628
-0.0686391859890158
-0.01792422141595167
0.01807248149274488
0.03751808837565743
0.039432664916069296
0.023905401145160442
-0.007522728928638421
-0.051408871550813647
-0.10206906486243936
-0.15158024307104026
-0.19036312810425768
-0.20853665286184003
-0.19811171973117822
-0.15587989902988003
-0.08653558554651555
-0.005132628428463657
0.0625969986254747
0.08425984250954663
0.03224221268146263
-0.09326024051873187
-0.22418835251919328
-0.16061830822946008
-0.8775569849408191
-0.9202524056307648
-0.846480303520693
-0.760200364400769
-0.6952094734878661
-0.6518347002193916
-0.618509586221248
-0.5831135428825206
-0.5377746842578565
-0.47984788335577194
-0.4109667163182454
-0.33541472061459293
-0.2585525112216664
-0.18565724390359245
-0.1212641581983879
-0.06893094562665464
-0.03125894201993151
-0.009985107783978929
-0.005989907426070582
-0.019133000846060247
-0.04791558477936926
-0.08905974444689259
-0.137175763972938
-0.1847424705384844
-0.2226378226040624
-0.2414115679252111
-0.23337336355454094
-0.19536273863872752
-0.13175616263705434
-0.056835727671221276
0.004921964875192206
0.022794735594155513
-0.028957567028150482
-0.1484813429173059
-0.26696608916598574
-0.18568783541196876
-0.9070822878636821
-0.9476907358426125
-0.8760103117691043
-0.7946813063101142
-0.7360190197987324
-0.6990581719964751
-0.6712992093481156
-0.6400906033177501
-0.5973921881799369
-0.5406672651685063
-0.47183007321884174
-0.39551476573781824
-0.3174167089600049
-0.2430712015599234
-0.17716307834894626
-0.1232875741525664
-0.08399275840009257
-0.06091127762509664
-0.05481853303195432
-0.06552024459237221
-0.09155908285666844
-0.12982215585856305
-0.1752130922201307
-0.2206087338861493
-0.2573355138951616
-0.2763589172889058
-0.2702654777331902
-0.23591501973255266
-0.1773357875289598
-0.10801117794215465
-0.05114848659682782
-0.03581185625039047
-0.08592795334551291
-0.19811826552459402
-0.30306077971969936
-0.20362063863209184
-0.9410285256592372
-0.978653737019747
-0.9085800707032434
-0.8319400912582182
-0.7794599462789867
-0.7488277187372764
-0.7265889760308808
-0.6995568418648644
-0.659525388441717
-0.6040691222360607
-0.5353822879277295
-0.45844411292515835
-0.3792744303897534
-0.3036528228320859
-0.2363979922531546
-0.18112695750936833
-0.14032037614911552
-0.11549525746259601
-0.10731404696577983
-0.11552399106472616
-0.13870730527882197
-0.17391544120158753
-0.2163441474063216
-0.2592645188218231
-0.29444329877151487
-0.3132478089482975
-0.308521506148166
-0.27711977166883334
-0.22269660095608076
-0.15791584841113335
-0.10471006631777505
-0.0905102286690162
-0.13750522133064152
-0.2409453805337573
-0.3312640432012182
-0.21333950614447575
-0.9785783499049856
-1.0124003811172726
-0.9434711155221638
-0.8712555509045297
-0.8248029556618284
-0.800413372350786
-0.783663107949383
-0.7608287288677684
-0.7235411477574759
-0.6694867433168283
-0.6011355646326862
-0.5238020091954448
-0.44381539963622174
-0.3671810895232835
-0.29883157427972484
-0.24238604050704748
-0.20024032678034315
-0.17378186238109405
-0.16355026851392318
-0.16922842037476818
-0.18943534906069534
-0.22138588079670607
-0.26056683836321054
-0.3006404370001371
-0.3338066655007118
-0.35182242375054956
-0.347770461676668
-0.31848020250712256
-0.26720980646598985
-0.205788810601155
-0.15487783742460767
-0.1403106704974841
-0.18262892007571802
-0.27588501750766725
-0.3505598543032355
-0.21400149173565508
-1.0185621256850332
-1.0478701177040692
-0.9796712426925652
-0.9116331502540947
-0.8710615788230609
-0.8528409640372083
-0.8415720964255308
-0.8229975117755063
-0.7885880452930232
-0.7361407942451884
-0.6683940842414802
-0.5909833927230415
-0.5105280206542163
-0.4332360909054169
-0.3641296604429179
-0.30680683425996746
-0.2635582330554833
-0.2356254650523553
-0.22341385610778802
-0.22653507246399296
-0.24364189817964702
-0.2721117755316872
-0.3077222525439796
-0.3445246783449902
-0.3751468153415751
-0.391724968281195
-0.3875662352210271
-0.35945603529039744
-0.310239633983466
-0.25090343961296296
-0.20084685555378706
-0.18435291306823093
-0.2204202498932553
-0.3020947114454553
-0.36022040552180223
-0.20510190880493684
-1.0595262162082872
-1.0837469859688738
-1.0159343115893091
-0.9518603596711184
-0.9170430261878286
-0.9049384010251179
-0.899174394827188
-0.8849663642764162
-0.8536290794953537
-0.8030677313442955
-0.7362783480548223
-0.659199450950632
-0.5787164990224898
-0.5012131229049658
-0.4317728014096162
-0.37394595926319796
-0.3298949341411492
-0.300697345536729
-0.28661156852567876
-0.28717074313582064
-0.3010585058714552
-0.3258148850345385
-0.35750902688919417
-0.3905810864939579
-0.41808319623802764
-0.4325233878245107
-0.4274211607059934
-0.39950353285652235
-0.35119034932003484
-0.29262183126924457
-0.24195429440171318
-0.2219761214521719
-0.25025991047282486
-0.319052709387218
-0.3598988592190066
-0.1865736743955558
-1.0998202686793241
-1.1185415529246474
-1.050856767777045
-0.9905777137736135
-0.9614137598719726
-0.95539576484338
-0.9551910981031589
-0.945499750322083
-0.9174858726159065
-0.869159058780702
-0.8037597589896768
-0.7275078566536295
-0.6475271238328458
-0.5703454657339122
-0.5010760424913412
-0.44319198768193624
-0.3987019989101809
-0.368500027396478
-0.35268411185753146
-0.3507015581503664
-0.36126463121922137
-0.3820771708985825
-0.4095025391467792
-0.43837152437360904
-0.4621597397431748
-0.4737421277403327
-0.466841893946601
-0.4381170099399161
-0.3895538195729735
-0.33044872565790534
-0.2777398963514665
-0.25278588335554664
-0.2718614584834618
-0.32663732225396125
-0.3497140890228478
-0.15887657880758643
-1.1377001748099083
-1.1506875783340758
-1.082968008864138
-1.0263628908493807
-1.00277732423536
-1.0028369631975882
-1.0082715252940333
-1.003283091070742
-0.9788926245791166
-0.9332098235989438
-0.8697039656692036
-0.7948513233696181
-0.7159824507306918
-0.6397346632394156
-0.571215817712652
-0.513789516391274
-0.4692835830261958
-0.4383875585432785
-0.4210255111485392
-0.41655212152890136
-0.42370725917769336
-0.4403615818890394
-0.4631775381819536
-0.48738100289415787
-0.5068731004881744
-0.5148940397988916
-0.505365469083352
-0.47486943237075485
-0.4249549383143999
-0.36408191207830404
-0.3080013603102905
-0.2767144100212839
-0.2853359552681065
-0.325195431985098
-0.3303222121890632
-0.12307073515343944
-1.1714425023765165
-1.1786494885120902
-1.1108309517661454
-1.0578244382698985
-1.0397613159483272
-1.045900060189286
-1.0570670604340566
-1.056990306909264
-1.0365575901937156
-0.9939743083935355
-0.9329210984456762
-0.8601027605442493
-0.7830217989470206
-0.7083868295315354
-0.6412625754925634
-0.5848686585656017
-0.540823365185888
-0.509590496109506
-0.49090676529352767
-0.4840284703165131
-0.48772378337986466
-0.5000354800253017
-0.5179327031948815
-0.5370439242083248
-0.5517010806986845
-0.5555114155924669
-0.5425932819048873
-0.509449586505884
-0.4571920931585599
-0.3934559620996968
-0.3328411412826514
-0.2940700141971221
-0.2912435219787161
-0.31559528438480716
-0.3029695162024993
-0.08086824383068313
-1.1994653449866497
-1.2010359529855499
-1.1331484307639446
-1.0837010963074019
-1.071109755639222
-1.083322842278325
-1.100310089273829
-1.1053563357372693
-1.0892294273956553
-1.0502264975914046
-0.9922206824197091
-0.9221150023806476
-0.8475462040932871
-0.7752532703328366
-0.7102175459704417
-0.6554784623792432
-0.6124151445806132
-0.581244224901871
-0.5615024352620169
-0.5523434784559206
-0.5525667580307382
-0.5603952476019038
-0.5731155748006383
-0.5867697535413354
-0.5961293920061839
-0.5951741037268159
-0.5782207264593475
-0.5416932792607542
-0.4862698333418594
-0.4187761079560989
-0.35270109984445674
-0.3055718846563459
-0.29062736236449194
-0.29925862704989353
-0.2695212956114449
-0.03465700101463988
-1.2204497273436412
-1.2167141116337226
-1.1488703705595908
-1.1029620464100567
-1.0957765533293335
-1.114029661673127
-1.1368944053412307
-1.147251314244939
-1.135765396877185
-1.1008225707583397
-1.0464687323917534
-0.9797728443412974
-0.9084657661990678
-0.8392735396058696
-0.7770519261809239
-0.724622662271176
-0.6830956069054387
-0.652419190295195
-0.6319187907229606
-0.6206433487614736
-0.6174291405334511
-0.62069064721297
-0.6280463472465341
-0.6359664918953347
-0.6396749747309072
-0.6335327427151165
-0.6120602915229488
-0.571606111883769
-0.512420977984257
-0.4405391644550228
-0.36838151621363374
-0.31236624652033196
-0.2850258740797931
-0.27816730095376657
-0.23246115049595123
0.01250940045689492
-1.2334549444233835
-1.2249183070253213
-1.1572960492500222
-1.1149028419892912
-1.1130152508002626
-1.137215146368908
-1.1659530606471893
-1.1817527626163993
-1.1751980967252236
-1.1447624268371572
-1.0946443300586939
-1.0320449591682201
-0.9647472105864038
-0.8994189679829241
-0.8407467107624457
-0.7912961528755511
-0.7518777817187348
-0.7221516703822868
-0.7012222102367818
-0.6880339258786963
-0.6814687618442082
-0.6801476413082921
-0.6820391622745614
-0.6840604875907701
-0.6819042725562043
-0.6703253289812109
-0.644056118376566
-0.5993755705521249
-0.5361156083509535
-0.45953859559774596
-0.3810411846595667
-0.3160201933635982
-0.27645865945141385
-0.25483957533316276
-0.19485546769866333
0.05696157339341135
-1.2380205167273124
-1.2253465488367365
-1.1581652043832715
-1.119231281750892
-1.1224597874062798
-1.1524199884688893
-1.1869293154623701
-1.2082118465717924
-1.2067972011924035
-1.18124707840172
-1.135892866278227
-1.0780331917877148
-1.0154594493230515
-0.9547347099758396
-0.9003314442996064
-0.8545206597548687
-0.8177838312672466
-0.789473860441659
-0.768466707019267
-0.7536057662000321
-0.7438309885433418
-0.7379886263628552
-0.7344198129104067
-0.7305114092582026
-0.7224451596994697
-0.7053856507559491
-0.6742883425669879
-0.6253705056002006
-0.5580547213286097
-0.47685116382456855
-0.39217564118742987
-0.31848981241064217
-0.26738257776552704
-0.23227184009418955
-0.16027812162358435
0.09450963290224496
-1.2342468217810711
-1.2182373861105724
-1.1517312526627688
-1.1161370691858694
-1.124190683269525
-1.1595937313467033
-1.1996361096692971
-1.2263096155519964
-1.2301225520846497
-1.2097286864982937
-1.1695731124951263
-1.1170167611786819
-1.0598150048081112
-1.004378473510624
-0.9549203283795291
-0.9133782761227559
-0.8798760416690438
-0.8534423069468952
-0.8327197474857448
-0.8164572246103473
-0.8036688908689594
-0.7934494110142425
-0.7845391614037486
-0.774821618165182
-0.7609916499410833
-0.738642565549041
-0.7029660015276877
-0.6501265403464732
-0.5791467980992188
-0.4938030818386267
-0.40357106240196405
-0.3220597096878932
-0.2606144649316544
-0.213841749651326
-0.13269090466244812
0.12058901405724654
-1.222845925937261
-1.2044194003224473
-1.138809502051063
-1.1063387786571606
-1.118780776907309
-1.1591392832683514
-1.2042993468604521
-1.2360990437790949
-1.2450649360986061
-1.2299500460727104
-1.1952953770852273
-1.1484890388372169
-1.0972053461463493
-1.047654329640897
-1.0037443936152426
-0.9670418524369948
-0.9372852432185
-0.913164120048468
-0.8930859549834703
-0.8757152742849303
-0.8601607161157363
-0.8457927791425605
-0.8317821112861394
-0.8165397352829509
-0.7973010938287158
-0.7701096929277369
-0.7304078987330456
-0.6743165716914844
-0.6004661732659466
-0.5119142259548536
-0.41723201782737573
-0.3292516894026129
-0.25921779448284876
-0.20316955856574792
-0.1162758397688627
0.1304613011371717
-1.2051537019422784
-1.1853251693957179
-1.1207929456237582
-1.0911014302025226
-1.1073145047672952
-1.1519338019178664
-1.2015802632351942
-1.2380287435217596
-1.251870983409268
-1.2419704909770415
-1.2129482160536271
-1.172184839493462
-1.127228504990701
-1.0840403639743732
-1.0461788558835872
-1.0148016777094147
-0.989236379172139
-0.9678209243394522
-0.9487288579438856
-0.9305543761868487
-0.9125250984831109
-0.894319139464039
-0.8755726606812657
-0.8552589098954847
-0.8311843036585168
-0.79986584716149
-0.7570115850886929
-0.6987063095461824
-0.6231928870873733
-0.5328197774953543
-0.43528207336440644
-0.3427011627118624
-0.26635137790693597
-0.2039352141861147
-0.1152163509961142
0.11947373957415922
-1.1830939882689637
-1.1629613015671423
-1.0996280511661585
-1.0722178733512733
-1.0913746795162635
-1.1393206324908227
-1.1925722580755973
-1.232944388786399
-1.2511488535215183
-1.2461754777416985
-1.2227115148518766
-1.1880965618582846
-1.1497077921044927
-1.1132094360264195
-1.0817653284699278
-1.0560884892462086
-1.035071583320485
-1.0166911893994595
-0.9988915617631686
-0.9802144710382824
-0.9600352262931455
-0.9383755844109062
-0.9153764142265381
-0.8906111734574066
-0.8624899470758749
-0.8280274575272402
-0.7832115611476749
-0.7240957623457692
-0.6485346786383427
-0.558169646537394
-0.459837241631015
-0.3650008670476793
-0.2850792139013525
-0.21964978634503646
-0.13342528357352776
0.08338008742679347
-1.1590853375290964
-1.1398260099901356
-1.0777429108176675
-1.0519472065513342
-1.0729908238706083
-1.1230671532628478
-1.1787678027821833
-1.222064194470883
-1.2438517454875353
-1.2432675403166666
-1.2250542506834698
-1.1964780670258466
-1.1647010406446467
-1.1350429700228073
-1.11022926933564
-1.090493602928754
-1.0742719275776644
-1.059172425724976
-1.042918108677778
-1.0240200900004566
-1.0020341471172296
-0.9773656745052044
-0.9507029558733413
-0.9222603164462686
-0.8910856309651617
-0.8547153293416827
-0.8094289311160517
-0.7512487230375313
-0.6776329422656266
-0.5895072119441057
-0.4928534672880737
-0.3985126799078735
-0.3181418069330147
-0.2533810306557556
-0.1742189849478138
0.01872424232378231
-1.1358808249895251
-1.1187657057948028
-1.057920202681371
-1.03290362485228
-1.0545433588998707
-1.1052836984348962
-1.1619914327536365
-1.206925252386558
-1.231236792683922
-1.2342368954576701
-1.2207158941764733
-1.1978358913622764
-1.1725005687230865
-1.1496385222388394
-1.1314939169556861
-1.117787880699847
-1.1064799733559871
-1.0948057498277484
-1.0802783513703391
-1.0614036827177893
-1.037954532381371
-1.0107634417315645
-0.9811116960546655
-0.9498969687573162
-0.9168393693389196
-0.8800193977236046
-0.8360160631011713
-0.7808136556308373
-0.7114558352736338
-0.6281302946995151
-0.5359507337247096
-0.44514972213403886
-0.3676906970929681
-0.3074343117155646
-0.23993809378822506
-0.07671335921587191
-1.1163314559528796
-1.1027622406341544
-1.04310765285664
-1.0178894059180643
-1.0386183417075376
-1.0882992002318528
-1.1442953724286997
-1.1892981431047942
-1.2147975890665852
-1.2203107319881048
-1.210671227345221
-1.1929082708990748
-1.1736249937945176
-1.1573128674126674
-1.1456930207411657
-1.137942357262024
-1.1315264162659608
-1.1233065261446125
-1.1106004156487543
-1.0919375543924432
-1.0673475570906565
-1.0381364782022522
-1.0062262158717983
-0.9732410073836926
-0.9396066038209459
-0.9039666303196798
-0.8632013412896892
-0.8132409382920984
-0.7506833029879422
-0.6749388797573052
-0.5902179932981828
-0.5061325768082694
-0.4349895872922962
-0.3829917671830074
-0.33151734687630496
-0.20340824202119756
-1.1030639341565653
-1.0946427411623016
-1.0361590834500993
-1.0096662248789048
-1.0278080088244934
-1.0744898323149314
-1.1278150602021526
-1.171068032945085
-1.1961694558064941
-1.2028811484341988
-1.1960793529683935
-1.1826335170512008
-1.1688051564732522
-1.1586035317355612
-1.1531859145943197
-1.1511546457520252
-1.1494654643215318
-1.1446061945808355
-1.133716276916612
-1.1153802987843398
-1.0899270890532282
-1.059184556315709
-1.0257637496850267
-0.9920580703408776
-0.9592296346733165
-0.9264989563796917
-0.8910408463492253
-0.8487031966857117
-0.7955905898314038
-0.7302759265254708
-0.6560049683189692
-0.5817253126361138
-0.5200873319793717
-0.4797144848844774
-0.4480086157014299
-0.3595268742700415
-1.0980639440204603
-1.0967044590418933
-1.0394997014034069
-1.0106596436037039
-1.0244531201685279
-1.066057756189707
-1.114582738308697
-1.1540814402214854
-1.17700760608418
-1.1834128241378123
-1.178218860507168
-1.1681105405228107
-1.158967733128611
-1.1542730840297837
-1.1545799262695902
-1.1578867439571148
-1.1606251469648003
-1.1589120026333704
-1.1497276359243993
-1.13174532310754
-1.1056371370215492
-1.0738020252660196
-1.0395882874254971
-1.0061988346596016
-0.9755582357732817
-0.947470049270753
-0.9193857819559783
-0.8870274724325554
-0.8459388434372872
-0.7937696713753799
-0.73270895577188
-0.6709591066744687
-0.6214701753978378
-0.5953146044503619
-0.5860635370904614
-0.5403098767837006
-1.1021566691637772
-1.110247722592979
-1.0547100360736459
-1.0225924613113777
-1.0303240256571722
-1.0647580830793553
-1.1062983647676
-1.1399590257315078
-1.158839613213838
-1.163332830527136
-1.1584125071030513
-1.1505557831768412
-1.1452216466761718
-1.1453220916042017
-1.1507667725628201
-1.1589215801136101
-1.1656805274824071
-1.166793191739006
-1.1591011630874655
-1.1414009953452928
-1.1147524901323955
-1.082174257793882
-1.0477978507052486
-1.0156718304152001
-0.9885023801308266
-0.9666719794032188
-0.9478766895893489
-0.9276502278091021
-0.9008837047455365
-0.8641881388124487
-0.8185671069970558
-0.7713536221377396
-0.7357030085781404
-0.7251066541104682
-0.7393845169429325
-0.7374116331602932
-1.1143770297430122
-1.1350109317028896
-1.0820238820423318
-1.0460436526699368
-1.0462385041388924
-1.0715733773152745
-1.104058401725361
-1.129876141035258
-1.1428950448078439
-1.1439065233990253
-1.1379463806592218
-1.1312624980568162
-1.1288541349995291
-1.1330184645575732
-1.1429814725500376
-1.1554475821041321
-1.1657597963960775
-1.1693042503939304
-1.1628042991066718
-1.1452141161617972
-1.118024703545659
-1.0849206921083965
-1.050858814018469
-1.0207629238120393
-0.9981304050801136
-0.9839051962324379
-0.9759779722322507
-0.9696087007712396
-0.9589153221098119
-0.9393191528051796
-0.9104672558494415
-0.8786489244026057
-0.8570720643921126
-0.8615501038218157
-0.8981555747500305
-0.9382071786195006
-1.1312230834645962
-1.1685025977447996
-1.1197367592411793
-1.0799308682850468
-1.0716157638588684
-1.0863364553036385
-1.1080445486525763
-1.124314465961147
-1.1299168050080874
-1.1261052154665494
-1.1179903471504806
-1.1115702272891175
-1.1113453180328925
-1.118952963608149
-1.132894429776327
-1.1491827375767154
-1.162595469801044
-1.168158153324396
-1.162495164359996
-1.1447508379774198
-1.1168880588842869
-1.0832995385821131
-1.0498027156281955
-1.0222172219279302
-1.004828609806795
-0.9991080031289576
-1.003068992001145
-1.0115849056863702
-1.0178460433138194
-1.0158919878686457
-1.0037932468402444
-0.9865636238596794
-0.977244400728009
-0.993798069487254
-1.0484674706761656
-1.1250802377040263
-1.1457872112266236
-1.2052267066307347
-1.1635227767946978
-1.1209159423834536
-1.103967556827884
-1.107303888184869
-1.1171762314729268
-1.1227898956167262
-1.1199606395303336
-1.110473322679894
-1.0995286577535774
-1.092854477890024
-1.0944123293374637
-1.1051329434946222
-1.1227497010825567
-1.1425520467742398
-1.1587354160268866
-1.1659650681816163
-1.1607827521765812
-1.1425518345243328
-1.1137428645922463
-1.0794920107576718
-1.0465038437472745
-1.021502041474129
-1.0095412140168634
-1.0125646691037375
-1.0286110286313215
-1.0520216364236306
-1.0748651376836134
-1.0895599324658594
-1.0923238800678412
-1.0865981295578677
-1.0849627447919643
-1.107270351279912
-1.1717548282032737
-1.274709572826715
-1.1467611098723431
-1.2357991873804453
-1.205659391621056
-1.162734555180245
-1.1383291578458687
-1.1306845080425396
-1.1287326414555259
-1.1235639086077072
-1.1121914160206563
-1.0970049195672993
-1.0833119147708796
-1.0765489981828622
-1.0800965576427846
-1.09412895824603
-1.1155650962819457
-1.1389349663158703
-1.157831198034504
-1.1665548405163888
-1.1615764732876717
-1.1425014769401636
-1.1123364722828473
-1.0769870070320948
-1.0440590039794135
-1.0211727554698342
-1.0141128269400486
-1.025214588263319
-1.0524126967895846
-1.0893331813140628
-1.126683292817338
-1.1549664667551374
-1.1682080539972088
-1.16790539428316
-1.165797798339217
-1.1832725436445948
-1.244266545310376
-1.357374408698035
-1.1173122531227988
-1.2459550123513359
-1.2341613994312401
-1.19545314451023
-1.1666350041733065
-1.150129358567417
-1.1379523522156412
-1.1233479738035994
-1.1046872066373783
-1.085042139693099
-1.0698441802643166
-1.064215724225313
-1.070910289926701
-1.0892916777858221
-1.1154126507884283
-1.1430024124413876
-1.1650242592689788
-1.1754046757890306
-1.170547292099933
-1.1503140088168047
-1.1182656821749362
-1.0810905247326592
-1.0472942853140634
-1.0253667966955673
-1.021759092120342
-1.039088463081118
-1.0750200320065209
-1.122237115578812
-1.1697933284632467
-1.2059214943014944
-1.2220424619746426
-1.217255341436307
-1.201983945913187
-1.198686827031525
-1.2365946875116618
-1.3363036235428563
-1.0338313690253547
-1.2154474501725918
-1.231827595951736
-1.204658364432775
-1.1770460955731152
-1.1561919330695591
-1.1376210410712857
-1.1170131444634377
-1.094264882476673
-1.0732106289216958
-1.0594218694521662
-1.0576804079838271
-1.070062071803115
-1.0950596690465249
-1.1278011941827757
-1.1611661479438191
-1.1874538088897244
-1.2001968355163495
-1.1957261615848354
-1.1741632442285455
-1.139627805437757
-1.0995877437950585
-1.0634273558964114
-1.0404548668048959
-1.037694997206769
-1.0579013627339102
-1.098261379243096
-1.1502375077625957
-1.2008775853901303
-1.2357181247145217
-1.2430822953975234
-1.219123298452262
-1.1723684775521441
-1.1257642534592867
-1.1132912884350832
-1.1670976583491233
-0.8645526298380822
-1.1168432500901533
-1.1752059115956985
-1.1705868593132038
-1.1532388282914101
-1.1357702172860167
-1.117660613923512
-1.0973198574785148
-1.0763438920835982
-1.0594103131373371
-1.0522442138772536
-1.0592551686000746
-1.0817834149038075
-1.1173819906548947
-1.1601862132096432
-1.2021669298034636
-1.2349138900255117
-1.2515348649789222
-1.2482692341515604
-1.2254861512473199
-1.1878515553158189
-1.1435896845292681
-1.1029178479496475
-1.0758824866687051
-1.0699544808478463
-1.0878367044957913
-1.125981466359639
-1.1742941741306228
-1.2173967913398074
-1.237624892902722
-1.219619837325118
-1.1559372321671422
-1.0525089455390986
-0.9320528812307318
-0.8326070596184851
-0.797256701810884
