Predicted value
-1.239249913895275
-0.9937171747273688
-0.6844067808321483
-0.45512394160420566
-0.37278809194523443
-0.4175836214130433
-0.5189381882672963
-0.5975977690713963
-0.5955907358152457
-0.4891874464817194
-0.2872641833752052
-0.02058922223972992
0.27206372787856914
0.5562460209670874
0.8097451782883489
1.025142452964383
1.2076687681407625
1.3700328950605716
1.5262864250753125
1.6866040663634978
1.8542392105356544
2.0250651911563287
2.1892591785330664
2.3340484461430444
2.4461991493148787
2.513196126060734
2.5228457993937567
2.4622050345436293
2.3180014380564486
2.081570266080867
1.7610634378848928
1.401297025960865
1.105809092560854
1.0448860013130457
1.4155084313371944
2.292002164259152
-1.0843996702387546
-0.9926493687359415
-0.754750858089869
-0.5157710391176344
-0.36198966373304087
-0.2996351328691289
-0.28349941254873157
-0.2547934692378191
-0.16924550948411676
-0.009869723937374175
0.21375936496393777
0.4746838011202392
0.7406664837946089
0.9847881829027161
1.1918866796703647
1.3600416606815786
1.497826874187976
1.61901215409073
1.7367357520454814
1.8589373555787514
1.9861892969284072
2.1121904656640207
2.22632250728646
2.31703256842318
2.374583936604992
2.392017351855346
2.364000486630271
2.2844849454905027
2.1454457510728524
1.9399549445886706
1.672714466741425
1.3789561535280868
1.1470250432233584
1.1293849977249408
1.5092517166581558
2.363204342953395
-1.0134213612907352
-1.0166853264298856
-0.8296940012982725
-0.5880214548003702
-0.387369832237181
-0.25148611842400026
-0.15371757719317625
-0.05072689464891589
0.09136105366507241
0.28457991393044946
0.5192042189058839
0.7716877549823695
1.0152853983574914
1.2291944738981524
1.403760828112615
1.541080021524798
1.6517791844330687
1.7496701982777814
1.8462541053935153
1.9467861255442158
2.0489263331526306
2.1441066234300448
2.2208693836877123
2.2688001010887815
2.281469173265145
2.2571308990395407
2.1968106126369413
2.1007198121530415
1.9653824558457735
1.7849426825001053
1.560133051463655
1.3163275451005987
1.1267040188478035
1.1261878276993116
1.4845735090967729
2.280664249640239
-0.9879196501960479
-1.0420168560436966
-0.8913790436763644
-0.6540210447616053
-0.42733286647688296
-0.24580660130058862
-0.09587754641494484
0.05437524258841919
0.23107018326618634
0.442682156416381
0.679699954434752
0.9215782929989764
1.146134206205252
1.3374721077628684
1.490162137255198
1.6091183181733104
1.7060206836817278
1.7939793620489524
1.8823833584850722
1.973569224849637
2.0622317553956053
2.137584930496617
2.1873969412979797
2.202392283657683
2.179322135911405
2.121366449353581
2.0354595734682075
1.9275031556521949
1.7979558804347278
1.641480648236449
1.454466142011464
1.2523381784554903
1.0933581409267212
1.0954649432532158
1.4156875059900642
2.1353789796316747
-0.9792581741572945
-1.0517228150135107
-0.9272577179327115
-0.7005645538253651
-0.4648843647063472
-0.26018921245120796
-0.08168789807579357
0.09432304366922017
0.2882826115332311
0.5061678202502986
0.7389015728795376
0.9685294259852482
1.1766095422200415
1.351126671397134
1.4898184121459521
1.599466091065756
1.6920477460954773
1.779457770628797
1.8687019656274086
1.9591354874484879
2.042572008058702
2.106160852486009
2.1370363504737693
2.1271152960915805
2.0762410492969874
1.9922627559951458
1.887609128955039
1.7733472260965577
1.653319856393077
1.5222438563528122
1.3719076613671781
1.2078493080049526
1.0738489016897894
1.0716289015401195
1.3463580011804446
1.9825449521060783
-0.9677140332659766
-1.0354190291067509
-0.930090632133405
-0.7193343713702012
-0.48802582523290217
-0.2776397197949383
-0.08882600972670285
0.09639086202787772
0.2943749469888186
0.5093920873674607
0.7329058167601759
0.9491537840504509
1.1427166754663278
1.3045961796382475
1.434838656085491
1.541352689553225
1.6358662125406511
1.7287335205118668
1.824469927808379
1.9195200131797587
2.0030026169996415
2.060228333427034
2.077885548734902
2.0491653554494844
1.9769319315070986
1.8734608740362386
1.7562787093574892
1.6411229681713353
1.534717716589026
1.431439345688422
1.318315879831542
1.19118114343126
1.0799187267671684
1.0709784186357947
1.298768819125618
1.8517718709968474
-0.9412898352633352
-0.988493313495785
-0.8974740430724593
-0.706619947510591
-0.48959421870530373
-0.28648596072279475
-0.10088284307129824
0.08135679259246276
0.273733617740731
0.4793661364338895
0.6902793687063911
0.8925241188841849
1.073080769377658
1.2252498065174033
1.350699491372275
1.457905086780288
1.5579685333122106
1.6595338446091064
1.7646477832934988
1.8670160850556397
1.9533214909961378
2.0073082471526273
2.015431787521819
1.9722492988873916
1.883575934392898
1.7658715380322774
1.64137046403403
1.5300045654663288
1.4409122513159316
1.3677915428790346
1.2928283587423746
1.2024359532309683
1.113305608420852
1.0976932512961541
1.280493268207394
1.7551296495365492
-0.8943495096034813
-0.9110992609772839
-0.8310731440254044
-0.6627023011920787
-0.4667344260023095
-0.2798952392354418
-0.10689848915375044
0.06396331287051382
0.24421679003299268
0.4362190010524305
0.6325153057651334
0.8206170656683134
0.9893704442233064
1.1337849423581117
1.256611746558329
1.3664832620300413
1.473641102153603
1.5849719090056982
1.7001750220139868
1.810462141471409
1.900386196099375
1.9524224433289823
1.9530134925163232
1.8981696728193636
1.7965772217218117
1.668629306876956
1.5408768616841528
1.436981233379481
1.3680558839896548
1.3268284568413895
1.2906253490633643
1.23680363734859
1.1696599949484119
1.1484362803493466
1.289860785388485
1.693365442929636
-0.8262057689631834
-0.8070438681495109
-0.7357028635329046
-0.5910493387048606
-0.42015383272489804
-0.25515194853537826
-0.10064164128421527
0.05364553459977553
0.21789135389277262
0.3939383690836078
0.5747691243789779
0.7490340539211336
0.9069930792498355
1.044887542823036
1.1661386975998325
1.279252168809589
1.3934893622185553
1.5140284422291086
1.638415833442676
1.7556635450105604
1.848527938027779
1.898520319981009
1.892283814198134
1.8273534455186473
1.7151885889892013
1.5798501651166328
1.4518084697903788
1.3579963360282201
1.3110851567505395
1.3025784353488912
1.304978702375709
1.2870158987399223
1.2414609448940022
1.215792550238186
1.319984700053321
1.6605918775167252
-0.7397543498858217
-0.6826710088947183
-0.6183639195007392
-0.4974343815328013
-0.3532751078768035
-0.21281409591867162
-0.0797533814202106
0.05540587998079305
0.2019238734051757
0.3612701697586501
0.5267559857307468
0.6878836682052368
0.8359496550652639
0.9680479242340416
1.0879633360908754
1.2038937617965413
1.3240911587620963
1.4521466002914118
1.5836994757189642
1.7058863091843455
1.8000103132288932
1.8469179480524516
1.8336489676275292
1.7593116697773037
1.6380175813920195
1.497212019593423
1.3708793390860965
1.2887705982391728
1.2647170555742147
1.2887772411562568
1.3287098056791167
1.345097862554772
1.3201073727801744
1.2907497675101052
1.3616860508856425
1.6477136525896392
-0.6402224859749419
-0.545814724569301
-0.48731358638179967
-0.38906188405194647
-0.2713747584204351
-0.1558390676023234
-0.044847537318250585
0.07074179992459945
0.19953176321535343
0.3426836053160042
0.4937169720938996
0.6427351158296408
0.7817613919707889
0.9084475964561372
1.026724338534357
1.1443836012657402
1.2687084833430702
1.401876643741029
1.5378991067994898
1.662374753039919
1.7554938272883631
1.7977207131482316
1.776663271806691
1.6930239735324906
1.5634200237055567
1.4183791572272761
1.2949863768775562
1.2253623315894422
1.2241178985026648
1.279675298680736
1.3551668950542006
1.4035494329064313
1.3973400964031664
1.3644009275825153
1.405520677165003
1.644827933803609
-0.5340759644399179
-0.40487279792781405
-0.3512268375613342
-0.27376033869302313
-0.18077098690196086
-0.08874493046942156
0.0013640437069623035
0.0985568286999146
0.21092428979684585
0.3393311750656431
0.47738448409929024
0.6155741393904547
0.7464013548209845
0.8678527656367633
0.9838594688130112
1.1017745191131687
1.2280045160661894
1.3635224486607855
1.5010069344084362
1.6248575247098482
1.714477988875324
1.7502094689764378
1.72036992783047
1.6272468623551317
1.489790834454266
1.3412924143646865
1.2215173745811851
1.1645133403926846
1.1853085887812602
1.2705252348283786
1.3788194305245365
1.456072916525554
1.4661314013451476
1.4290273620308258
1.443090893763401
1.642804354247245
-0.42811012450110764
-0.2680316558591344
-0.21848377164642052
-0.1592823789535403
-0.08810425556836696
-0.016853404411161482
0.05487306455774252
0.13600522118674876
0.23418269674815487
0.34995259224832614
0.4768958155194698
0.605711074938456
0.7291819156184688
0.845467118109517
0.9584112833080151
1.07494502505794
1.200727021860555
1.335754874644226
1.4716752895715035
1.5920168237359293
1.6757017091820425
1.703177542345201
1.6635822326806962
1.5607486744366459
1.4157639373289403
1.2643467150337624
1.1485201083175811
1.1038246513508616
1.1453631120869057
1.2578203870537148
1.3955551057932714
1.497948542565164
1.5211610107074591
1.478699603956018
1.4677989546783146
1.6342229788789033
-0.3287348355601125
-0.14265787358316523
-0.09660309728555155
-0.052735684557220386
0.0002626284952287339
0.05435604386711175
0.11107163982837326
0.1792370235246929
0.2660451858152199
0.3716876654546068
0.48961976333455354
0.6106061378575665
0.7275638162959778
0.8387107271128817
0.9477635258912234
1.0612828442400795
1.1843309706647072
1.3161678330993176
1.4477029591965167
1.5619041955456887
1.6374899941954069
1.655211800090527
1.605104306705482
1.492476816183987
1.3403341701534233
1.186476914113787
1.0747622905537197
1.0418015369934106
1.1024503349265824
1.2393458627413731
1.4027535894645649
1.5261455186476227
1.5589807197179586
1.5095140712572825
1.4751772093658193
1.6138232477942878
-0.24145143153453041
-0.03485902470283461
0.008171461346075604
0.039844921749402976
0.07871152835275146
0.11976511014322658
0.16532653145615978
0.2240240403608085
0.30257599505854105
0.4007765424511012
0.5118741920763547
0.626589733323445
0.7378648603628839
0.8439036988875267
0.9482877801110755
1.0572844783164372
1.1755229876672113
1.3017617843792266
1.4264540594119923
1.5322931896578347
1.5980407166402215
1.6049155768540369
1.5438936964009529
1.421664789268136
1.2629144757377775
1.1071716667853713
0.9997092352605252
0.9778025820513618
1.0557625278187162
1.2140950783814644
1.3992003042253292
1.5392432233601636
1.5779545470379341
1.5195656705708083
1.4629093453256425
1.5785936613665013
-0.1705103881702832
0.05079304297015323
0.0911350404483134
0.11378418563903399
0.14270035399874204
0.17500350769296477
0.21342376322812956
0.2662581150285318
0.3397087264240172
0.4331365095012918
0.539523077545867
0.6494659312741689
0.7558562677551719
0.8568427680153012
0.9558890511484259
1.0590602228471433
1.1707181383879315
1.2893465702456446
1.405203108963075
1.5009646692419933
1.5556497863664518
1.551074746286508
1.4791705636334764
1.3478876476695196
1.183341475194004
1.0264334587006767
0.9234430150568328
0.9119228646301555
1.0053676676362813
1.18209654460751
1.3848934909740815
1.5372250721156726
1.57804707784004
1.5087400217206781
1.4306383654184063
1.5276107641000005
-0.11873185010402515
0.11139058260947479
0.1492465611951499
0.16591984709355642
0.18896424309592627
0.2167070988011263
0.25188514847419874
0.30232174412720764
0.3736626896584728
0.46481309748554395
0.5684499905563157
0.6749954922175154
0.7772427175166351
0.8732667185532076
0.966446225035292
1.0627408879312605
1.1664058368991517
1.2758611700817284
1.3814049701521487
1.4659248207070767
1.508876477029916
1.4927707589862171
1.4104797367939557
1.2710750314155705
1.101841894510539
0.9447010798389631
0.8465437297259315
0.8448367691530717
0.9520165321957301
1.1441880423466526
1.3607885087761804
1.5211965233609148
1.5605197285505708
1.47839407764085
1.379639936235261
1.4617167737411236
-0.08746660574208207
0.14568903269178332
0.18113086281277355
0.19463642987419963
0.21559802107516304
0.2426568974530698
0.27816470052838244
0.32933759547148467
0.4012376302623437
0.4923098411071463
0.5949115113979634
0.6992612358649981
0.7980283243936775
0.8892124844089084
0.9761490239729596
1.0647877730927917
1.1594265395899799
1.258612349792891
1.3528921469730373
1.4255591097639553
1.4566531728891117
1.4294462157482932
1.3377128134055507
1.1914909342211313
1.0189713480362588
0.8627488040676371
0.769950352492374
0.7776215825046634
0.8969299392375738
1.10176829366162
1.3285148111784633
1.4930686224193106
1.527582940570064
1.4309804427845454
1.3124244229111794
1.3831079294679363
-0.07667245601178178
0.1539989836574773
0.18697772710653407
0.19979692066248161
0.22203559307362142
0.2518129619144799
0.2907375137457625
0.34530825825951195
0.4199970583535068
0.5128059235981924
0.6157789363289846
0.7189233469772127
0.8147754765578711
0.9012682887492401
0.9817373540187925
1.062211441091808
1.1471645410996394
1.2354374304431046
1.318004734332009
1.3787277218202927
1.3983455178170572
1.3609296280766592
1.2610978888331512
1.1096889840665771
0.9355357741630292
0.7815744290465493
0.6948155431329247
0.711578904448927
0.8415862431190112
1.056549795693953
1.290093327462451
1.4552394083871407
1.482041792565028
1.3696586405663664
1.232317246631301
1.2948902320433553
-0.08507983600590839
0.13799473584908298
0.1683594128008089
0.1825921508578697
0.20894451106306602
0.24426004379585736
0.2890967612175324
0.34916077688288344
0.4283537360419992
0.5242743522038659
0.6286800763204418
0.7313756315172523
0.8247668135865205
0.9067334203310949
0.9806520181100773
1.052707702371777
1.1276647973492122
1.2047987032481517
1.2756602520427989
1.3248095523557586
1.3337700108917137
1.2874265597075867
1.181164450587531
1.0264513454888604
0.8525044531906613
0.7022862089084524
0.6223658740027461
0.6480670735702875
0.7875244175497195
1.01033067523434
1.24767506737561
1.4102974243976876
1.4269631820705828
1.2979259062115351
1.1430551069853983
1.2006456470530233
-0.11042075706057887
0.10046337885874856
0.12798892576121826
0.14532864581934296
0.17805521372340358
0.22108337569357517
0.2736761914710289
0.34071243629359216
0.42557293767145504
0.5255154667546337
0.6320551655718109
0.7348159735859324
0.8260828408551789
0.9036964004759156
0.9711078206742819
1.0347211305829374
1.0996834220107383
1.1658185079811587
1.2253718120736643
1.2637027062711783
1.263176617769004
1.2094844507885667
1.0986906187222394
0.9427184749055574
0.7709220881228607
0.6259966359414247
0.5537761546906587
0.5883543061510698
0.7361737438538504
0.9647982436718247
1.203315654783337
1.3607644541368156
1.3653845336355843
1.2192907372007389
1.0484250388846885
1.1040399609834897
-0.14969639318102945
0.04501747283416374
0.06944077053337738
0.09117555771257198
0.13194458381511046
0.184193386958856
0.24571613910095835
0.320575090021775
0.41171007655842423
0.5161216847205068
0.6251420859323576
0.7282454853799306
0.8176089367914178
0.8910445382548786
0.952101282014362
1.0074475335939994
1.0626824819721696
1.1182648086775828
1.16722368336196
1.1957898403468052
1.1872040605687268
1.1279381960075847
1.0146393148740607
0.859515949435971
0.6918259583580998
0.553729047932992
0.490064001862417
0.5334990937693626
0.6887173050481326
0.9213723879050614
1.1587951666786267
1.3088884312236753
1.3000769020859166
1.1370043645141712
0.9519641535649628
1.0084932345506603
-0.1994607132682738
-0.024207285032516283
-0.003145421163339852
0.023890264062985014
0.07379271845458221
0.13611764216670214
0.20709079387001322
0.29001524672358786
0.38749938275919094
0.49638961424711997
0.607906449821932
0.7114112582991522
0.798985975631598
0.868418358514983
0.92336565871463
0.9707872430153188
1.0167800853955695
1.0624973660590178
1.101813448670349
1.121876643808317
1.106815205472502
1.0438430636415346
0.9300891795522138
0.7778835087475144
0.6161727162727396
0.48634119600496384
0.43200851240676524
0.4842616235559721
0.6459931618307895
0.8810930150196948
1.1154880889838275
1.256492199669224
1.2333693088552893
1.0538584534306144
0.8567301704272579
0.9169250990746192
-0.25610025311292905
-0.10285036751717318
-0.08536000860268755
-0.05245950947224018
0.007130353645145856
0.0797770868947167
0.16011348208632134
0.25078633523965294
0.35420969126614604
0.4671951884709526
0.5809317292133156
0.6847073676835123
0.7705186081219778
0.8361242584042035
0.8852858639517615
0.9252609843662359
0.9626666307594351
0.9993844300167198
1.030169693560572
1.04311139081838
1.0232194696685801
0.9584008776829616
0.8461651929808822
0.6988103519112965
0.5447780305230564
0.4244682358358591
0.3800948812943855
0.4410475825619648
0.6084342551743368
0.8445524628439898
1.0742843728509979
1.204879403629785
1.1670361242233085
0.9720516368232915
0.7651464015058018
0.8315798961552345
-0.3160932421901718
-0.18660445934788913
-0.17280133845572435
-0.13376141920544532
-0.0644076004588253
0.018261930420012253
0.10733516869535707
0.20494821266962615
0.31348221509429564
0.42984644089611135
0.5452837171744217
0.649047996079946
0.7330545494290506
0.7950181299619672
0.8387853189091655
0.8718995625763709
0.9014975723080092
0.9301993555050048
0.9536536181973082
0.9608928966504433
0.9377884900962766
0.8728846032569901
0.7639730430987715
0.623179661340952
0.47827102172877417
0.36848612699092875
0.3344850737760509
0.40388368674439723
0.5760457324768724
0.8118710741212968
1.0355594519928648
1.1547952080763477
1.102245231088921
0.893122856183467
0.6789196194351631
0.753930771130661
-0.37623468272021704
-0.2714600942439179
-0.2613235851482349
-0.21609905145599104
-0.13730931625629034
-0.04537965205535966
0.051349437770073586
0.15468721005626093
0.26716357366496074
0.3859270887315591
0.5023622922379187
0.6057253458934199
0.6878471371173949
0.7463716928339824
0.7851958508237047
0.8121177441744375
0.8347722502560043
0.8565057676213628
0.8738521970494956
0.8767734370762303
0.8519704980709591
0.7885656302741462
0.684540370106945
0.5517243192510394
0.41706431210832207
0.31849515683072505
0.29501322064202495
0.3724226311012407
0.5484165147175506
0.7827119823732515
0.9991886248422238
1.1064367488760096
1.0395615145358337
0.8179458614674189
0.5990251355931742
0.6846571963508594
-0.4338174736214074
-0.3539069946684637
-0.34724441637801345
-0.2959570514297562
-0.20838359377362253
-0.1083292172564439
-0.005385013616560234
0.1021479557075798
0.21714544953793033
0.33714234034918245
0.4537518413639638
0.5562635237185383
0.6364120491140134
0.691732013364603
0.7261205797563498
0.7475816272807562
0.7642073153646827
0.7800389420779691
0.7924695980276241
0.7923623090003583
0.7672079793725191
0.706647186594601
0.6087671366773312
0.4849948663598659
0.3613395391580881
0.2743222562573194
0.26120325459570104
0.34597387975733673
0.5247604896685766
0.7563295407395585
0.964599372177936
1.0595061269005288
0.978997850001824
0.7467765223951728
0.5257503474116247
0.6236869183266657
-0.48676314919311686
-0.4310854890461066
-0.4275055339980442
-0.3703834776627079
-0.2749198950455277
-0.1681539076822116
-0.06069570954395935
0.04928599202720526
0.1652201674280154
0.28517640213531015
0.4010798880375351
0.5022778946512901
0.5803875063772015
0.6327832333663591
0.6632983886826957
0.6800775413285381
0.6916121189788612
0.7025899911581516
0.7112225699175581
0.7092347712930747
0.6848623130771624
0.6282064665379465
0.5373865552124865
0.42333994807000735
0.31104737624655254
0.2355399470528565
0.23230543873743537
0.3235557870850615
0.503981704765223
0.7316447047408856
0.9308539242635644
1.0132973382357644
0.9201041422228916
0.6793427503635263
0.45878589012389737
0.5702908885944269
-0.5336991482956285
-0.5008845553039991
-0.499782151593336
-0.4371048825701503
-0.3348057759291986
-0.22292478167274296
-0.11281532522784742
-0.0022520910788590776
0.11295932646328442
0.2315691234926532
0.3458915589193306
0.44534761224986685
0.5214056099930052
0.5712179715726945
0.5984771227719735
0.6113891778192446
0.618772203196431
0.6258983085597654
0.6317444648380679
0.6288501512131568
0.6061482105053478
0.5541472623335078
0.4709372698072809
0.3668988136427627
0.2659204653933813
0.20149915162045334
0.20734784272931026
0.30396394210130523
0.4847573121183575
0.7073400156155012
0.8967536609967927
0.9668077104050524
0.8620840255719667
0.6149657388767094
0.39735225427972554
0.5232182457541646
-0.5739826477745659
-0.5619860243922201
-0.5625403276780508
-0.4945923548416436
-0.3865992399918535
-0.27129444053388435
-0.1604643673080356
-0.05121655712778326
0.06162045467394659
0.17761716856331655
0.28954558416986614
0.3869072037135261
0.46098074891914204
0.5086242602329328
0.5333011763307846
0.5431882790939196
0.5473457640951817
0.5515565763348584
0.5555015221357079
0.5524819689274886
0.5320799468514091
0.4851641570055601
0.4097468556529862
0.3156048863791765
0.225497199231965
0.17137269720956302
0.1851984817027268
0.2858503330084496
0.46563175294795595
0.6819665788700388
0.8609566706540995
0.9188641293472793
0.8039285002549283
0.5527008170360415
0.3403492109463355
0.48085775909058776
-0.6076738033895928
-0.6138571922846716
-0.6150436970713804
-0.5420792940565887
-0.4295559858694646
-0.31253313256040505
-0.20289602942605348
-0.09680818977290877
0.012084566214509828
0.12430310940450852
0.23313563033193657
0.32816129442392067
0.4004193233117821
0.44639229549613224
0.4692176527583852
0.47694285262278835
0.47877671771159974
0.4809315122641506
0.4837240351158515
0.4811620482358145
0.46343061418110243
0.4217186927472992
0.3539261714376558
0.26919900947495357
0.18915398488644955
0.14420614528135156
0.16463372655105396
0.2678079077807872
0.4451157218073057
0.6540555464715171
0.8220999518457821
0.8682545285057924
0.744555973030847
0.49148638996502114
0.28651552594464147
0.4414122159795654
-0.6354636774207206
-0.6566964681657829
-0.6573134667443996
-0.5795339561286748
-0.46361373103616793
-0.34652466644533436
-0.23990373872057782
-0.13869748150834946
-0.035174452488399385
0.072253956555597
0.1774389668706644
0.27002484499160795
0.34075341009500015
0.38564376066456946
0.40740386790647887
0.41384557367170954
0.41422680950376767
0.4151024676442465
0.4173540785977158
0.4156397667994919
0.400704941107506
0.36402737878603497
0.3033736843953772
0.2272506901030407
0.15614347249531205
0.1189725556780144
0.14440869760155303
0.24845532804953732
0.42178378217249135
0.622227042093988
0.7789182619438422
0.8138557033985561
0.6829488199163359
0.4302901266174507
0.23458714727705993
0.4030729301065221
-0.6585641442206934
-0.6913386788078671
-0.6900475142760453
-0.6075917576122413
-0.4893377187857015
-0.37372536063842077
-0.2717937679968582
-0.17701091877016734
-0.08008947206741923
0.021728927191967735
0.12289281428164019
0.2130896913442982
0.2826994936417262
0.32718506473602954
0.34871764597712973
0.3547638214554464
0.3545281016137392
0.3548189977915398
0.35701061322770844
0.356356868961451
0.34412563152827647
0.31206095163898656
0.2577885818932631
0.18918550622027897
0.12563622185844764
0.09462793450917896
0.12332563959915607
0.22651714271242782
0.3943650721610817
0.5852901669349085
0.7303524351471
0.7547494454982588
0.6182776158507564
0.36824266411080125
0.18344322139331629
0.36418276082406703
-0.6785686172030675
-0.7191282169880544
-0.714506008304235
-0.6274539179824002
-0.5078331113208955
-0.3950908504238148
-0.29932687575434264
-0.21228750973719795
-0.12297115731074666
-0.02736526370264262
0.06959724962156492
0.1576167590028852
0.22664202791245447
0.2714845553232484
0.2936706572756325
0.30021168778280743
0.300156169802121
0.30047763836636976
0.3029720156138858
0.30343762817215914
0.29363267726496556
0.2655539485156007
0.21669128258389225
0.15431679579099106
0.09676339548292981
0.07016439125840372
0.10029671502923686
0.20089520840568742
0.3618222988632029
0.5423286378871769
0.6756410557440696
0.6903201912558597
0.5500055071794953
0.3047505444171525
0.1322308409152877
0.3233776631015066
-0.6972935106714108
-0.7417693408049741
-0.7323721349854682
-0.6407602243745345
-0.5206312118431953
-0.4119768418217746
-0.32363422262896674
-0.2454099973448077
-0.16445410038164826
-0.07543458901894694
0.017342281937345074
0.10355209280649975
0.1726404118579089
0.21867263785595883
0.24242398936023343
0.25034332079790755
0.25122345865952606
0.2521173419137316
0.255175420172438
0.25669360879802655
0.2488946978389126
0.2240233975245578
0.17944985549254308
0.1218798027639408
0.0686582859194313
0.0446584195599735
0.0743982140038179
0.1707279187834597
0.3234151278614748
0.4927676891022492
0.6143906184826711
0.6203287894373567
0.47796676285107165
0.23958180139797214
0.08046125770175637
0.27969873235315135
-0.7166109280414048
-0.7611635890418427
-0.7455972485014399
-0.6494445072028299
-0.5295573252269143
-0.42602082254607154
-0.34611377897934936
-0.2775162009147838
-0.20542276298143536
-0.12313740813048546
-0.03434432545461735
0.05056382135093235
0.12045696460112225
0.16856277776643974
0.19480424147048073
0.2049661317196496
0.20749148920121652
0.209432367677472
0.21323170293824628
0.21564183915523596
0.20933105173559124
0.18679525907467512
0.1453108354106123
0.09106659204110096
0.04049478856071265
0.0173121909560574
0.04491383018173556
0.1354346354673801
0.27874508674785226
0.4364190614015122
0.546620680552742
0.5449585376901922
0.40241525696031033
0.17291949347909963
0.028072322221390767
0.23266887198099084
-0.7382831572637087
-0.7792444752963092
-0.7562400645326903
-0.6555818127791468
-0.5365885535601365
-0.43901230688488724
-0.368314074762786
-0.30989662486606306
-0.24692268199159617
-0.1713084901426416
-0.08613270512631022
-0.001903627607342114
0.0696026913148588
0.12069058859917486
0.15033769473968855
0.16357170602910728
0.16839999183476384
0.17180087612558065
0.1764544892569197
0.17953486585280892
0.1741432409966462
0.15303716152121943
0.11343297386668813
0.06106024888869771
0.011521295560241172
-0.012513715566218055
0.01136536105625829
0.09474360265566428
0.227780174122568
0.37350216178040796
0.47278195229772635
0.4648312644283976
0.3240404386470317
0.10538045226644498
-0.024545952084963584
0.18233050051708233
-0.7638091692362562
-0.7978193717390242
-0.7663093916155673
-0.6612362560991264
-0.5437099327290532
-0.45275940465593806
-0.3918124489156001
-0.343884860203649
-0.2900628490088052
-0.22087268473000263
-0.13881478006742498
-0.05456232412291598
0.01939703904128826
0.07436762039305116
0.10829954049189375
0.1253817240817052
0.13311055020735635
0.13832705617695232
0.1439012225768915
0.14740090783390392
0.14235398596384657
0.12179594874694215
0.08292257138458846
0.031067127677435805
-0.018911110909122415
-0.045277160838767795
-0.026470074764706406
0.04870253751893712
0.1708584561547747
0.3046407492257502
0.3937467322420161
0.38099287427118256
0.24395016830842017
0.03799851610642664
-0.07656363366396152
0.12924304097882494
-0.794292481424993
-0.8184278139827759
-0.7776193648539413
-0.6683181486356881
-0.5527770617705033
-0.46895937426242706
-0.4180949389265493
-0.3807473897670846
-0.33591534855773064
-0.27275381343247074
-0.19322148576880113
-0.1082052665323357
-0.03096254737859732
0.02874605786457005
0.06777474411791018
0.08940580715909305
0.10056198410268441
0.10789430301902778
0.11442408401136372
0.11809215840716923
0.11285226871311946
0.09203858458876703
0.05286918237767731
0.00034619089902334233
-0.05132687038596332
-0.08124131350258919
-0.06855648226159931
-0.002328016211075767
0.10867100055659425
0.2308357472973678
0.3107725149082173
0.29486937711962813
0.1636215781836016
-0.02782652990642853
-0.12675974136163923
0.07444121362292053
-0.8303385029794276
-0.8422243836035527
-0.7916652375860674
-0.6784582466777154
-0.5653927790194582
-0.48908036446908776
-0.4484446276423842
-0.42157920469667726
-0.38541824376205824
-0.32778435233447684
-0.2501384809656534
-0.1636272095431577
-0.08232565188692662
-0.017109689020476354
0.027726876809860933
0.0545079574791368
0.06953446576433955
0.07922676016977154
0.0867283932603782
0.09033918485919412
0.08444262011697554
0.06269502462130258
0.02238065218224308
-0.03176523740299694
-0.08611085544975852
-0.12047143602137193
-0.11460858299140286
-0.057697637555047754
0.04222550444053868
0.15341595535198807
0.22544093909102966
0.20819592901916603
0.08482279143312556
-0.09041124487553952
-0.17360455007273895
0.019357306543551663
-0.8719878654214981
-0.8698928956815248
-0.8095265362500891
-0.6929058883467766
-0.5828045272496669
-0.5142607945119244
-0.48384465614388844
-0.46721116702450904
-0.43928734918177825
-0.38662123839505314
-0.3102253660727116
-0.22154659409076752
-0.1355128860553841
-0.06414857832977149
-0.01292884741442648
0.019478145652159225
0.038719244677047626
0.05095643155215623
0.05943604061970877
0.0628093366213405
0.055896943865629774
0.032701755390824094
-0.009383380019719268
-0.06582970809199466
-0.12349989669591399
-0.1628409858317681
-0.1641134134357972
-0.11650358022749578
-0.027207117302426403
0.07396948934025026
0.1395754555925197
0.12292277816514137
0.009509852565766622
-0.14789732155847599
-0.21537033064952665
-0.034287445466934054
-0.9186903197740747
-0.9015968854677492
-0.8318028371219103
-0.7124564226452837
-0.6058278605643234
-0.5452318001711698
-0.5249012478257601
-0.5181343375127133
-0.4979419512480049
-0.4496726765821531
-0.3739430842369124
-0.28253303617290887
-0.19124308577215707
-0.11325969328526182
-0.055252048462011684
-0.016894394823568117
0.006790839971249487
0.0216930468895967
0.031151485951974766
0.03416708262636179
0.02600721843727782
0.0010448007928885602
-0.04318021382405252
-0.10229203507629119
-0.16358050361537518
-0.20804599714307642
-0.21636224499121093
-0.1776405688472219
-0.0981601343955996
-0.005740305665550876
0.05514213732339581
0.04110318772612789
-0.060295465347803515
-0.19838069720845852
-0.25026394872581875
-0.08461554967036515
-0.969321610735131
-0.9369694091908018
-0.8585856337806337
-0.737411729703785
-0.6348001220261507
-0.5822669234096761
-0.5717910045039835
-0.5744455600313026
-0.5614487550411711
-0.517040178117464
-0.44149365576873156
-0.3469444175081241
-0.2500676132973406
-0.16520390750776098
-0.10020672208508213
-0.055749492234414805
-0.027521364985880075
-0.009906085016850502
0.000527902124864264
0.003134244761628097
-0.0063625171943112405
-0.03319890800834907
-0.0796556158434241
-0.14146579888275312
-0.20629209780468366
-0.2556263651288983
-0.2704907111560051
-0.23985995559675546
-0.1690487190218893
-0.08386999637117741
-0.025861103249573424
-0.03523063978871575
-0.12264024748408581
-0.24005363647111774
-0.2765734708038476
-0.12974181383541813
-1.0222433930699288
-0.9751430149310337
-0.8894677911139826
-0.7675758423796214
-0.6695667123672678
-0.6251617897346221
-0.6242354705938888
-0.6358174898509446
-0.6294873841707141
-0.5884792501329031
-0.512775717855213
-0.4148770615515061
-0.3123152202023485
-0.22055384519414303
-0.1485971222616527
-0.09808909853228984
-0.06536503743183202
-0.04506888748374519
-0.03366887370545021
-0.031451833709117666
-0.04222641730664622
-0.0708228201465152
-0.11931859758890095
-0.18352378870932862
-0.2514348891775637
-0.3049924140409867
-0.32552472446309955
-0.30183498057329317
-0.23825385512447952
-0.15859725196016483
-0.10152101264373456
-0.1041969162066404
-0.17577990993427434
-0.27135157740445875
-0.29281999044474255
-0.16792857192115554
-1.0754038141110143
-1.014818473117822
-0.9235899919124699
-0.8022857660834201
-0.7095006315588906
-0.6732449502751904
-0.6815045608905181
-0.7014950133292915
-0.7013396740185963
-0.6633812156793405
-0.587358536037583
-0.48613179892086755
-0.378050362484796
-0.2796450628243968
-0.20101289144789936
-0.14471791892150765
-0.10770301171000246
-0.08484648047278716
-0.07250079779095665
-0.07058405776311147
-0.08243077765657322
-0.11245567162580818
-0.16251983542248696
-0.22849213222823125
-0.2986814306163527
-0.3554550057090022
-0.38042960347190313
-0.3622286734987996
-0.30420806136155704
-0.22822277545301867
-0.17012497504952973
-0.16419176586960982
-0.21831458446016855
-0.2910960169834313
-0.29790532898804617
-0.19773777998450065
-1.1264739351208737
-1.0543685615698934
-0.9597214479151506
-0.8404756221101489
-0.753554166428697
-0.7254194188252241
-0.7424489599681734
-0.7703186742263307
-0.7759038164650588
-0.7407776047194782
-0.6644762522303058
-0.5601979531044337
-0.447047205690996
-0.3425408358578585
-0.25778590341850854
-0.19619408716546796
-0.15526002692219493
-0.13005858375103263
-0.11680455835470088
-0.11503706454554583
-0.12761307452360332
-0.158530941998983
-0.20943411359089772
-0.27624786136011714
-0.34759088793250853
-0.40625744179441964
-0.43415981650148683
-0.4197609053999165
-0.3654785017884445
-0.2912675971145648
-0.23027014372778304
-0.21400762186813865
-0.24931430992269926
-0.29862456649069696
-0.2912461113667891
-0.21817003202456414
-1.1730127954781964
-1.0919709617819597
-0.9963700460953107
-0.8807702805103047
-0.8003397830547607
-0.7802327657464657
-0.8055600787904945
-0.840774343831564
-0.8517331777259839
-0.8193674578703705
-0.743043167864851
-0.6362564379650143
-0.5187808387613131
-0.40901232776238217
-0.3189607825424811
-0.2527919608561067
-0.2084801901315392
-0.18124840900325295
-0.16714690344419017
-0.16532609743956345
-0.1781674452170067
-0.2092617933859902
-0.26004721184746654
-0.3265197352236306
-0.3976251613172908
-0.4566075334826627
-0.48570688574179277
-0.4732712491790904
-0.4208432199281219
-0.3465605234122818
-0.2809595810144502
-0.2529354707220343
-0.26842513927859785
-0.2938995447647718
-0.2728849861345398
-0.22878085483443347
-1.2126517348454453
-1.125762231081595
-1.0319151151076371
-0.9216027764602128
-0.8482355301662063
-0.8359720018335223
-0.8690546516189784
-0.911066997042081
-0.9270983632213093
-0.8975667629876714
-0.8216898627588097
-0.7132022809924116
-0.5924364540959162
-0.47853526909443617
-0.38428051999775537
-0.31447866808277214
-0.2674969211917785
-0.23864883113332713
-0.22379008835039066
-0.22167484364776793
-0.23421792784660353
-0.26462245507263255
-0.3141477486885393
-0.3788922847129739
-0.4481661873269665
-0.5057084514579441
-0.5341432784381552
-0.5217746335977084
-0.4693565998395425
-0.3933109464211456
-0.32167972017631086
-0.2808444032363905
-0.27594883406056075
-0.2775871034594218
-0.24357045755765103
-0.2297654236015289
-1.2432866822111337
-1.1540029634938953
-1.064754212232959
-0.9613480974835511
-0.8955086401101447
-0.8907779597576729
-0.9309796306803906
-0.9792151349731725
-1.0000698887855821
-0.9735781386920429
-0.8988189535152248
-0.789685998269679
-0.6669364709332818
-0.5503035995756588
-0.45318803574354116
-0.3809055653223575
-0.33211676036477517
-0.30216134718162696
-0.28666898046037914
-0.2839937019667017
-0.2956007536483749
-0.3243370713205212
-0.37132462163315105
-0.4328132471888852
-0.4985340263628717
-0.5527873158135312
-0.5786605294330832
-0.5645072644513482
-0.5104007207378253
-0.4311628584638842
-0.352454183836374
-0.2982327384445747
-0.272889722898836
-0.25109988805302974
-0.20479792348846618
-0.22200409548251374
-1.2632656037975907
-1.1752427385957818
-1.0934538372504714
-0.9984644689275781
-0.940449600387816
-0.9427725242393715
-0.9893317457520564
-1.0431611781261196
-1.0686176809238837
-1.0454778272327978
-0.9726783322793463
-0.8641723756887476
-0.7409848011887518
-0.6232598428295545
-0.5248439469923539
-0.45141527352886734
-0.401818021915499
-0.3713490275541195
-0.3553811491476094
-0.35186982984291676
-0.36185695954005026
-0.3878770959104538
-0.43097084324954804
-0.4876048087746791
-0.548005682285195
-0.597120921557917
-0.618600372182367
-0.6009609198338174
-0.5437200096641506
-0.46022676529759027
-0.3738699598708099
-0.3062460799333752
-0.2609635293324568
-0.216597615158464
-0.1588060513114859
-0.2070628743078025
-1.271557284715267
-1.188472383452246
-1.11689286857006
-1.0316321352438778
-0.9815078364019135
-0.9901909416927357
-1.0421850001738018
-1.1008920945096734
-1.1307226150615204
-1.111316099762665
-1.0414488291845136
-0.9350143816281257
-0.8131267011750618
-0.6961413059395544
-0.5981602085934029
-0.5250644496382946
-0.47576485564504706
-0.4454443342219778
-0.42919103193233654
-0.42457017850570494
-0.43223654683994644
-0.4544683764093856
-0.4922947352759375
-0.5424793429647045
-0.59583498353642
-0.6380584942617363
-0.6534782758193238
-0.6309044747634106
-0.5694374803924604
-0.4810872187204731
-0.3870731169678093
-0.30665901012233326
-0.24256449823451737
-0.17694166301931913
-0.1085245490955315
-0.18714507105276634
-1.2678872153951015
-1.1932505415673222
-1.1343868828807666
-1.059878919944481
-1.0174193711476935
-1.0315106234945686
-1.0878185333742425
-1.1505636761327178
-1.1844944540182194
-1.1692263471293043
-1.103342439880224
-1.0005391725912238
-0.8818219363701109
-0.7675405355843596
-0.6718486938627453
-0.6006619244420025
-0.5528368292874353
-0.523372315010588
-0.5070489921425312
-0.5010585444484514
-0.5057153330014037
-0.5231090996201533
-0.5543395855769564
-0.5965605973376235
-0.6412742462057347
-0.6750418973316664
-0.6829994573437145
-0.6543923360664943
-0.5880518370634845
-0.4947848561491743
-0.39373259803095706
-0.3018186876973562
-0.22068892924588562
-0.13560178803139142
-0.05747166109397006
-0.16499297383682943
-1.2528266791054525
-1.1897916602806355
-1.145781458204912
-1.0826816336842708
-1.0473164869266425
-1.065567412102732
-1.1248367520140283
-1.1906212858456657
-1.2282899121503237
-1.2175374638915302
-1.1567065810162092
-1.0591424760273875
-0.9455283237256213
-0.8359778269229212
-0.7444831876272591
-0.6768212909228103
-0.6316736583302824
-0.6037892674215216
-0.5876257482533283
-0.580027420892901
-0.5810254987654851
-0.5925997352894616
-0.616012958465541
-0.6489114965834182
-0.6835987974405616
-0.7076242234574964
-0.7070681144031971
-0.6717603232247004
-0.6004157683225161
-0.5027730896200672
-0.3959721084842344
-0.29455033393075103
-0.19881520695503432
-0.09651534299882979
-0.009602283568136168
-0.14374123625619536
-1.2278223088692237
-1.1790033811035372
-1.151503168130323
-1.1000327742366518
-1.0708095845010481
-1.0916502732975757
-1.1522734755163961
-1.2199096140448085
-1.2608241847275894
-1.2548836652846531
-1.2001293064853005
-1.1093870612531986
-1.0027921172848262
-0.8999829741483982
-0.8145726635666777
-0.7520264504600399
-0.7107341710012349
-0.6851364789302227
-0.669362235043467
-0.6599450932549454
-0.6567005878473773
-0.6615859781603761
-0.6761268343858983
-0.6985698524424143
-0.7221357118259999
-0.735488144276987
-0.7257912490556014
-0.683610356175946
-0.6076968012506245
-0.5068508673260527
-0.3962716544254564
-0.2880264101236979
-0.18074253547143543
-0.06390181650168689
0.030889607667934332
-0.12672686782062598
-1.1951555196232313
-1.1624630537359466
-1.152558348891588
-1.1124630104235955
-1.088032192479319
-1.1095658770068884
-1.1696721136747457
-1.237764058628341
-1.2812691855890939
-1.2803056361378649
-1.2325400571768095
-1.150100553676412
-1.0523411740815025
-0.9581828713789564
-0.8806431070198045
-0.8247080028014349
-0.788367983549886
-0.7657080660059224
-0.7505344186025369
-0.7391179495723521
-0.7311353266170851
-0.7286154005858809
-0.7334495873985147
-0.7445932427155247
-0.7562982432242245
-0.7584657001963467
-0.7394789591668703
-0.6907860368129679
-0.611323051619857
-0.5090741625372315
-0.3973418059475305
-0.28560312281063094
-0.1703927602518804
-0.04203805703418176
0.05980758333463751
-0.11726408413814468
-1.1578244438106893
-1.1423258016041196
-1.1504719572514333
-1.1210117497215353
-1.0996414988514887
-1.1196655978834908
-1.1771346485638747
-1.2440768164709062
-1.2893319642416197
-1.2933369235161092
-1.2533003444542457
-1.1804675184768072
-1.0931763794102627
-1.0093910125136674
-0.9413245080259619
-0.8933276779981524
-0.8628976463658434
-0.8437312165363804
-0.8293318902128386
-0.8157673236666112
-0.8026600449986422
-0.7922080317508069
-0.7867704260293965
-0.7861140753710939
-0.7856273489853443
-0.7765613115621065
-0.7486433830813763
-0.6943417552374572
-0.6129170131038972
-0.5116499400638218
-0.4019751739818785
-0.2906296538526882
-0.1715817990459442
-0.03500209563151801
0.0732188105249503
-0.118395750686416
-1.1193454249525023
-1.121160351832995
-1.1471620311542008
-1.1271407402002112
-1.1067689302690573
-1.122829167018627
-1.175333481638417
-1.239331691908762
-1.2853073578303837
-1.2940697731081483
-1.262278795338103
-1.2001105414334106
-1.1246564189504464
-1.0526943859820659
-0.9954389667158083
-0.9564672262275183
-0.9327081692604441
-0.9174562473115238
-0.9039481589885218
-0.8881192999594848
-0.8696286354742846
-0.8509403078951119
-0.8349762523126505
-0.8224053123908579
-0.8098413201518417
-0.789979596364796
-0.7539985042001816
-0.6955082202643674
-0.6142210751789671
-0.5168172083490876
-0.4128807909831438
-0.3062370929359649
-0.1877691983180368
-0.0463959264051194
0.06773696087475127
-0.13263661974845098
-1.083476872615687
-1.1017138115500407
-1.144749510594115
-1.1325892334704823
-1.1109182631081214
-1.1204015968605237
-1.165482077702964
-1.224603024703532
-1.2700999009285803
-1.2831951902365313
-1.2599052229145722
-1.2091549648380577
-1.1465706490100844
-1.0875326953785396
-1.042085096296417
-1.012917268584181
-0.9963398006684495
-0.9852527685830572
-0.9726793916495315
-0.9545047193485986
-0.9305178131924485
-0.9035407132174834
-0.8771398518884505
-0.8529564025021215
-0.8288937562537951
-0.7991589894964307
-0.7564626517276186
-0.6956571986383654
-0.6170186360859957
-0.5267202707992308
-0.43250795840403866
-0.3351153290889966
-0.2217960576989984
-0.07905981969049003
0.040806663742832844
-0.16172688568809868
-1.0538754707051354
-1.0866128294478354
-1.1453085645125785
-1.139173815507696
-1.1138125806136983
-1.114083137882199
-1.1492628343013078
-1.2015160495164008
-1.245211388938341
-1.2620128914638815
-1.2471988303260446
-1.208271987126412
-1.1591945175821328
-1.113764232893259
-1.080713042055678
-1.0617605242529204
-1.0525786681544829
-1.0457068411584178
-1.0340268420757235
-1.013465060274226
-0.98403385474186
-0.948993864778704
-0.9126168199657707
-0.8775575615387178
-0.8430388501115691
-0.8048110625605447
-0.7571646553935183
-0.6962676275588032
-0.6230543576895
-0.5432793133442155
-0.46286653378316817
-0.3792869988575729
-0.2756228830641451
-0.1347925848022124
-0.009028224122392958
-0.20641762217059068
-1.0337034743442708
-1.0780162283221422
-1.1505691893801908
-1.1485416723194675
-1.1171961557315533
-1.1057759588639047
-1.1287137671891838
-1.172168448727965
-1.2126922855015314
-1.2324080076450876
-1.2257663057834678
-1.1986949906863118
-1.163321702733061
-1.1317120543748924
-1.1111834138919205
-1.1024425138636242
-1.1005383246628948
-1.097712247901909
-1.0867962952122387
-1.0638578422766798
-1.0292209029960355
-0.9866476864996964
-0.941146546875574
-0.8963885305095144
-0.852901057291876
-0.8079637161465809
-0.7574530947875918
-0.6988940046490644
-0.6339561528000256
-0.5680628614376783
-0.505350428188432
-0.439887838677108
-0.35007968217873625
-0.2140935089326792
-0.08189218088374312
-0.266312250948862
-1.0252162413702466
-1.0772433295216322
-1.161591781488323
-1.1618928692136845
-1.1226030984044
-1.0973960189867076
-1.1060794637699884
-1.139015872323216
-1.17505739084593
-1.1967929027282826
-1.1977664071366887
-1.1822042003148565
-1.1602668277228056
-1.1421833093605813
-1.1338022016748994
-1.1348212326563083
-1.1397233147019084
-1.1405468003846377
-1.1301854304912908
-1.1049526138116057
-1.0655622255854662
-1.0163155547843044
-0.9629498131633231
-0.9101052080016452
-0.8595435834295776
-0.8100039190350481
-0.7589057828546991
-0.7051359076708513
-0.6511597464845644
-0.6021652477644056
-0.5605701051246869
-0.5169622778717118
-0.44464063162186557
-0.3159422979981553
-0.17640230610108742
-0.3397901416284378
-1.0293713320272415
-1.0844129088795686
-1.1784427188019964
-1.1796952530832276
-1.1311114128975739
-1.0906642599305658
-1.0836363445575226
-1.1047277879366826
-1.135168849709642
-1.1580142760879328
-1.1658386475969407
-1.1610750637622103
-1.151832242099996
-1.146453613864097
-1.149322244427693
-1.1591853176208042
-1.1700634947996913
-1.1739218711923187
-1.1638469887111396
-1.1365053327618733
-1.0930623876325267
-1.0383617560375529
-0.9788119446984624
-0.9199139549803348
-0.8645265831994318
-0.812712246978446
-0.7633333777163751
-0.7166044866523125
-0.6758339389305217
-0.6460898742881471
-0.6281979322040538
-0.6092816492070336
-0.5572347280777505
-0.43763303829414935
-0.28957059150427655
-0.4240395521256739
-1.045514580372886
-1.0981401164746765
-1.1999107956895205
-1.201424898622474
-1.1431090132150046
-1.0868978243563716
-1.0635076091629299
-1.0720241993760116
-1.0960926701492846
-1.1192278031551997
-1.1329948507403946
-1.1379860455972106
-1.1402318733854973
-1.1462071556856503
-1.1588999827720015
-1.17622781655402
-1.1919049196097984
-1.1979899798517646
-1.1879118906644714
-1.1587949052837099
-1.112294014961255
-1.0537541355421043
-0.9901359061515214
-0.9276187516182473
-0.8699413650846489
-0.8182769581477963
-0.7727666511224215
-0.734877620986249
-0.7088008296869535
-0.6996355342139461
-0.7068271366282041
-0.7141897805373452
-0.68410178068564
-0.5746767697143743
-0.4168047089378919
-0.5152271672567044
-1.071214594292866
-1.1153528452532742
-1.2233167057534384
-1.2253756678753822
-1.1581072846597649
-1.0868295312921008
-1.0474893420475415
-1.0435085336920271
-1.0609384357620526
-1.083744914470401
-1.1024736053891928
-1.115881786616037
-1.1279644934307131
-1.1434217186195792
-1.1639939552883558
-1.1869597091688238
-1.2059395336538126
-1.2132911499777745
-1.2029518803882828
-1.1726006814721766
-1.1243875379814678
-1.0640622848210695
-0.9989440048600281
-0.9356205777031064
-0.8784010585240166
-0.8292695477215093
-0.7894112628879408
-0.7614299438891924
-0.7504400353690013
-0.7617781684226681
-0.7938406363015037
-0.8274767396152126
-0.8196996744000248
-0.7207844774015628
-0.5520257867227276
-0.6088302342670946
-1.1023352738923187
-1.1313050264214857
-1.2444817291410972
-1.2485934876550209
-1.1746479919604234
-1.0904923294266284
-1.0369161205644142
-1.0215173375222157
-1.0326958024985617
-1.0548588826774608
-1.077558972144819
-1.0977877434064807
-1.1176278350929798
-1.1401859192494221
-1.1661887078725202
-1.1925437241819443
-1.2130515711043435
-1.2206137686727239
-1.2098557120038165
-1.1790936661245193
-1.1309358604710744
-1.0713728430312497
-1.0077998598219422
-0.9468412049729051
-0.89296093068076
-0.8485564485103212
-0.8155466889820584
-0.7975168893160579
-0.8005591209955644
-0.8305339359985177
-0.8852799227691132
-0.9432758909977873
-0.9566637878394975
-0.8679379141569625
-0.687917989562226
-0.7001544642594499
-1.1334562407317534
-1.1398822366655423
-1.2579374093142617
-1.2670044137854362
-1.1903607464562844
-1.0972149185348048
-1.0326021013905358
-1.0080133264612998
-1.0140856467880317
-1.0356601362251219
-1.0613661157094787
-1.0865724159319121
-1.1116637552641502
-1.1384335724116632
-1.1669243631400332
-1.194024622287583
-1.214053331401329
-1.2207396745071477
-1.2095862140307028
-1.179606926469135
-1.133778118260827
-1.078085294006348
-1.0196137697389838
-0.9645348296660213
-0.9169326283692892
-0.879112568840072
-0.853336999175901
-0.8439830767863516
-0.8582038262643965
-0.902781129597537
-0.9756962032083385
-1.053971925660943
-1.0858125130928207
-1.0065493849681912
-0.8163191851087435
-0.7850561806501606
-1.1587736268822457
-1.1343148910024556
-1.2574753512402115
-1.2758204796823307
-1.2022408757926168
-1.1057851809724069
-1.0349019500152137
-1.0045547705239377
-1.0074483336135698
-1.0288535929860236
-1.0565977922270449
-1.0846530131788628
-1.112022974429262
-1.139577130949909
-1.1671079239956492
-1.1919268404461234
-1.2092767223397385
-1.2140360214973083
-1.2027775814873995
-1.1752419878939453
-1.1346173915517488
-1.0865418252236905
-1.037284380652391
-0.9919404179896181
-0.9535458386338871
-0.9236914461973711
-0.9045102327139658
-0.9009544636355347
-0.9213709402638808
-0.9740079939075208
-1.057955889331912
-1.1500978562875368
-1.196183708522546
-1.1257031603239138
-0.9287542690197226
-0.8608803408353216
-1.1736385601929022
-1.108436225327356
-1.237155381433812
-1.2703237461055004
-1.2072313997969815
-1.1148494939203708
-1.0439451004658373
-1.0123811381130334
-1.0146964503098719
-1.036593740915312
-1.065276728704312
-1.0936398040815476
-1.1197357232612528
-1.144018461212841
-1.1665773278076828
-1.1856840714899946
-1.1979794857391262
-1.1998479425321682
-1.1891227814925625
-1.1662577095402222
-1.134416206304124
-1.098433162507232
-1.063117381665798
-1.0317150499116934
-1.0053979631364998
-0.9842936899775021
-0.9698499128084552
-0.9673604886198344
-0.986573579557984
-1.0379406193421035
-1.1229599534572816
-1.2201868288748983
-1.275075306219498
-1.213460217151514
-1.0171025037899764
-0.9276167029377262
-1.176917969965153
-1.058646296379976
-1.192911214810227
-1.2471468965947459
-1.2032079066854902
-1.1236283834706935
-1.0601066575776237
-1.032662313251592
-1.037364441807533
-1.0603561088010274
-1.0884597999717842
-1.1139133465267532
-1.134371772625145
-1.1505106834629435
-1.1633831773615293
-1.1728578237070864
-1.1775161701431696
-1.1756359804498646
-1.1664898140685165
-1.1511760139021252
-1.132500683092129
-1.1139085717749007
-1.0979476027366553
-1.085073673321082
-1.0736171223004582
-1.0613598145720795
-1.0484264888017811
-1.0402166122371568
-1.0481928529766422
-1.0859894724887817
-1.1592213369498576
-1.2505296571338764
-1.3080488585615901
-1.2571941930515447
-1.0743771556227646
-0.9892641999586687
-1.1743920867391182
-0.9867693871631253
-1.1249154994158062
-1.206188167214819
-1.1904814354251343
-1.133042307902297
-1.084788739538336
-1.066966487734252
-1.0767928115420347
-1.1008665783320684
-1.1259404326481084
-1.1441271614316824
-1.1533696804094875
-1.1553392773769895
-1.1528457894308661
-1.1480930917471621
-1.1422135008851861
-1.1357904661716853
-1.1296925315509232
-1.1255246811269193
-1.1252890268850466
-1.1303021758053813
-1.1398740894201875
-1.1505432480502833
-1.1566458612610728
-1.152595230814974
-1.1364778943669984
-1.1135789136285537
-1.0975311284378773
-1.1064344572516367
-1.1522261525552748
-1.224770890460019
-1.2788371855512688
-1.2439094154218617
-1.095579415074801
-1.0553781386206502
-1.1834352736212281
-0.9040205367672058
-1.040890673529475
-1.1533193576562368
-1.1739519832635281
-1.1473555826440958
-1.1215971502938302
-1.1180099408188156
-1.1344898325203019
-1.1581125863950295
-1.1759457268126905
-1.180626087978954
-1.1712105081251813
-1.1512839637542895
-1.1263365436617367
-1.1017487811317834
-1.0818776147996534
-1.070041282079396
-1.06882655546383
-1.0801209648275183
-1.1045424412426117
-1.1403691005713554
-1.182498204714462
-1.2222189749894419
-1.2485320174114527
-1.251313754961327
-1.2258266361071612
-1.1770603962880304
-1.1214600076572139
-1.0832463214758508
-1.0834825059600646
-1.1232546063309452
-1.1690760949311532
-1.1604712425267163
-1.078568663637883
-1.1427557545813176
-1.2392616476031932
-0.8363274391740916
-0.9605784757973197
-1.104068130513589
-1.1660639411536025
-1.1764615347842309
-1.1780099036147575
-1.190760270980462
-1.2127189452044078
-1.2314625374039405
-1.2348342521544744
-1.216767371895095
-1.1784055785584107
-1.1263148456104703
-1.069722289897741
-1.018128255719736
-0.9798464525673181
-0.9613655190200525
-0.9670632892405777
-0.9987807789963794
-1.0550162196038801
-1.1299034537974162
-1.2125322571596797
-1.2873868569879203
-1.336589004548097
-1.3441611744612114
-1.301695532956626
-1.2137730279788697
-1.1005302962721233
-0.994416355733958
-0.9291349861854448
-0.9220055773660318
-0.9577549850135432
-0.993654314313801
-1.0248671772114513
-1.2771924987920436
