Predicted value
-1.2521249570130992
-1.1572367440612827
-1.0641046560512963
-0.9589257526113062
-0.8326617475492917
-0.6803184219311942
-0.5002709328598096
-0.2936350179544336
-0.06368409553125504
0.18468773951550774
0.4454568241317136
0.7119151398206671
0.9770696296597319
1.2339956196161974
1.4761443441623985
1.6976045761900878
1.8933183612240563
2.0592508559350113
2.1925142709516994
2.2914459179722875
2.355640361174992
2.385935672927961
2.384353793798409
2.3539949968610028
2.298886456305497
2.2237849203436273
2.13393348841525
2.0347724926937323
1.9316044838906044
1.829213321359449
1.7314373674990562
1.64069678645582
1.5574749471253921
1.479753930453588
1.4024041410365409
1.316528023020111
-1.1446999706638294
-1.0522051138660264
-0.9640893365255685
-0.866266883521976
-0.7494124879752408
-0.6082422464560789
-0.4408403898969373
-0.24803195020375154
-0.03280132256844667
0.20024327651781315
0.44535945555062245
0.696114398597589
0.9457827201828393
1.1876984244707725
1.415560968749071
1.6236954312109577
1.807266783036713
1.9624482647744326
2.086543867020048
2.1780649153965905
2.236760759832715
2.263603568140465
2.2607272238923017
2.2313203285973757
2.179473308177054
2.1099796237397004
2.028091086654704
1.9392272779257616
1.8486390718634145
1.761026264056831
1.6801093036448471
1.608155129886256
1.5454571130293464
1.4897690994807007
1.4356935612732369
1.374023849833507
-1.039793741403261
-0.9487149120289033
-0.8645837665005403
-0.7730447379046821
-0.6644982762179419
-0.5333831856494076
-0.37750485768375364
-0.19740939982511052
0.004196339958321277
0.22297885308891213
0.4534661545334907
0.6894900712564865
0.9245826349723254
1.1523265791970712
1.3666599405993267
1.5621347646503803
1.7341299155736103
1.8790179905931328
1.9942863384817129
2.0786121824079142
2.131891847082515
2.1552240902041606
2.150847538204281
2.1220322262912545
2.072925242793821
2.008350477803752
1.9335624761177699
1.8539543944787158
1.77472006311598
1.700470151585171
1.6348024389070446
1.579826188005683
1.5356406244459246
1.4997675194700486
1.4665378773337072
1.4264327269411097
-0.9386393531899199
-0.8480866263499577
-0.7669920296913287
-0.6807429965136826
-0.5794782002453907
-0.45737135391802575
-0.3119609053415858
-0.14352562798047563
0.0454938924697712
0.2510278758050201
0.46786406933431157
0.6900885742008952
0.911480776002511
1.125862379710923
1.3274005488907081
1.5108651492172924
1.6718400962942428
1.8068888077698066
1.9136737597527083
1.9910301475271945
2.038993650567329
2.058782301850546
2.0527324614704483
2.0241888945488618
1.9773489534471418
1.9170608642767262
1.848576117708947
1.7772559640840908
1.7082320128197104
1.6460209361181872
1.5940932769735516
1.5543963614775482
1.5268313154249535
1.5086841852181538
1.4940111630709607
1.4729779165116934
-0.8422879888502249
-0.7514562641835217
-0.6725313445607326
-0.5906562845513212
-0.49572029668106987
-0.3816440130386716
-0.24571064258306574
-0.08794302415152783
0.08947342483149581
0.28272186394480436
0.48683928966010936
0.6961558995309561
0.904688560680896
1.1064883825909075
1.2959423941860744
1.4680293252215115
1.6185294919675457
1.744188787194145
1.8428367744546021
1.9134588866684707
1.9562227290037493
1.9724584860583225
1.9645934333406487
1.9360405530497053
1.8910412541541812
1.8344621967709205
1.7715462208426247
1.7076173791147984
1.6477400744119535
1.596332301213061
1.556732991526257
1.5307234650627983
1.5180029837102715
1.5156184103050574
1.5173479717040386
1.5130391261555636
-0.7516208131004434
-0.659787223043084
-0.5822439225070201
-0.5039020174387225
-0.4144133841575607
-0.30745739309450354
-0.1800735282315672
-0.032039902242016804
0.1347023326686883
0.3165786782212006
0.5088650878198407
0.7061258686094063
0.902605687831235
1.0925756834785136
1.270633679250846
1.4319585038080676
1.572518414323315
1.6892336243353454
1.7800929359001079
1.844224476041569
1.8819205375017876
1.8946165237902415
1.8848239985324098
1.8560178391175999
1.8124774946460347
1.7590823481751845
1.7010611832653566
1.643695754824531
1.5919784642524537
1.5502241388839761
1.521635915731654
1.5078252295275887
1.5082859050645254
1.5198223538362092
1.5359318749769773
1.5461410605006192
-0.6673605255195326
-0.5738818311570445
-0.497008496002597
-0.421431916537381
-0.3365785666210461
-0.23589818336251434
-0.11619784869153621
0.02297803336899415
0.17992186372998528
0.35129107956234173
0.5325904899224101
0.7186087156766775
0.9038087337257215
1.0826725255274117
1.249999829919364
1.4011610002406456
1.5323039657527329
1.6405152973597197
1.7239353776277804
1.7818276751038793
1.8146021229337403
1.82379260177906
1.811988527033976
1.7827205403407902
1.7403003054049375
1.6896144081092137
1.6358723609272474
1.5843087116362307
1.5398392563288974
1.5066713567247556
1.4878683617805688
1.4848681336000946
1.4969556776430677
1.5206898772334432
1.5492843323668817
1.5719423028174986
-0.5900825834728786
-0.49439255797537157
-0.4175515166835765
-0.34404319482163787
-0.2630804065867022
-0.1678946931518398
-0.055071866369714284
0.07606655182299293
0.22403599430041693
0.38571561794159337
0.5568291771237913
0.7323800015151032
0.9070400781662817
1.0754932379018318
1.2327324460103544
1.374311197234137
1.4965490150580072
1.5966910552974234
1.67302181398583
1.7249329395612576
1.752945149352178
1.758684250362608
1.7448112643564688
1.7149066572411942
1.6733086727505928
1.6249057704269618
1.5748831679024493
1.5284234874796734
1.4903615070115914
1.464793015080618
1.4546377704769995
1.4611565659764387
1.483422396416968
1.517745731075081
1.557053890341107
1.590224526693853
-0.5202260949869235
-0.4218328946271393
-0.34445802339023124
-0.2723894125020532
-0.19463776834498292
-0.1042276825929564
0.0024653619527506554
0.12633208982699093
0.2661006356634653
0.4188618512566977
0.5805487169232575
0.7463698571622365
0.9111971606149771
1.0699075043240533
1.2176785822915
1.350238838336299
1.464071503251115
1.5565727362582804
1.6261638707650359
1.672357764418023
1.695779253457025
1.6981397113679626
1.6821657118351405
1.651481795992746
1.6104473439756
1.5639475507691567
1.517138506358762
1.475146380178155
1.4427207098572286
1.423841794269038
1.4212821908760627
1.43612231737572
1.4672201576451287
1.5106350719851294
1.5590057116635483
1.6008820377577224
-0.4581043815746808
-0.3565879043289595
-0.2781821801583411
-0.20699100259966424
-0.13183433111879406
-0.04554086337777041
0.055713496797301726
0.17302127574760776
0.30531317061223395
0.44988189425803005
0.6028601245087212
0.7596525576732747
0.9153220663735163
1.0649299616709997
1.2038303594931274
1.3279186513585242
1.43383407940166
1.5191164156967285
1.5823167458807739
1.6230623570760723
1.642075730111763
1.6411476360447315
1.6230643369797486
1.5914888911888534
1.550796562529997
1.5058643341649305
1.46181452657635
1.423712519884292
1.396218580461778
1.3831937918497155
1.387260089971049
1.4093144026441586
1.4479968933955183
1.499113309571601
1.5550114347500354
1.603911645450017
-0.40391521101215
-0.29892444274430646
-0.21905748416143006
-0.14824546647113834
-0.07512877217156028
0.007648930549402522
0.10410075771407643
0.21551078375426042
0.34100232000972375
0.47806029752595947
0.6230077541511839
0.7714364259325946
0.9185914428118737
1.0597101286199475
1.190314905370996
1.306460301855716
1.4049340665338326
1.4834123847258662
1.540569200104151
1.576139640483101
1.5909375479087353
1.586827113047447
1.5666486138740314
1.5340982586589602
1.4935621332549123
1.4499042526825512
1.4082087170155613
1.373475971564928
1.3502731713624763
1.3423386499436574
1.3521404924295881
1.380389212908344
1.4255045361154999
1.4830362834139308
1.5450393630728492
1.599402864846114
-0.35775070006560894
-0.24900104829373004
-0.1673066436038949
-0.09643723928481518
-0.024864619866181825
0.05494190234996571
0.14717409505712525
0.25329751801146677
0.37261833939822187
0.502804256497323
0.6403595206482946
0.7810540665143969
0.920306745646022
1.0535226643433406
1.176384625818201
1.2850986766552797
1.3765937575724856
1.4486754584806134
1.5001338778422497
1.530805586329934
1.5415896947835648
1.5344180264670655
1.512179393624296
1.47859797833422
1.4380658176653205
1.3954293931292714
1.3557303244338588
1.3239001675351518
1.3044093169889304
1.3008700126013608
1.3155934503789237
1.3491009977775972
1.399589513251286
1.4623507700995089
1.5291449846143332
1.5875284485265606
-0.31960688716981295
-0.2068775024159636
-0.12305112556502673
-0.0517472254476421
0.0187202233251193
0.09604578169827993
0.18458969180873017
0.28598912692025136
0.39972354565779333
0.5236341505410056
0.6543974508170138
0.7879529295924568
0.9198848152647683
1.0457579572527145
1.1614078060261814
1.2631844974352153
1.3481510413383153
1.4142356145299761
1.4603379579674836
1.486389878296963
1.4933698536786777
1.4832717439115806
1.459027604857117
1.4243846071622794
1.383736059281914
1.3419065348002803
1.3038911040518604
1.2745486700414208
1.2582494086633285
1.2584763132201153
1.2773808432402964
1.3152926775954392
1.3701835719164848
1.437085320309325
1.507461821369621
1.5685352484968846
-0.2893929750570695
-0.17252405977991647
-0.08632037379391588
-0.01426200398299543
0.055484287860057324
0.1307666442380095
0.2161037954528422
0.31329484740866687
0.4219831737138892
0.5401744120826303
0.6647085650353938
0.7916862048989888
0.9168487831057034
1.03591304379173
1.1448595416948422
1.2401752643513237
1.3190503585921518
1.379528961338426
1.4206141346960557
1.4423269053496965
1.4457194082559373
1.4328421346357414
1.4066652842661387
1.3709542220711695
1.330099039012079
1.2888982172767676
1.252296399768488
1.2250762638937973
1.2115044996497615
1.2149318920104077
1.2373475076124338
1.2788869857401666
1.33729493360977
1.407341425952711
1.4801926088984723
1.5427354081565174
-0.2669402433372179
-0.14583034844756348
-0.057060696455260296
0.016017296140599713
0.08537367421465647
0.15900006108757897
0.24156387989762085
0.3350166792714201
0.4391565632940564
0.5521447257783579
0.6709760888334596
0.7919040457326146
0.9108193080802569
1.0235828572783152
1.12631300029178
1.2156265297135211
1.2888339881283586
1.344089036776384
1.380491928515534
1.3981470850834163
1.398174778658388
1.3826769177198828
1.3546569372079933
1.3178937929823054
1.2767700605799805
1.2360541382730945
1.200636554425225
1.1752203791472922
1.1639657402526509
1.1700884435114354
1.195412697204155
1.2398779409745415
1.300999778981648
1.3732850173512052
1.447600805926217
1.5104978843168224
-0.2520106310284889
-0.1266139399877238
-0.03514382382605458
0.03916645072986691
0.10841352002072646
0.18072257839473793
0.2609001374470844
0.3510408895586099
0.45108867573376293
0.5593515577377949
0.6729709945332054
0.7883451230154448
0.9015061430478635
1.0084518067959172
1.1054310123606217
1.18918350171126
1.2571336629173426
1.3075384366798164
1.3395893271615296
1.3534685171169447
1.3503590873211069
1.3324093402978605
1.3026512283473213
1.2648728858725964
1.2234452660057593
1.1831028815330762
1.1486786501194837
1.1247928438323158
1.115496142964289
1.1238667941557332
1.151561872816077
1.1983226498445854
1.2614340626503466
1.3351382904715174
1.410002433993808
1.4722402992682344
-0.24430498903926073
-0.11462858954072719
-0.020375135943170974
0.05532992513627771
0.12469979725245367
0.19598352694023422
0.27411730082187136
0.3613298470135712
0.457701940831328
0.5616800147960106
0.6705438729376973
0.7808285093992666
0.8887000313392376
0.990285686133862
1.0819579928784697
1.1605729781880636
1.2236625162971697
1.2695807734589364
1.2976047566434852
1.3079889665355162
1.3019741548311636
1.2817501858341023
1.2503730023509065
1.2116356958856636
1.169893681133835
1.1298439747753712
1.0962585785670793
1.0736719667342416
1.0660226776614852
1.0762490098829043
1.1058388223714357
1.154333439127484
1.2187856580667984
1.2931718642076044
1.3677582471569836
1.428421122896507
-0.24347100260070642
-0.10957214583397845
-0.012501560201839346
0.06471298907466433
0.134391439462097
0.20489716179059825
0.2812867952291077
0.36591418655983043
0.4589884337519622
0.5590860338346632
0.6636171350692835
0.7692458934208424
0.8722649333287571
0.9689239127768251
1.0557121926624575
1.129595610465165
1.1882073582142947
1.2299929647560188
1.2543093823195766
1.261478177382767
1.2527928258366932
1.2304801124497584
1.1976156346309161
1.1579934104921683
1.1159495912103197
1.0761402776879792
1.043273441513818
1.0217949502220762
1.015528696851322
1.0272708338024645
1.0583381109960142
1.1080703183286027
1.1732868324287433
1.2476972677118572
1.3212662317345365
1.3795321848480722
-0.24911078365033057
-0.11109413114840633
-0.011219138905008752
0.06757416149094031
0.13770279906479355
0.207635132000034
0.2825392204813856
0.36488530383716933
0.455002381980917
0.551588901152235
0.6521775439569175
0.7535541237063158
0.8521305830559553
0.9442720969434082
1.0265782798254148
1.0961184972142588
1.150621281513394
1.1886178521523205
1.2095397400207175
1.2137705162018237
1.2026516250050712
1.1784423212979713
1.1442337121372523
1.103816902699248
1.0615052465095403
1.021910699971851
0.9896742811961874
0.9691506331262378
0.9640466909660224
0.9770144539057917
1.0091978611471792
1.0597337722276077
1.1252070516439407
1.1990597577753963
1.2709544361057006
1.326091516744504
-0.26078813316639626
-0.11880299123580412
-0.0161802667636044
0.06421798547892787
0.13489643467247478
0.20441928036142007
0.27805716316484963
0.3583881797867966
0.4458530023257441
0.5392641018833773
0.6362690764725872
0.7337680832247275
0.8282853748961226
0.9162949406738274
0.9945002512806386
1.0600681083793588
1.110816598276312
1.1453571499241113
1.1631906972236767
1.1647579456255077
1.151443743030205
1.1255355549882458
1.0901360441990107
1.0490297543090608
1.0065038980096699
0.967123249433605
0.9354591408511613
0.9157725636654468
0.911651373706922
0.9256016008271875
0.9585928627920266
1.0095578834736976
1.0748461153424795
1.1476314662574705
1.217274130556632
1.2686365244460944
-0.27803547345324425
-0.13227301518706663
-0.027000598347676263
0.05498813324629925
0.12627622847689013
0.19551477320641972
0.2680683388563929
0.34661453528563047
0.43169766796766096
0.522236499467362
0.6159861152168529
0.7099538935906411
0.8007695802800183
0.8850094669667103
0.959474674295777
1.0214235391477657
1.0687581062101155
1.1001647238478138
1.115208744273304
1.1143833280156463
1.0991123526889297
1.0717074260599349
1.0352790034150512
0.9936016092264421
0.9509331631174673
0.9117884101273521
0.880666455275111
0.8617324024227216
0.8584530974375542
0.8731869756540465
0.9067280136346372
0.9578037852299475
1.0225276219382136
1.0938048775639757
1.1606932971760142
1.2077174903645376
-0.30036045037750403
-0.15105092525131175
-0.04326562548843632
0.040260841129621416
0.1121808336817399
0.1812235602546999
0.2528390643899614
0.32979631582968827
0.4127354055620287
0.5006738451656452
0.591466970453497
0.6822224494158753
0.7696688944626883
0.8504785789650001
0.9215442580958205
0.980210093970146
1.024456685084255
1.0530402000542514
1.0655856156538634
1.0626340591514927
1.0456442549465137
1.0169480755048292
0.9796601965936722
0.9375418568156653
0.8948187214421266
0.8559528505456322
0.8253687714318264
0.807133655370487
0.8045915986258414
0.8199520077861331
0.8538320893924413
0.9047534438667538
0.9685927637392893
1.0379866361750723
1.10169044979976
1.1438914058247214
-0.3272522055551955
-0.17466213660589713
-0.06453692463118976
0.020438674658513956
0.09297745198391863
0.16187816451225953
0.2326680601719687
0.30819950626658743
0.389200722387937
0.47478061762853796
0.5628877320932801
0.650723282710348
0.7351083133413951
0.8128049491909711
0.880791755515201
0.936493200629716
0.9779632232168365
1.0040229039320057
1.0143522413094779
1.009536031967254
0.991063855111274
0.9612841613388586
0.9233124657414017
0.8808936453063172
0.8382183406182364
0.7996934618594574
0.7696667991096456
0.752105736944788
0.7502300733353975
0.7660989428439691
0.8001518441216898
0.8507037717043977
0.9133944521077957
0.9805916842219152
1.040748784004832
1.0777161334756316
-0.3581873184897171
-0.2026166870773246
-0.09035807413915231
-0.004055376331085825
0.0690559411038647
0.13783580221886618
0.20788058254581726
0.2821182755771522
0.36135776354689886
0.44479219251098645
0.5304564517268071
0.6156387573320279
0.6972463403226551
0.7721252388303512
0.8373341946990024
0.8903726543605384
0.9293628740100046
0.9531861290798856
0.9615730280136809
0.9551479303387319
0.935427469038301
0.9047731772229031
0.8662982191008883
0.8237282252482767
0.7812162321778452
0.7431117262074652
0.7136837916276942
0.6967983631686164
0.695549582765938
0.7118452606263327
0.7459464405920391
0.7959610698047113
0.857291772668517
0.9220377291124973
0.9783506571521645
1.0097448997503629
-0.3926354186607341
-0.23441483681303932
-0.12026024154816445
-0.032783472534548275
0.04082325236502213
0.10947283284460138
0.1788228862055316
0.2518694517061331
0.32949479921065283
0.4109693421374613
0.494407654706502
0.5771785934859939
0.6562695232383845
0.7286046470655551
0.7913174408532776
0.8419771920149247
0.8787696425344297
0.9006317363084995
0.9073404707880788
0.899555852919068
0.8788179593822896
0.8474981011327096
0.808704092237909
0.7661396230158072
0.7239177374716393
0.6863284150341815
0.6575602565912324
0.6413762748243425
0.6407437888427993
0.65741842311686
0.6914822107102404
0.7408358008118521
0.800644770566794
0.8627400412065931
0.9149723984787017
0.9405211173752392
-0.430064467563949
-0.2695523379041185
-0.15376744077229393
-0.06529816996706941
0.008698198322407674
0.07717953913551712
0.14585701665849832
0.21778732644203236
0.293919041918077
0.37359306521595514
0.45499718227769215
0.5355747222726072
0.6123873213111561
0.6824317904580248
0.7429110880444767
0.7914593962799501
0.8263213021629081
0.8464850826909414
0.8517700943701199
0.8428682670236007
0.821339701899484
0.7895623740779221
0.7506359391774815
0.708239644360755
0.6664443436392271
0.6294786174773899
0.6014489966961123
0.5860142906752596
0.5860140198555667
0.6030509525397609
0.6370277459929389
0.685637691842194
0.7438095657754951
0.80310658153982
0.8510794492385358
0.8705735379280375
-0.46994571070176794
-0.30752537395884677
-0.1904014592603258
-0.1011473347030766
-0.026893449559708432
0.04135523720839887
0.10935593273731661
0.1802187903460395
0.25495179392120926
0.33295974660109096
0.4124973637588016
0.49107647028478874
0.5658273021685631
0.6338139123796817
0.6923036810479829
0.7389909299430739
0.7721746412530701
0.7908902806625855
0.7949957247299753
0.7852112925638308
0.7631138817987263
0.7310852088702168
0.6922141535890879
0.6501532080148582
0.608929029628534
0.5727070988046131
0.545510480582344
0.5308926907362345
0.5315646661458133
0.548975839464643
0.5828493180885859
0.6306711674233179
0.6871337984511011
0.7435334595968025
0.7871218328931655
0.8004117344453345
-0.5117582995248562
-0.3478351696271902
-0.22968645510315136
-0.13987872756652855
-0.0655235331810172
0.0024037166946381805
0.06969895916075602
0.13951879773007703
0.21292392458037807
0.2893766471063376
0.36719251877065245
0.443946074254407
0.5168306689066933
0.5829724224934841
0.6396982672457572
0.6847581002068717
0.7165010398791959
0.7340057871699875
0.7371650906365258
0.7267243160304947
0.7042741201416183
0.6721972289405488
0.6335693200210049
0.5920140093411643
0.5515119422643052
0.5161639888987016
0.4899085437367703
0.4761929295934685
0.4775989058439454
0.49542228096044366
0.529206629348453
0.5762311124821173
0.6309524043388901
0.6844007211334487
0.7235299553508506
0.7305219140789485
-0.5549935833245856
-0.38999227007615744
-0.2711532240920398
-0.181044258772104
-0.10676575002927408
-0.03927098906678386
0.02726756914382536
0.09604616168395289
0.16817167780844205
0.2431577233653348
0.31937478951487647
0.3944545257477751
0.4656481172027107
0.5301387662830966
0.5853082785730934
0.6289577530528742
0.6594823766131416
0.6760003228688971
0.6784357552724617
0.6675559345257488
0.6449624302917891
0.6130364372055063
0.574838195183746
0.5339605140345562
0.4943364023657183
0.46000080079253197
0.4348064194448504
0.42209367977336754
0.4243147606551583
0.44261174879846954
0.4763488934467629
0.5225989653820104
0.5755837202272398
0.6260684660483358
0.6607107352550889
0.6613630608014957
-0.5991590710763723
-0.43352049041604857
-0.31434313672780767
-0.2242039125172832
-0.15019956535529377
-0.08326850278720724
-0.017558502943051682
0.05015967915162341
0.12103280956413849
0.19461977774232797
0.2693403031014345
0.342877745910257
0.41253602247654847
0.47555062463166775
0.5293537435144812
0.5717934976545179
0.6013072653543753
0.6170491213713777
0.6189713778984864
0.6078602298444613
0.5853255044132742
0.5537445149827755
0.51616001928261
0.47613228187138773
0.4375452409131042
0.40436677925281334
0.3803630997915528
0.3687672051605196
0.37190148169450016
0.3907543877045493
0.4245112460499233
0.4700391410092636
0.521325919451032
0.5688732963032007
0.5990440643221896
0.5933634081610579
-0.643782063233906
-0.47796053507760217
-0.35881174518087283
-0.2689293415253182
-0.1954137942988351
-0.1291956729370916
-0.06440481886574907
0.0022145860565654235
0.0718430553945402
0.14407893829171126
0.21738566392524636
0.2894930902599816
0.35775295710170885
0.419448443449716
0.4720578291485782
0.5134722608392018
0.5421676222091196
0.5573305085420375
0.5589383055666344
0.5477933726046132
0.5255113300180027
0.49446345095571254
0.45767315739934017
0.4186666205082289
0.38127746526377787
0.3494055794130045
0.3267300267113577
0.3163760644647845
0.3205362653710469
0.3400457436602922
0.37391148553487263
0.4187957839084212
0.4684537774441725
0.5131250938925456
0.5388795977279662
0.5269172420849515
-0.6884129534742692
-0.5228732871400272
-0.4041320602022063
-0.31480713153909745
-0.2420098539653798
-0.17666981340570828
-0.11290546376904517
-0.047440657523743504
0.020932928026622527
0.09184746876667965
0.1638047760919281
0.23457618353066723
0.3015565376651729
0.36207229335212543
0.41364371324229143
0.4542011715994553
0.48225556241860473
0.4970228118433664
0.49850249488269427
0.4875105564268094
0.4656661365623923
0.435332500187026
0.3995120709228923
0.3616955693297186
0.32566525541697744
0.2952522754553378
0.27404811308736743
0.2650701447374885
0.27038129932118377
0.2906638222534553
0.32474714375653424
0.3690898514668444
0.4172157673412148
0.45910412886234697
0.48053387454353164
0.4623820337326185
-0.7326282003939492
-0.5678427676099287
-0.4498974979851694
-0.36144173576589667
-0.2896046854537981
-0.22532161311172177
-0.1627059433701182
-0.0984672521342358
-0.03137515499206145
0.038230908676990305
0.10888599589263928
0.17839808456355427
0.24420060227641907
0.3036590593842501
0.35433178639396695
0.39418477565321336
0.4217606273364311
0.4363015997301855
0.4378267638177422
0.4271632621628968
0.4059316720930553
0.37648547318156733
0.3418046190293106
0.3053432133455272
0.27083129032791237
0.24203069934195423
0.2224450938995265
0.2149840249367314
0.22158113839099652
0.24276647707742183
0.2771928868643788
0.3211165271483629
0.3678314856280949
0.40705849737787864
0.4242877682202047
0.40007590239761076
-0.7760329691557393
-0.6124787646511238
-0.4957244969782449
-0.40845807927302613
-0.3378333458349094
-0.2747977155646626
-0.2134657511029331
-0.1505386136695543
-0.08476941360359638
-0.016474456604167118
0.05290961432803944
0.12122278124844686
0.18593271792555105
0.24443996079712754
0.2943371842256903
0.3336225800532025
0.3608673414550393
0.3753372510932022
0.37706837356878536
0.3668968521736935
0.3464428099416127
0.3180483549982312
0.2846696902107141
0.24972332713642847
0.21688640427092082
0.18985110959514637
0.1720332074219503
0.1662346695418006
0.17426041066777295
0.19648912817978784
0.2313982461680981
0.27504296377603055
0.32048940784197677
0.3572018898406395
0.3703842671235255
0.34027540845869547
-0.8182634430865329
-0.6564191327653504
-0.5412548046486583
-0.4555038333343644
-0.38635127008093045
-0.32476296837729146
-0.2648606052135206
-0.20334259805224547
-0.13895091750081137
-0.07198379568419142
-0.0038543303186473546
0.06330501551386397
0.12699201789053466
0.18463840087180133
0.23386764962469378
0.27270692784543454
0.2997530994812907
0.31429285475167723
0.3163769404685126
0.30684849465582603
0.2873254854686165
0.2601372544109637
0.2282151638533909
0.19493734884947966
0.16392757325173618
0.13880819012670984
0.12290720646936339
0.11891945221669478
0.12852185356061163
0.15194281056005648
0.18748567905238434
0.23100635686399312
0.275344974320203
0.30971168905439256
0.3190265851163811
0.28321367638006567
-0.8589888052260053
-0.6993317619238621
-0.5861574341968903
-0.5022513597277858
-0.43483620294581715
-0.37490234272885425
-0.31658435580614513
-0.2565833958618423
-0.1936354683392771
-0.12802560094598137
-0.06114790985945841
0.004888438366299267
0.0676073691935428
0.12446814679275235
0.1731217250338742
0.21162120277680957
0.23858638346115574
0.2533224389951982
0.25589267794415543
0.24714541801767528
0.228694962856583
0.20285668311888125
0.1725362018650022
0.14107268424231115
0.11203623146886207
0.08897937911640519
0.07514269969264625
0.07311450952275743
0.08444467993014082
0.10921255271644294
0.1455489599408214
0.18911234799846385
0.2325190059983572
0.2647273984403125
0.27037660219123605
0.2290788477606569
-0.8979128898261912
-0.7409162166499212
-0.6301302912220794
-0.5483993249834771
-0.48298980079649545
-0.424922522779228
-0.36835056184036624
-0.30998309691483866
-0.24855515190019492
-0.18434322829373842
-0.1187268335304088
-0.05379590502141014
0.007995870106410948
0.06413183957043961
0.11228727479141895
0.1505383640518282
0.17752530995351232
0.19256953117456405
0.1957449685254571
0.18790349530443193
0.1706544319521327
0.1462981650054966
0.11771387035089473
0.08820134077652508
0.06127691782405697
0.04042352793952778
0.02879482292349124
0.028873424680417495
0.042083274267345816
0.06835608524178767
0.10565190130888327
0.14943375826780864
0.19209645025743555
0.22234940030124262
0.22455363515147853
0.1780128644325767
-0.9347755038019492
-0.7809050450521761
-0.6729014703383183
-0.5936739845831474
-0.5305389033949854
-0.4745531650339573
-0.4198937380789888
-0.36328292479555485
-0.30345956020417597
-0.2406961068496608
-0.17636164527110004
-0.11253076017260577
-0.05163832229479974
0.0038198340129493476
0.0515403375195415
0.08961981113841239
0.11671650725305244
0.13216604734177748
0.13605126590175143
0.1292261586722609
0.11329393515724126
0.0905391754470553
0.06381409133952279
0.036378891760202856
0.01169625248192737
-0.006820109856413306
-0.01610275943183259
-0.013773758619959074
0.0014662189215055993
0.029402879468579057
0.06782740474604315
0.11200965174174116
0.15412545682012574
0.18263804413505952
0.18163353834186796
0.13011058160864192
-0.9693534181323185
-0.8190647578089332
-0.7142302217418364
-0.637830137110126
-0.5772364756314131
-0.523547827660183
-0.4709702719869055
-0.4162441413378938
-0.35811668357591175
-0.29686061860152757
-0.23383859095521844
-0.17111351812022074
-0.11110483452612943
-0.05629063125324617
-0.008955691437674553
0.029014578622835973
0.05629432266229815
0.0722315119391467
0.07691632702815017
0.07120364391157448
0.05668962436959828
0.03564241066998036
0.010886924556978672
-0.014356229460478539
-0.036677756521370036
-0.052732559525906754
-0.0595385229496054
-0.054821192358110005
-0.03740434962276158
-0.0076464838369159766
0.0320768420669896
0.07684472899962366
0.11861678369619552
0.14561306499714838
0.14164813442809804
0.08541921107902511
-1.001461029212768
-0.8551964771033194
-0.753907587729078
-0.6806517483503547
-0.6228622192079172
-0.5716845697534609
-0.52135901058083
-0.46864862105798843
-0.4123134726597359
-0.35263064800117516
-0.2909601555719253
-0.22935674017108407
-0.17022758904293805
-0.11603593371342136
-0.06905054752732188
-0.031141138886236527
-0.003619640187273523
0.012872607537496111
0.01843177428083957
0.013912565019414909
0.0009033479720754437
-0.018344612842573646
-0.0410338207493674
-0.06398310526052073
-0.08383607662031659
-0.09731547605054225
-0.10152342169667362
-0.09428755027480787
-0.07455305441934382
-0.04282061573141088
-0.0016302335280464764
0.043909050707879954
0.08554353317699182
0.11125333191198694
0.1045849752254645
0.04393809445700897
-1.030950690158334
-0.8891362555093354
-0.791756709165669
-0.7219522453442679
-0.6672228542734433
-0.618766220555471
-0.5708615172299212
-0.5202990955377395
-0.4658560703860764
-0.40781780151386327
-0.3475452703581375
-0.28708835262111565
-0.22884498653801452
-0.17526623684562054
-0.12860725445160748
-0.09072413180460177
-0.06291665396499668
-0.04581694537651394
-0.03932401233851413
-0.042584181179054624
-0.05401743212869625
-0.07138962889505784
-0.09193064393811866
-0.11249837944626953
-0.12978868401311172
-0.14059116501500402
-0.14209089668935815
-0.13221602391368203
-0.11003126168537167
-0.0761772903022504
-0.033356046243857476
0.013138091246516936
0.054841217879046084
0.07949692633383615
0.07038743257664465
0.0056188064738500465
-1.0577127120576515
-0.9207550648287988
-0.8276328019062764
-0.7615744803895655
-0.7101520710094313
-0.6646203186226197
-0.6193019984072974
-0.5710190677592458
-0.5185697138887992
-0.4622512971185332
-0.40342918988169996
-0.34415151142141254
-0.2868097581905771
-0.2338453299525728
-0.18750195158268088
-0.14962399057026035
-0.12150067022167355
-0.10375617856395848
-0.09628567294925006
-0.09823718035994936
-0.10803939341464053
-0.12347536207475687
-0.14180208105199393
-0.1599159729164715
-0.1745642669056434
-0.1826022734339558
-0.18129655430325303
-0.1686739886139324
-0.1439167343768461
-0.10780308582595236
-0.0631942264317143
-0.015566877615246083
0.02640815683679046
0.050241550656544676
0.03895511927858375
-0.029634411677246064
-1.0816750351778737
-0.9499584548791807
-0.8614228031653557
-0.7993903649948773
-0.7515101511663934
-0.7090987209455304
-0.6665269003924441
-0.6206523963901239
-0.570298306373443
-0.5157775237589561
-0.4584630390754478
-0.4004041367952256
-0.3439884878661645
-0.29165013794449723
-0.24562339132835423
-0.20774259059205077
-0.17928779192112262
-0.16087633614811003
-0.1524003154890894
-0.15300993598095375
-0.16114277561944046
-0.17459893819790823
-0.19066210284686103
-0.2062664692742211
-0.21820959870634993
-0.22341115052981686
-0.21921751463391617
-0.20375233945393317
-0.17631295571515637
-0.1378126958776399
-0.09126910928171339
-0.04233807299423856
0.00010620164438260304
0.023345266772456325
0.010144640058492527
-0.06196388894804494
-1.102802570120485
-0.9766858822323295
-0.8930446878387924
-0.8353001737843161
-0.7911832595513819
-0.7520768820194274
-0.7124041759245096
-0.6690625500197196
-0.620903658936344
-0.5682592707457733
-0.512513030222161
-0.4557181178058283
-0.4002608042674186
-0.3485699010727995
-0.30287210644871315
-0.26499324714917444
-0.2362054159226179
-0.21712000467979212
-0.20762663336240275
-0.2068779745125033
-0.21332047354263464
-0.22477096470671218
-0.23853918277166083
-0.25159617038979964
-0.26078858117197234
-0.2630988784614283
-0.25595142980844976
-0.2375644971457284
-0.20734812266448996
-0.16634791039136565
-0.1177347034660144
-0.0673401571194899
-0.024238207353359603
-0.0013724353195672112
-0.016229327401048044
-0.09155743099309016
-1.121096208928004
-1.0009097089040915
-0.9224464547764331
-0.8692315183529243
-0.8290824054663498
-0.793452802865409
-0.7568222208064934
-0.7161315313462099
-0.6702644023346531
-0.6195746271094259
-0.5654593498904087
-0.509978186875275
-0.45551824303575716
-0.404505024614659
-0.35915924732361737
-0.321299540241611
-0.2921910454142185
-0.2724399131536233
-0.26193369303936825
-0.25982762061985676
-0.2645767998146036
-0.27401428101723246
-0.2854750348992227
-0.295965821914404
-0.30238095750419824
-0.3017639730036116
-0.2916151722479721
-0.27024508388041807
-0.23717380936013227
-0.19357626667132552
-0.1427733297329694
-0.09076886350927366
-0.04683265482091739
-0.02412923885702062
-0.04039262138787286
-0.11864689667840339
-1.1365915061415754
-1.0226338709948155
-0.9496047830055077
-0.9011379910730102
-0.8651420740974003
-0.8331456500026134
-0.7996884804603266
-0.761758471314597
-0.7182745687072433
-0.6696155509039776
-0.6171947158212852
-0.5630804642540516
-0.5096627788039384
-0.4593655985085079
-0.4144050891710947
-0.3765938093914261
-0.34719077229699
-0.32679740297515253
-0.3152993916060216
-0.3118544422960603
-0.3149259176124479
-0.322362378818189
-0.3315230218079706
-0.33944900874476747
-0.3430806953971964
-0.33952075417761685
-0.32634319288098185
-0.30194826912443534
-0.265963300487659
-0.21968937035396538
-0.16659392945214205
-0.1128492930990403
-0.0679170341429165
-0.04517827160751542
-0.06260985503690869
-0.14350644454107703
-1.149357029809458
-1.0418922172807545
-0.9745233579049429
-0.9309974788513744
-0.8993185278549309
-0.8710940443712732
-0.8409277264328395
-0.8058578932055915
-0.7648418432465077
-0.7182861084618267
-0.6676226037660371
-0.6149306724416163
-0.5626050271995163
-0.5130695869404003
-0.4685372092166242
-0.4308153183949682
-0.40115742952011696
-0.3801605678788855
-0.36770858426519626
-0.3629613659458017
-0.3643899433267573
-0.36985749232064064
-0.37674623241452015
-0.38213022043867173
-0.3829940400360421
-0.3764973868324629
-0.3602855493076104
-0.3328457853667148
-0.29390959461301774
-0.24490088632097662
-0.18943004311021902
-0.13383388032024315
-0.08776150108586914
-0.0648060471134343
-0.08318234515774164
-0.1664504491997541
-1.1594923824463985
-1.058746517756354
-0.9972308673305667
-0.9588101468374306
-0.931587777664663
-0.9072540202066638
-0.8804800028526254
-0.8483576466753888
-0.8098854858210497
-0.7655003835993102
-0.7166551442745811
-0.6654420205578321
-0.6142621167991872
-0.5655406878812725
-0.5214883338133101
-0.48390809002595864
-0.4540484133669049
-0.4325020637972018
-0.4191508817883547
-0.41315646142015644
-0.4129967191792698
-0.41654835845855887
-0.42121522975716763
-0.42410258658134803
-0.42223723704603455
-0.41283359117716817
-0.393605603914768
-0.3631246138167516
-0.321223077463502
-0.26944419956318466
-0.21153745875781177
-0.15400002913005378
-0.10666409741080218
-0.08333007588747487
-0.10244571101307598
-0.1878310877160001
-1.1671258919438987
-1.0732841421274335
-1.0177786676912026
-0.9845960920822128
-0.9619432242095676
-0.9415966538639401
-0.9182982428377905
-0.8891965117463352
-0.853333922549263
-0.8111800567731978
-0.7642106894349127
-0.7145327586652891
-0.6645552310340256
-0.6167058625750949
-0.5731938555129487
-0.5358184106894699
-0.505823175691675
-0.4837965886801627
-0.46961811791831115
-0.4624503970022236
-0.46077725579142315
-0.46248764704029316
-0.46500546873026805
-0.4654652821027717
-0.46093392539290334
-0.44867802326387207
-0.4264773919421797
-0.39298434005355143
-0.34812886515961483
-0.2935697459953267
-0.23319153040714838
-0.17364741899196962
-0.1249480444367794
-0.10109614655908575
-0.12076714304808348
-0.20803559590657178
-1.1724119724313742
-1.08561540825526
-1.0362381199756576
-1.0083926671482766
-0.9903929691226798
-0.974105362593866
-0.9543455548545983
-0.9283214727484841
-0.8951220073238024
-0.8552516541880781
-0.8102110495634053
-0.7621234020425193
-0.7134068200456144
-0.6664925349779139
-0.6235890200879838
-0.586492005026798
-0.5564403861075495
-0.5340180322662113
-0.5191014867228445
-0.5108535643436544
-0.5077628447037963
-0.5077290608509268
-0.508194383769506
-0.5063206025458459
-0.4992122002339078
-0.4841853254218483
-0.4590826594993115
-0.4226341796254724
-0.37486381739782504
-0.31754201322172176
-0.2546841663806589
-0.1930949808073109
-0.14295870655531343
-0.11847527697179219
-0.1385423415706446
-0.22748319460656374
-1.175528155088202
-1.0958706005515095
-1.0526975957305975
-1.0302514736704909
-1.016956796130804
-1.0047728732694343
-0.988592179027003
-0.9656846622120454
-0.9351879532869483
-0.8976434668546357
-0.8545783998460033
-0.8081336254081011
-0.760737482493063
-0.7148254611477858
-0.6726057835043558
-0.6358708804712234
-0.6058547641251268
-0.5831362958037621
-0.5675883498992036
-0.5583728733520703
-0.5539818408464425
-0.5523241057055245
-0.550858146488057
-0.5467707092854772
-0.5372013457198269
-0.5195128466424085
-0.4916075715331897
-0.4522896736009564
-0.40167322058421306
-0.3416362112528316
-0.2763204876104488
-0.2126775427976107
-0.16106022469566808
-0.13586033523141428
-0.15619212538247848
-0.24662168588346245
-1.1766717889066618
-1.1041966583241214
-1.0672591529893174
-1.0502350258677204
-1.0416628221491102
-1.033597861063377
-1.0210121133970753
-1.0012399747107246
-0.9734699342568578
-0.9382821395988172
-0.8972318569303013
-0.8524788270956561
-0.8064625173109177
-0.7616232685856011
-0.7201693388452386
-0.6838898417546644
-0.6540135812420493
-0.6311137817236826
-0.6150587140295021
-0.6050082170293727
-0.5994561149601132
-0.5963185304532694
-0.5930680932636395
-0.5869140446985425
-0.5750282377478387
-0.5548170329146969
-0.5242390897471085
-0.4821690540701531
-0.4288071409190088
-0.3661346131727116
-0.2984151558886653
-0.23274214633789486
-0.17963181974105422
-0.1536623307051747
-0.17415871036116842
-0.2659237192020775
-1.176056411405766
-1.1107535340740442
-1.080034882151399
-1.0684130840053996
-1.0645438183266227
-1.0605812580765674
-1.0515794101363172
-1.0349393506559526
-1.0099023561047105
-0.9770889300218921
-0.9380837254685186
-0.8950663631797351
-0.8504881454179626
-0.8067946655267999
-0.7661943131856704
-0.73047267536522
-0.7008528329834608
-0.6779015532626644
-0.6614813777870044
-0.6507486062609432
-0.6441971759683717
-0.6397484369324932
-0.6348868227764579
-0.6268414172847454
-0.6128134166652932
-0.5902494875123758
-0.5571610204702308
-0.5124892795974333
-0.45651644743201897
-0.39132256575735375
-0.32128837206875377
-0.2536440317408518
-0.19906376589571326
-0.17230637497169762
-0.1929016579930726
-0.28588272754037247
-1.1739077892959815
-1.1157102217428707
-1.0911429218132618
-1.084858657808995
-1.0856332010425982
-1.0857222319173139
-1.0802641417078702
-1.0667287300420072
-1.0444117980827443
-1.0139756374114008
-0.9770354146113629
-0.9357914515525964
-0.8927074013769126
-0.850234320183978
-0.8105806344180746
-0.7755280039556063
-0.7462930808933561
-0.7234351640374891
-0.7068097490933043
-0.6955679745557359
-0.6882019633006008
-0.6826360598765945
-0.6763639634980374
-0.6666317567383657
-0.6506668299243741
-0.6259527012312038
-0.5905497324780792
-0.543461740624795
-0.4850485049689481
-0.41748417004392
-0.34526154421760663
-0.27574229399189576
-0.2197530340028944
-0.19222731272190086
-0.21289349385712952
-0.30700853345618045
-1.1704596290948435
-1.1192404549113655
-1.1007031445496043
-1.099643679828363
-1.1049606928537956
-1.1090138342315419
-1.1070280369796133
-1.096543676142025
-1.0769126241031801
-1.048840201602996
-1.0139730244527843
-0.974532745951876
-0.9329956950049964
-0.8918184099403852
-0.8532090680286696
-0.8189448107024804
-0.7902349644768206
-0.7676301575701786
-0.7509773322263924
-0.7394206527372599
-0.7314483091658984
-0.7249852167708521
-0.7175316111309478
-0.7063475389708977
-0.6886832446876529
-0.6620554525775014
-0.6245695447639176
-0.5752876348261584
-0.5146425371286073
-0.4448976318508669
-0.37065262571860047
-0.29939520843511896
-0.24209860481372128
-0.21386502261077506
-0.23461499605955433
-0.32982262510481847
-1.1659489576934576
-1.1215180749488836
-1.1088325126457361
-1.1128343487529957
-1.1225476533926362
-1.130438319183871
-1.1318197872881508
-1.124304669154906
-1.1073022639680405
-1.0815619717931726
-1.0487626024256216
-1.0111475799391465
-0.9712060429354301
-0.9313998404943129
-0.8939364238247737
-0.8605876336166591
-0.8325543830931615
-0.8103772367640442
-0.7938928848796157
-0.7822365135854518
-0.7738900707778653
-0.7667764276601251
-0.7583994359994213
-0.7460298810845816
-0.7269373303845325
-0.6986678779075114
-0.6593677842610242
-0.6081530124125543
-0.5455246591510168
-0.4738302822489616
-0.39777112332552683
-0.3249552264101363
-0.26649645220695006
-0.2376593880600573
-0.25855015361942385
-0.35485310220758265
-1.160611172873897
-1.122712069113678
-1.1156401037808013
-1.1244861426781578
-1.1384020802162556
-1.1499621318895787
-1.1545700224536941
-1.1499120698031058
-1.1354561645498593
-1.1119966453028942
-1.0812450696481397
-1.0454668808293672
-1.007163970129783
-0.9688031349543736
-0.9325904326129971
-0.9002914298042253
-0.8730973477999294
-0.8515371033306198
-0.8354352451715281
-0.823915786429442
-0.8154519325302846
-0.8079617049074462
-0.798949460390859
-0.785693306296824
-0.7654784112185844
-0.735876211517648
-0.6950695135158558
-0.6422234913882017
-0.5779025807563974
-0.5045332679831876
-0.42691277516741305
-0.35276364083981976
-0.2933341963596191
-0.2640449380117946
-0.28518079480515596
-0.3826292919711457
-1.1546747637774861
-1.1229812786041018
-1.121221806661893
-1.1346385023219152
-1.1525132796064468
-1.1675305667974583
-1.175185956745831
-1.1732407528813216
-1.1612224109232785
-1.139970876292102
-1.1112308172214567
-1.0772897535712287
-1.0406620813412342
-1.0038189928856713
-0.9689642928283275
-0.937856109678527
-0.9116745031478324
-0.890934967167491
-0.8754478286066317
-0.8643235416912083
-0.8560238781236907
-0.8484590129035068
-0.8391305058482285
-0.8253201788155108
-0.8043248886257738
-0.773737195685638
-0.7317719283121025
-0.6776386427574764
-0.6119599789350544
-0.5372359118455428
-0.45835389870423315
-0.38314492176892356
-0.32298542686858867
-0.2934451576327967
-0.314980885421877
-0.41367603495783384
-1.1483557013239798
-1.1224687765606967
-1.125654686609057
-1.1433091841930547
-1.164846207320493
-1.183062096023567
-1.1935457048001892
-1.19413441075607
-1.1844160174475393
-1.1652765544251231
-1.1384939724778622
-1.1063777345783838
-1.0714543025287182
-1.0361985193068641
-1.0028108871141048
-0.9730407411230683
-0.9480553189265382
-0.9283547256870125
-0.9137327949870099
-0.9032838453801251
-0.895455332642831
-0.8881463977270301
-0.8788523104133542
-0.8648548086652104
-0.8434583336835783
-0.812272160662552
-0.7695384252456339
-0.7145060456827724
-0.647850540688152
-0.5721397429987278
-0.4923454086335118
-0.4164007218536033
-0.35580369582297183
-0.3262664689699835
-0.3484104970496803
-0.44850764090680584
-1.1418514985816275
-1.1212959160191778
-1.128991021091191
-1.1504882837098946
-1.1753354792928936
-1.1964423676358638
-1.209492267485989
-1.2123995268161516
-1.2048128887998661
-1.1876647534869647
-1.162766335180029
-1.1324487155115721
-1.0992497922219648
-1.0656471236381144
-1.0338366688528886
-1.0055574236052887
-0.9819619518613709
-0.963532813095917
-0.9500448852748491
-0.9405735835383986
-0.9335489745850167
-0.92685578675604
-0.9179793158210967
-0.9041972264642686
-0.8828172494709947
-0.8514607746157279
-0.8083923392503355
-0.7528950125932523
-0.6856916757193785
-0.6094121972507262
-0.5291065047478167
-0.45280355180182164
-0.39211618082745703
-0.3628918815566204
-0.3859094452327804
-0.48762151450611396
-1.1353349410881364
-1.1195560478143045
-1.1312520052128292
-1.1561319282699853
-1.1838790522879776
-1.2075178738897396
-1.2228271877244863
-1.227799018874011
-1.2221434509597346
-1.2068393499504992
-1.1837309836711118
-1.155170537011635
-1.1237065228374283
-1.091818088599934
-1.0616952186482147
-1.035064832241235
-1.0130627772608967
-0.9961517196258161
-0.9840849284058549
-0.9759159566373957
-0.9700542178393663
-0.9643664582300132
-0.9563241246444238
-0.9431966281527924
-0.9222905033794412
-0.891234463522583
-0.8483103510748371
-0.7928299842444889
-0.7255578990775019
-0.6491799872802735
-0.5688180297431441
-0.49259012576464845
-0.43221701797652123
-0.40367431296944445
-0.42789059761954895
-0.5314914511156611
-1.1289474871225182
-1.1173079084346456
-1.1324211271518205
-1.160155640270703
-1.1903315745034129
-1.2160892894144395
-1.2333038762583082
-1.2400455525179852
-1.2360859521440395
-1.2224503114945455
-1.2010155509757396
-1.1741542523834219
-1.1444245319451056
-1.1143058090629177
-1.0859804707572445
-1.0611614318111253
-1.0409655906153987
-1.0258331807145908
-1.015493018053556
-1.0089736439248647
-1.0046603636169387
-1.0003981807629332
-0.993640627390373
-0.9816444896715283
-0.9617104293745448
-0.9314695010153212
-0.8892155647101314
-0.8342835947289993
-0.7674738837498181
-0.6915221428132201
-0.6116154969781944
-0.5359543766784505
-0.4763603047795336
-0.44892957933668504
-0.47473285205345206
-0.5805606024410475
-1.122792337927832
-1.1145686778282333
-1.1324372135479002
-1.1624273700807322
-1.1944974061246005
-1.2219044793503713
-1.2406206073716792
-1.2487945244154446
-1.2462594336931452
-1.2340866554728334
-1.2141851708518996
-1.1889470612305866
-1.16093884348625
-1.1326387008483692
-1.1062196094743044
-1.0833783607258018
-1.0652104791462487
-1.0521310361386744
-1.0438413593445017
-1.0393416377230458
-1.0369894223317582
-1.0346040228072244
-1.029616799546905
-1.0192673515916275
-1.000845600208826
-0.9719797681765268
-0.9309702547680849
-0.8771694064376685
-0.8114071832064896
-0.7364627207497833
-0.6575817881845389
-0.5830401415579715
-0.5247527730367509
-0.498929055796971
-0.5267737846148717
-0.6352341121583089
-1.1169271778848133
-1.111306707159111
-1.1311871448421473
-1.162760198962439
-1.1961233098299673
-1.2246511774373132
-1.2444131845615396
-1.2536367155668229
-1.2522163709078344
-1.241269077333867
-1.2227350937937105
-1.1990249130412765
-1.1727120589419717
-1.1462717794798172
-1.121865635465317
-1.1011719849440758
-1.0852623633061627
-1.0745237590962247
-1.068626785524349
-1.066539747677671
-1.0665886054327316
-1.066562832068584
-1.0638671685806473
-1.0557192736953076
-1.0393932695852692
-1.0125091832856519
-0.9733682838108375
-0.9213343149720654
-0.8572606238957741
-0.7839631852426919
-0.7067395211276777
-0.6339335167403065
-0.5775461316662044
-0.5538920069091332
-0.5843019676138208
-0.6958714214895441
-1.1113565846364009
-1.1074339165147686
-1.128498240567338
-1.1609047119451397
-1.1948908112471424
-1.2239493340535015
-1.2442472761595496
-1.2540906145105408
-1.2534349838371426
-1.2434422489916723
-1.226082972985085
-1.2037847807247104
-1.1791266184527318
-1.1545789088854224
-1.1322896020531215
-1.1139161218409632
-1.1005032082303527
-1.0924066552411897
-1.0892629445748405
-1.0900047749578583
-1.0929224871864522
-1.0957713848717037
-1.0959249508855295
-1.090573959507398
-1.0769714842717868
-1.0527238015163942
-1.0161271896310948
-0.9665506240076468
-0.9048643676901439
-0.8339144577262176
-0.7590430872189879
-0.6886548830797611
-0.6348290794814747
-0.6139775870128926
-0.6475489575335479
-0.7627782447294353
-1.1060241091631475
-1.1027978625644717
-1.1241303145891863
-1.1565410406492544
-1.1904082293600293
-1.2193431342056207
-1.2396104209049918
-1.2495944104788177
-1.2493112180170847
-1.2399667871474394
-1.2235608202042898
-1.202536604098648
-1.1794767318887256
-1.1568447200512764
-1.1367725214536861
-1.1208939340268116
-1.1102239051385674
-1.1050837316682602
-1.1050721557816734
-1.1090823564068946
-1.1153648364109003
-1.1216362054768794
-1.1252338586823094
-1.1233165507777823
-1.1131108661665738
-1.0922035845849658
-1.0588799424833122
-1.0125077901078572
-0.9539676442832996
-0.8861286368961041
-0.814370359078564
-0.7471506010936092
-0.6966189879203624
-0.6792765105404461
-0.7166809529250353
-0.8361982147226598
-1.1008040258095235
-1.0971734761684784
-1.1177674002984785
-1.1492705760613542
-1.1822023768667662
-1.2102926854696763
-1.229903703468561
-1.2394976565043776
-1.2391503951602754
-1.2301108915620573
-1.2144066316793887
-1.1944949033277528
-1.1729599798711585
-1.1522561996255904
-1.1344969409632129
-1.1212894931173176
-1.1136158226880233
-1.111759235848719
-1.1152769362532602
-1.12301847864391
-1.133190118160029
-1.1434650553475156
-1.1511395768689896
-1.1533350919147294
-1.1472460643143534
-1.1304338403492522
-1.101166372265766
-1.0588038374891147
-1.0042301535380702
-0.9403303886403814
-0.8725140680489469
-0.8092843760587332
-0.7628532537244448
-0.7498023922789367
-0.7917901222523831
-0.9163041982921873
-1.0954927522611186
-1.090254469938153
-1.109009145754096
-1.138607351260103
-1.1697099304885807
-1.1961653758827637
-1.2144330999270434
-1.2230526024780422
-1.2221585337964385
-1.213041653279535
-1.1977556838945815
-1.1787700623128432
-1.1586685847444125
-1.1398939484737771
-1.1245381890961317
-1.1141790134544372
-1.1097620282772287
-1.1115288645171753
-1.1189911973903826
-1.1309506621164442
-1.1455646653592484
-1.160458092368521
-1.1728809098221273
-1.1799116643691163
-1.1787068768735134
-1.166796332358864
-1.1424242656535226
-1.104936442736692
-1.0552131377852076
-0.9961480059210746
-0.9331728516597486
-0.8748282930591673
-0.8333803215695295
-0.8254827575838208
-0.8728856016890925
-1.0031892816184804
-1.0897999394727211
-1.0816444157469634
-1.0973618787769304
-1.123969094093083
-1.15226847122953
-1.1762269017857225
-1.192400493188888
-1.1994051981572182
-1.197433339863804
-1.187816032801315
-1.1726314993474345
-1.1543592820310336
-1.1355803514991016
-1.11872311018442
-1.1058552916739857
-1.098521755778182
-1.0976281793006968
-1.1033706425091943
-1.1152111113067276
-1.131898815103902
-1.15153752039179
-1.171698700015589
-1.1895805981490313
-1.2022131909695395
-1.2067090430341332
-1.200560059356078
-1.18198013318229
-1.1502936894714841
-1.1063701240730706
-1.053104138606801
-0.9959419710431613
-0.9434535219845146
-0.9079503766469901
-0.906149722543121
-0.959884162865231
-1.0968574255695707
-1.0833392315473012
-1.0708474921923767
-1.0822293419946938
-1.1046679498045169
-1.1291071945871396
-1.14963196561669
-1.1628943583706737
-1.1675857661252762
-1.1639548672514053
-1.1533715082114848
-1.1379364822569968
-1.1201372038267716
-1.1025492786460227
-1.0875839695261376
-1.077281557865208
-1.0731506008493135
-1.0760530843545515
-1.0861354715498175
-1.102805647200328
-1.1247557576719016
-1.1500309466359746
-1.1761439864753775
-1.2002358053908537
-1.2192819102083232
-1.2303447048869036
-1.2308717047276698
-1.219039646283167
-1.1941444929676717
-1.1570373363681998
-1.110606193256261
-1.0603036983003649
-1.0147206924792747
-0.9862057071960053
-0.9915303440925739
-1.0526005505654972
-1.1972137909820377
-1.0756186955658766
-1.0572589020086367
-1.0629030978376084
-1.0799008736138787
-1.0993372907139263
-1.115414643655537
-1.1248801181244592
-1.1264993447018143
-1.1205758482922554
-1.1085163932528654
-1.0924422242228147
-1.0748462026537597
-1.0582958390409922
-1.045182220855335
-1.0375148361757884
-1.0367622930229239
-1.0437389343930223
-1.0585373489929686
-1.0805067776758825
-1.1082774155775124
-1.1398306099533613
-1.172614953716575
-1.2037082746765693
-1.2300255204784094
-1.2485725392429354
-1.2567457559076385
-1.2526777442682815
-1.235628694721273
-1.2064237777067846
-1.167936402852617
-1.125617373818818
-1.0880699388430437
-1.0676707369866736
-1.0812366400816649
-1.1507374903781662
-1.3040547338928712
-1.0660309213682764
-1.0401549594304451
-1.0385526034850023
-1.048739693245397
-1.061941994529815
-1.0724784237192002
-1.077190167916028
-1.0749157008038226
-1.0660116942074245
-1.0519198253540047
-1.0347794798348309
-1.0170863502677756
-1.001396930660577
-0.990078906474849
-0.9851074403908333
-0.9879073537729075
-0.9992412038358329
-1.0191432565117602
-1.0468993550179717
-1.081072684125385
-1.1195754301277927
-1.1597863365118564
-1.1987141553278509
-1.2332069942611479
-1.260207559404459
-1.277054293730819
-1.281828411267317
-1.2737468269695844
-1.253600982297019
-1.2242415664887665
-1.1911091335404458
-1.1628106148816229
-1.1517417277540352
-1.1747552792905611
-1.253875366294938
-1.4170574707222334
