Predicted value
-1.532762136690394
-0.7646760810980027
-0.5334876282562391
-0.45038121478029325
-0.32036973549067227
-0.16943589831161177
-0.09284987842418424
-0.1380398300579948
-0.27081143007569697
-0.4030956869792943
-0.4428456494201387
-0.3347042266152567
-0.07638988002434566
0.2892557239801885
0.6972427349508923
1.0861489441930678
1.4164519957797506
1.6764183405807525
1.8761296702322197
2.034548176661512
2.1663798309472146
2.2746137502363046
2.35153275582513
2.386868441061632
2.3781146975892065
2.336302041577998
2.2818539921695447
2.2297908195257614
2.1706711888820065
2.061004184865059
1.840558989402819
1.488540928770898
1.108969728792303
0.9895843297621099
1.49939018604762
2.5689681426961215
-1.2146701480917272
-0.7781019326085357
-0.6861306518438823
-0.6503821005543955
-0.5095946854848563
-0.29680355239860035
-0.11143914712735992
-0.012595049586652252
0.013617277444193832
0.030337481191750726
0.10583158168552198
0.2779697265621097
0.5410221419759385
0.854393968549501
1.1642195433283078
1.4261821179101628
1.6202510581171143
1.7530631333926863
1.8491457866607854
1.9362572450121047
2.0317178456768894
2.1355014058322945
2.2326147571539225
2.303095181865974
2.334296505454926
2.3284794280952936
2.300119306886762
2.2620492120143805
2.2066847624664065
2.095838672598889
1.8761607723200036
1.5315641097151644
1.1621914632980257
1.0335027428217316
1.4603680156773464
2.2714252114306532
-1.0368962964444108
-0.8026748528923804
-0.7748019914722875
-0.751587514884335
-0.5971777412165267
-0.3448235326254192
-0.09097452103140213
0.10143529748627556
0.2340717251995592
0.35270438784741476
0.5080338882047202
0.7246618783416232
0.9906945922837505
1.2672041247910135
1.5086874054850705
1.6834815864681176
1.7855656194576
1.8341715100633196
1.8629310793157567
1.9041261077402698
1.9749659880220607
2.071506396144316
2.1724458141560183
2.2507844032950213
2.2876935179675217
2.281366888465338
2.2451213657234703
2.1938004641830426
2.124687358322795
2.0063394999808963
1.7921491100327946
1.469584150146284
1.134143129580126
1.03120234804922
1.4308636128296826
2.0828089130801573
-0.9584187124656864
-0.8392497583698741
-0.8293540689130623
-0.801651509261859
-0.6392323894626628
-0.3707765929721205
-0.08478097130819862
0.15764818728795582
0.35204035916930687
0.5326556491380718
0.7375525537301937
0.9814661870868087
1.2478699484230962
1.4990875550092042
1.6958023993518312
1.8154676679256672
1.8617151858818954
1.8618044287005966
1.8542872030829827
1.872679147875489
1.932056441792295
2.023998358591053
2.121803479351687
2.1936212638200456
2.2175466726753563
2.191244229357659
2.130280644164526
2.0542270525630935
1.9667865591737534
1.8433717573546586
1.6428387401660292
1.3540958788361657
1.0663211406554893
1.0058602385880846
1.405537143826507
1.9556755311799066
-0.9351506140067727
-0.8729971336443896
-0.8539315938593575
-0.8148740904857732
-0.652936177677276
-0.38912450211334004
-0.10079786557981407
0.15664456810084104
0.37701460243888407
0.5874955332224845
0.8173360888771795
1.0741162180563806
1.337942528606502
1.5721215529303354
1.741855764737961
1.8309686634202091
1.8493636875013055
1.8288067825078471
1.8095893850935552
1.8240262138879357
1.883653981745013
1.9753289149403224
2.06782999327798
2.126272845454557
2.128104122924142
2.073075728057456
1.9813399399181055
1.878796872887178
1.7760736563859778
1.6546617420417729
1.4769306126336614
1.2306395412599347
0.9965668276247825
0.982475215252606
1.390118599037578
1.8673673629903078
-0.9301591264577951
-0.8873503603595623
-0.8441480604300011
-0.7921323590304041
-0.6387781789772475
-0.39567777518882963
-0.12731486174509854
0.11903515143166388
0.3385081315742804
0.5544543893786567
0.790230228906921
1.0483890692856148
1.306711590286822
1.5293419465784819
1.6847664974103078
1.7611077077199233
1.7719905818509436
1.7510586218100201
1.7380177583516339
1.762274568591377
1.830944133956021
1.9261796431276101
2.0131030933325365
2.055314404289909
2.031494249157271
1.9453683220498865
1.823181159774448
1.697934725738527
1.586956309622732
1.4764955303670981
1.3301675895077367
1.131879903245256
0.9518991794915905
0.9796373798440214
1.3911392767255677
1.8065610952886004
-0.917691363330789
-0.8707461834227956
-0.7961465244321744
-0.7318902966140115
-0.5931797478332896
-0.38152808433871854
-0.14795678239188348
0.06962393977690695
0.26959550897603357
0.47374068793438595
0.7016799626459842
0.9525792275416862
1.202740852447465
1.4171001859216588
1.5665509629366872
1.6420065894867992
1.658959385664898
1.651048151217786
1.6557825140381246
1.6985587865142795
1.781620627101221
1.8826539164612772
1.9639655743409994
1.9889078457808496
1.9388325940721916
1.8227447843641957
1.6738502873198615
1.5324218399967475
1.4217821636524413
1.3313328629910939
1.2236116887217285
1.0761175806680399
0.9467197233952263
1.006766049451386
1.4114133598635306
1.7660652782915918
-0.8834486619982158
-0.8188312314779864
-0.7104270507096828
-0.635356787220104
-0.5147234214537519
-0.3401239739389439
-0.14941885393638898
0.029165818485923367
0.19828408599158376
0.3796234075435858
0.5905996982018449
0.8282216436050897
1.0679939506549525
1.275670852724222
1.4239672252120052
1.5055403862234564
1.5364670233889666
1.5491117581636302
1.5777611748828766
1.64318989432384
1.7426650397194143
1.8498043106637305
1.9249097316920152
1.932136943277592
1.8565777675324862
1.7133576281492817
1.543025008413323
1.3928623683095642
1.2911900349981371
1.2288611490205823
1.1651434600392925
1.068893401973412
0.9840916071845527
1.0645366901688078
1.4489823772375416
1.7395410313144453
-0.8228310307646893
-0.7340466354491753
-0.5925243716801845
-0.5080286172965174
-0.40636189561460867
-0.2699793050301551
-0.12454193258648516
0.011025252738690483
0.14397926091446855
0.29675375640043666
0.4855847551736725
0.7062161239845811
0.9338908987949056
1.1352610370775131
1.2845045785716536
1.3753443525218239
1.4236174630842748
1.4596367738971505
1.5139051671267496
1.602350625032174
1.7174223090017156
1.8291819298132777
1.8966902972631456
1.8857633086607914
1.785992305498526
1.6190915738949982
1.432962695244619
1.281340420765848
1.1963919002482046
1.1687638990153575
1.1525177041104477
1.1060659320219486
1.0585019143877474
1.1469145127717297
1.4979249899573404
1.7205056176262588
-0.7383187857798816
-0.6239114585105199
-0.4519952325010195
-0.35920185663520954
-0.27529976904160236
-0.1748020405854831
-0.07259617729843626
0.020800502823480116
0.11705371693700162
0.23969598665304503
0.40440555192593935
0.6062780143356101
0.8207056277752857
1.0153476916595747
1.1656608017484933
1.266041733062318
1.3316235433435548
1.390274461791306
1.4685143561279583
1.5774933519178593
1.7051923733116252
1.818696423342326
1.8765268257807486
1.8468387286340775
1.7242198898505174
1.537141454655875
1.3405891649228612
1.1939979097417532
1.1321802122298608
1.1440546657649966
1.176873180314164
1.1772938982233185
1.1590578784199792
1.2437462322041455
1.54996319312815
1.7025049172778495
-0.6367382223730829
-0.4988744703194925
-0.30069569659964657
-0.20053077484558912
-0.13171437922795093
-0.062285344763708395
0.001920488177248103
0.057553657104634226
0.12011829085660253
0.2142326873182867
0.3553276395435263
0.5382457491201262
0.7388318553209847
0.9258757274424352
1.0760537804616463
1.1842609130700308
1.2647345227634506
1.342796660889107
1.4410550196868657
1.5661636841793543
1.7021131436073018
1.8136179733568023
1.8592858443177365
1.8101251431689422
1.6659919728425718
1.4620399280991994
1.2598620889387904
1.1237232557984078
1.0899017646743967
1.1442620488842223
1.2260173519159352
1.2692690231684196
1.272473527965488
1.3432615234668788
1.5961926213248319
1.6797367520718467
-0.5268479732165474
-0.37026722894907493
-0.15096831807842648
-0.04433182453043116
0.012918331376631897
0.0576137294976391
0.09109340777887098
0.11572901030230476
0.15004369925537286
0.2194686853830845
0.3392645493466149
0.5042427182874639
0.6909125621332773
0.8693169645824323
1.0173791146521554
1.130471310606922
1.2219424204621259
1.3146782441884342
1.4276374424128941
1.5634043175138657
1.7025315852833423
1.8079633234476362
1.8389324711990995
1.769661108593716
1.6053523432334431
1.3875727337139667
1.1838943289231172
1.062480801950073
1.0599681176199782
1.1580699401027559
1.287116754199328
1.3683465740525236
1.385499003016676
1.4341272427947445
1.6285542494523781
1.647697251579956
-0.4174609098871258
-0.2486474297738539
-0.014095052429240695
0.09795169493098399
0.14742466504311835
0.17439406974659022
0.18545905038730837
0.18717505303845705
0.20012286107728983
0.2501041160828317
0.3521209850708319
0.5010438868789113
0.6741821234454365
0.8429430678331886
0.9865761283440743
1.1010146452007374
1.1988626196729566
1.3008239832421693
1.4225987467009191
1.5632152602938028
1.7003725404340266
1.7958114537366325
1.8098349396237217
1.720097177421585
1.5370614499744333
1.3082822031688321
1.106575318949313
1.00305388116356
1.033706527764818
1.1752427499911313
1.3486417924798921
1.4624330842631892
1.4866523709502104
1.506902307699093
1.6408689141242405
1.603628265625531
-0.31616461813734986
-0.14265114995251338
0.10081524148544929
0.21691058886885628
0.2622075107183335
0.2784413660165903
0.27561310975319486
0.262929441251881
0.2620140578081669
0.2985025616041068
0.3869425581460537
0.5222581547753429
0.6826312021754944
0.8409258528656597
0.9778229285379865
1.0899632715991188
1.1894350296974048
1.2951040404855911
1.4198761505593267
1.5597793208388868
1.6902402346050853
1.7723118501438502
1.767714441981532
1.6576229895204935
1.4575339325747538
1.220442677938916
1.0236030783794154
0.9401408404502871
1.0045141411905627
1.1878173785831336
1.401560966463908
1.542132237052602
1.5672520596452202
1.554877822901446
1.6293930919647153
1.54668334435803
-0.228605995654533
-0.05835990401226354
0.18746230548980236
0.30588133534219963
0.35009045079503665
0.36204136655171126
0.35340904481786417
0.3345996465372707
0.32728371234597997
0.356362601038859
0.43567335411028996
0.5601239724191976
0.708791325796294
0.8560643614473071
0.9841653399909455
1.090618659875414
1.1872698240939183
1.291535562049992
1.4140239072917384
1.5483239960767157
1.6681433317309873
1.7342974798592954
1.710174810396978
1.5804437145269767
1.3652903352744816
1.122511771030752
0.9329526924288615
0.8708499173982744
0.9683786694466763
1.1906387321908731
1.4398700231951338
1.6012369589134963
1.6218329289706688
1.5743713067981702
1.592939754741053
1.4778183097321573
-0.1582492645009097
0.0008801879191935313
0.24255035211085385
0.3612229793909023
0.4067263672808821
0.41995292691763453
0.4127097160938167
0.39528973227734454
0.38848949208718775
0.41592614655824756
0.49044972158172406
0.6068439071335121
0.7450643722087296
0.8810656290247882
0.998710442268781
1.0965865860798414
1.1865821115532997
1.2850643777513622
1.40083932378705
1.5255981420575302
1.6318363139906633
1.6805108352439813
1.6368368971460747
1.4888477952116772
1.2609822278771399
1.0151336836381104
0.8348736186437808
0.7946999868864002
0.9238849910788787
1.1813675617006467
1.4605900833728072
1.6367018761621388
1.6480738530790688
1.564588852041453
1.532654824743787
1.3994626953416116
-0.10649076701216131
0.034285591571574514
0.26562632789107
0.3822266674478314
0.43062487087721024
0.4495838824283247
0.44972551480774037
0.4400986383489478
0.4398226831167582
0.47073761637415856
0.5444409437606386
0.6554669065099871
0.7846052508026418
0.9093884031731841
1.0153963525201954
1.102444452181919
1.1827360947517316
1.2719738207635003
1.3776325902283846
1.4900070618365004
1.580830796849873
1.6115075562129206
1.549153798760844
1.3849542606326832
1.1470913161433627
0.9008072930525535
0.7315400432199366
0.7132617550344387
0.8718508342422497
1.1601098628529911
1.46338674687048
1.6482466467475732
1.6463805123962132
1.527185599603058
1.4515584641368946
1.3150508590070729
-0.07300940191370842
0.043219575099215035
0.2586617345898503
0.37075047585528154
0.42288367729664955
0.4508482967240717
0.4630118946570754
0.4662581390761922
0.4773741252869961
0.5160152083029779
0.5922958657580668
0.7003759721553161
0.8218149656306588
0.9357073168897776
1.0293969324775893
1.1040614609589938
1.1724623748871152
1.2499881463870572
1.3432126039515366
1.441483751735492
1.5161608820013555
1.5293288158138951
1.4500057891600302
1.2722465861721082
1.027417841017317
0.7833425622538746
0.6264856680166055
0.6295777655052257
0.8147355350855543
1.1288155093083407
1.449958875051589
1.637736442858806
1.6192628908235065
1.4656518592231151
1.3539598411468745
1.2284949239838738
-0.05624126507160554
0.030640228970071348
0.22548055982953485
0.3306782938389361
0.3867193214324871
0.42579750450521914
0.45321612091900043
0.47299802949354586
0.4991093275931462
0.5487182712313019
0.6302781668220849
0.7374629502758906
0.8525251329851767
0.9560783356244018
1.0372424057300687
1.0986532636416158
1.1538311606449279
1.2181549993606278
1.2976755089470622
1.3811858978892688
1.4399956053342935
1.4370395557113407
1.343176578420606
1.1549996428657194
0.9064699789370602
0.6672221910135194
0.5239448256078574
0.5474875266595807
0.7559516136704936
1.0905778222578686
1.4233286629103983
1.6084683784911213
1.5706299505283354
1.384636644884111
1.2448410684849165
1.1436727017421333
-0.05388530329594232
0.0005050648184692363
0.1711257246023763
0.26729484098384404
0.3268889806035631
0.37811639978438905
0.42266432721510583
0.4612292025893634
0.5046429157689345
0.5674003276601733
0.6561791523475378
0.7640785785463678
0.8739613361753259
0.9678921311526567
1.0367418938633917
1.0846565949060525
1.1260666214735773
1.1765921821482945
1.2420815655858037
1.3111050007687597
1.3551860564232874
1.3382217945683053
1.232802197422357
1.0376934918037266
0.7888507383909027
0.5569678837797332
0.4282021201436321
0.47096246225341876
0.6991857295528332
1.0489414508734987
1.387139658900388
1.5644677287031392
1.5050997696184396
1.2892978495891327
1.1292861312025906
1.0639877138819145
-0.06336919001569186
-0.04279451361330189
0.10123964548718334
0.18665450371938874
0.24908292660749964
0.31256603525904225
0.3748711661094184
0.4331277702392642
0.494896059673799
0.5719315143396457
0.6690915884483171
0.7788407319797187
0.8845673878902893
0.9696963460835029
1.02678756476503
1.0615022340142295
1.089279371390133
1.1261744476220075
1.1780949861408727
1.2336614278094697
1.2648204508971628
1.2364961339808949
1.1228658589208287
0.9244879722765804
0.6787172242393507
0.45658726267976846
0.3430278730287559
0.40352911380894607
0.6478082363187623
1.0072978932597847
1.3450410974002054
1.509869795386379
1.4273963915380676
1.1847429724104188
1.0120079307875613
0.9920393947172386
-0.08222792386524702
-0.09491704146574875
0.02151473730548048
0.09500345245362496
0.15935029384221622
0.23443798679126182
0.31403977097202507
0.39168967029896784
0.47170748752678104
0.5631616458864168
0.6691158261052598
0.7813716301400887
0.8837602974860178
0.9609551637695781
1.0071070847986356
1.0293510088963194
1.044179670233727
1.0682207193941438
1.107645003004826
1.1513416681692843
1.1718416664290272
1.135124509638914
1.0167907293999257
0.818809277154449
0.57936308502545
0.36915217702487835
0.2712502833054371
0.3478317439319678
0.6044226086366855
0.9684196852908968
1.3002086353791853
1.4484354986894452
1.3418779181797404
1.0755993158703987
0.8970040747776267
0.9294224548067973
-0.10836951381389781
-0.1519422228092253
-0.06275033810702269
-0.0017046692152220544
0.06360246271362158
0.14906825108991129
0.2446026723394219
0.34030864068570654
0.43745253880799684
0.5425792458195804
0.6570537806120617
0.7720191478018905
0.8716700622054514
0.9417987433258778
0.9780149181966681
0.9888410055568029
0.991816861675979
1.004224462762775
1.0326480538910823
1.0664149013941477
1.078761748923144
1.0367263450769242
0.9171607467987246
0.7230770031290392
0.49295137765200014
0.2965347703289898
0.21449011703475618
0.30535983774214803
0.570580005902761
0.9341581740570408
1.2550256934539377
1.38322349373939
1.2522161842846984
0.9657300253832091
0.7873518056721878
0.8766572342505867
-0.14022101213754468
-0.21061731582643972
-0.14697125368165587
-0.09817727690955991
-0.0327794249824187
0.06144095672360983
0.1708370987969836
0.28241347272573325
0.39470794467820003
0.51200528527519
0.6341298333517326
0.7516009192704561
0.8489019333652787
0.9127985294937064
0.940196317410486
0.9408772279062831
0.9333733654435182
0.9356523786847388
0.9548130096070683
0.9807475722084468
0.987488971465261
0.9431208051157722
0.8255796056498669
0.6385795976813939
0.42040398878783675
0.23930609058900132
0.173061764151214
0.27634373870536777
0.5466618475972269
0.9053074802519117
1.210927624850017
1.3164202923994885
1.1612280786352258
0.8580935880913714
0.6851357843259791
0.8332389283779094
-0.17676319828845521
-0.2684817691967538
-0.22747354967686562
-0.19002906288036314
-0.12522203580121882
-0.024103581163679166
0.096572362288188
0.22118476983517477
0.3459843964744356
0.47334480398205225
0.6017622161531841
0.7211944674187509
0.8163433790337429
0.8747890234537514
0.8945424017696885
0.8864794515459173
0.8700259493861291
0.863820874781596
0.8755354888961863
0.895718585796677
0.899266723947032
0.8552912909344664
0.7426612107896943
0.5654890363142395
0.3614364087297719
0.19678446244267556
0.14602676589246089
0.2598038349963254
0.5319154874363572
0.8816196541451751
1.1683937263581896
1.2493133053036303
1.07084297305067
0.7547301478221087
0.5914899880137057
0.7977834685375456
-0.21747302766564758
-0.32388470809007686
-0.3015732952475574
-0.2739118564138039
-0.21012454393914837
-0.10405500202243978
0.024993792511352808
0.15935810262482875
0.29353558267705493
0.428406206969536
0.5613950909624462
0.6819833000101108
0.7750247521657957
0.8287434730180279
0.8420416806899349
0.8266910556273278
0.8028741188190305
0.7898469352415536
0.7958745102243291
0.8122249603349876
0.8147107299049456
0.7734555145191764
0.6681320587426018
0.5029926752980987
0.31471372027474964
0.1672078762898192
0.13137295362683543
0.2537258045774129
0.5246152992736453
0.8619435007788496
1.1270599706949866
1.1823801727829455
0.9821800071954705
0.6568484188734445
0.5067269222074771
0.7682417442247953
-0.26219956650686527
-0.3759174348254817
-0.3675614206054192
-0.3475430982490053
-0.2849220345220971
-0.1758217042161352
-0.04146253334855299
0.0991100375287739
0.239241849134326
0.3787874664425954
0.5143909978881689
0.6351584532619187
0.7260323305234657
0.775700751429137
0.7837233662892438
0.7625417991297476
0.7329258441375768
0.7146605968682915
0.7165955116958361
0.730758739639886
0.7339222230639018
0.6972157789026694
0.6010174299607955
0.44951176951976024
0.2780953194717495
0.14799641146065395
0.12628421885523156
0.2553264479765023
0.5223136954056318
0.8444520149755137
1.0859181631757728
1.115461073899878
0.8957029776358603
0.5649818961144248
0.4305234688360997
0.7421515492076054
-0.31100186500805194
-0.424286960118863
-0.42461505488806495
-0.40965347321827394
-0.34806538838846635
-0.23773747519749477
-0.10113708140368605
0.042016201811815534
0.1845591745152957
0.32582093972555737
0.46197585267693775
0.5818675688449393
0.6704651604283078
0.7167336700206812
0.7206410471429805
0.6950510160615644
0.6611246578407387
0.6390603620043575
0.638258209794857
0.6515307192250986
0.6566497655705779
0.6257594219876064
0.5398788675199153
0.40297197600178103
0.24893193295591232
0.13606695707409588
0.1274623681536171
0.2613712584287171
0.5221434193606971
0.8269204225137097
1.0435645742179078
1.047978433594091
0.8114188193071321
0.47918197896829184
0.36213251827658155
0.7168976485376248
-0.3639766141095748
-0.46915716365619176
-0.472660796097756
-0.4598766765062301
-0.3989385401877925
-0.2890047619208058
-0.15311304200885267
-0.010933783216700466
0.1305196593804856
0.27056396248337666
0.40522415897280495
0.5231991944100903
0.6094229328187208
0.6529450210339238
0.6538816516823253
0.6252544067031427
0.5883992296912167
0.5637903500245809
0.5613256400117532
0.5746148110461545
0.5824710507776187
0.5580784129024726
0.4830697942289148
0.3610908554151565
0.22437847128822297
0.12816271937987683
0.13146296270539448
0.2685055222174848
0.5211332824334591
0.8070178363714087
0.9984623180839813
0.9791699194173162
0.7290874693438418
0.3992178750959141
0.30059238920200926
0.6899540453506319
-0.4211001598440589
-0.5109820944770007
-0.5122137590245259
-0.4986040513967538
-0.43773445192612215
-0.3295943882878767
-0.19713966841431851
-0.059281344737496244
0.07776789206215406
0.21382049093701827
0.34507026439253313
0.4601883000177437
0.5440106399888042
0.5854764526122841
0.5845837783288362
0.5542371390526902
0.5157164882194327
0.48961839332925566
0.4862715821974882
0.5000881871451546
0.5109677924965634
0.49317927220282987
0.4289786963098528
0.32165031727493965
0.20168950624246113
0.12116352290155841
0.1350107849898391
0.2735646664092488
0.5165035823562416
0.7825797245921216
0.9491860433457306
0.9083050311618255
0.6484154675102047
0.3247579350121228
0.24491115585426115
0.6590881289770749
-0.48210425317262207
-0.5503518412306079
-0.5442131202880134
-0.5268245095541673
-0.4653094712801735
-0.360120369085271
-0.23353026757261386
-0.1030203080064429
0.02661792284261555
0.15617939871172581
0.2823318843695264
0.39382955096689287
0.47534654314215746
0.5155163634581097
0.5139509177757686
0.4831578335426632
0.4441216621929661
0.4173970595359719
0.4136668312855908
0.42814608182977143
0.44187101153415964
0.430259142295686
0.3762343694583839
0.2827273921166654
0.17846991741958027
0.11234893432455767
0.13526680223900878
0.27383594459440963
0.5059139063050431
0.751834891466471
0.8946240093129818
0.8348620777189435
0.5692121214117556
0.25551355462449976
0.19420956404326972
0.6225131306950118
-0.54639854523613
-0.5878660338925101
-0.5698703687507987
-0.5459663555387486
-0.4830325454907989
-0.3817057367212744
-0.2630499495809451
-0.14250872689303984
-0.02288238662707065
0.09805704951833483
0.21773420819985068
0.32508712975059356
0.40456247294121317
0.44429580502903393
0.4432482597980128
0.41325158489007924
0.3747526459562424
0.3480940849480093
0.3442297617391592
0.3591756028358969
0.3751599706193857
0.36883021859877274
0.3238545140722171
0.24286386438443403
0.15286070701701476
0.09959393075538348
0.13002635921496875
0.2672515128615134
0.4876440096181145
0.7135686234297101
0.8341204740853625
0.7586500427599727
0.4914946001925564
0.19133414321232323
0.14781343040706219
0.5789824454586778
-0.6130460165944669
-0.6240440642918514
-0.5905412258574145
-0.5577530106715152
-0.49264164166002367
-0.39585157601909327
-0.2868048155236007
-0.1783821357672557
-0.07088973435600732
0.039734900393959105
0.15192611809792733
0.2548932792721671
0.3327891004117314
0.37306529443737035
0.37377604737278797
0.3458048452645819
0.3088211966084574
0.28278426436123266
0.27883266001264195
0.2937793913611304
0.31110494675939254
0.3087821109412278
0.27132670708497497
0.2011633714351317
0.12364832352766028
0.08148537682031409
0.11783700049236723
0.2525016601801062
0.46069713585441074
0.6672122074198716
0.7675496838204188
0.6798679480260468
0.41553612180567967
0.13224912183992998
0.10529355233651927
0.5278262100132309
-0.680790902684123
-0.659275155931681
-0.6076268257249211
-0.5640797519297003
-0.4961152535632767
-0.4043173141279306
-0.30614035227472947
-0.21147540460456948
-0.11771287694639798
-0.018613412227753257
0.08548383478539417
0.1841316784134076
0.26112297594596545
0.30304988122539545
0.3068172106521666
0.2821001334813253
0.2475590132299336
0.22260080629324333
0.21846169360153883
0.2327467918022886
0.25025126170336537
0.2503793186709561
0.21861873357348938
0.15731281940263353
0.09029430720916853
0.05735620153836807
0.09803302321583296
0.22906564675953756
0.4248237330857443
0.6128574299420628
0.6953208796537051
0.5991020992795946
0.34185876052723785
0.07845981828347703
0.0664575751792924
0.46893647503232216
-0.7481327967920066
-0.693806009088604
-0.6225047615497772
-0.5669139620248167
-0.4955625593806161
-0.40901623857945957
-0.3225529065216928
-0.24275659551091877
-0.16377192740611246
-0.07690729723790513
0.018901137972269333
0.11360573681997156
0.1905763069612592
0.23538423179125692
0.24356172588911446
0.2233335758548861
0.19213214521239813
0.16864993317548913
0.16413453631954678
0.17697671933749137
0.19334887854838448
0.19419822210223495
0.16612277207118564
0.11153271719390433
0.052889997713644485
0.027242197902855758
0.07069191683570658
0.19716559568394498
0.3804713578873471
0.5512022540041888
0.6183209897920738
0.5172684293515442
0.27117873610695753
0.030289907811404504
0.031303460381487014
0.4027119136735138
-0.8134359089871595
-0.7277593213566718
-0.6364864347247234
-0.5682174458261251
-0.49313205137950256
-0.4119266343591761
-0.33761464857078405
-0.2732728332645413
-0.2095687662439356
-0.13515516175690712
-0.04743124489948264
0.043995457842345195
0.12201417000614473
0.17103342619619005
0.18501431876100433
0.17051273354190133
0.14353192481372865
0.12189756844439498
0.11678505206804304
0.12736211187409158
0.1412378711957455
0.1410142650813859
0.11454443484328403
0.06446772283012277
0.012047862529880438
-0.008226758444390775
0.036524696296026116
0.15765562414841494
0.3286731005056762
0.4834401221296356
0.5378075437379701
0.4355125550445109
0.204316905174462
-0.011892696165475058
-5.2192869070211145e-05
0.3299759574413059
-0.8750592375404267
-0.7611733410169848
-0.650794092522375
-0.5698864153261312
-0.49093560072071796
-0.41501615817824167
-0.3529097321820762
-0.30410554363337905
-0.25566523890424697
-0.19345685383433653
-0.11325178347852996
-0.02419069172769503
0.056086763442969284
0.11070822718588227
0.13189538246782817
0.12434563454469241
0.10245431555536877
0.08304089577104287
0.07712863491937307
0.08465029698612025
0.09470475240326477
0.09165489338804383
0.06475273051721167
0.01703389335009694
-0.031253722821196345
-0.047983992582341706
-0.0032826456500454904
0.11186347626143167
0.2708917116900449
0.4111098646852982
0.45526847408891324
0.3550838083996233
0.1420902609080006
-0.047767130766960264
-0.027455913108866525
0.2518833807666283
-0.9314918361420297
-0.7940509270820542
-0.6665491936913739
-0.5737029727283556
-0.49098314834775536
-0.4201753128235497
-0.3699776253878757
-0.336330704531425
-0.30266411760216105
-0.25200666010056366
-0.1784528067327455
-0.0906607034228045
-0.006833859533347433
0.054785511358824625
0.08454703231164191
0.08513412320873998
0.06918192406425534
0.05238010550157385
0.045524512851301456
0.04929649174276884
0.054327700673044876
0.046837015587613454
0.01761033630419006
-0.029757471915614328
-0.07585198325303841
-0.09071133576334689
-0.047256033293605004
0.061405062308192426
0.20883951282749202
0.33592577316873085
0.37226765262731387
0.27720121059152003
0.08520141485866262
-0.07714810650561077
-0.05079420477677843
0.16982965957751617
-0.9814774693587793
-0.8264064136760396
-0.684763360108704
-0.581291402413239
-0.49512261101102695
-0.4291552415582265
-0.39025893363922615
-0.3709791101543367
-0.3511871789693044
-0.3110903161903157
-0.24309607230189356
-0.15537194602116822
-0.06670253081485554
0.0032451919473674117
0.042856909634919754
0.05268540115935558
0.04348377001475711
0.029706588628856764
0.021852373101751633
0.021328810307023608
0.020329983302216796
0.007009095966709944
-0.026195026630848287
-0.07497806653560853
-0.12058585106993845
-0.13503059803918016
-0.0938267520584326
0.007993401856420834
0.14429502652140047
0.259607949357501
0.2902951878840945
0.2029291038263219
0.03414229384161871
-0.10005699071788854
-0.07005230176379484
0.08537504470266555
-1.0241146465693731
-0.8582998332849954
-0.7063240998487927
-0.5940732761130327
-0.5049801322990977
-0.44350551675828864
-0.4150394563199886
-0.4089920723491667
-0.40184520436424365
-0.37106999070769486
-0.3074121900264481
-0.21854389812139624
-0.12382579086561922
-0.04436572971400043
0.00621163482402369
0.026254915063637998
0.024547199805452988
0.014223152080574461
0.00542001263583354
0.00024253672216922612
-0.0075397082365600415
-0.027782562903816813
-0.0662978584360938
-0.11794210680322985
-0.16446556170293566
-0.17968000591823813
-0.1415104114474514
-0.046737461896907084
0.0789361211508035
0.1837316313239108
0.21063978359421753
0.13307806365176678
-0.010874212750120904
-0.11676370722108587
-0.08534501991026389
0.0001914913494616144
-1.0589211017834828
-0.8898505575614806
-0.7319695575151215
-0.6132171345248238
-0.5218973607155366
-0.464509030458216
-0.4453896043826231
-0.45116938010272434
-0.45519615883859554
-0.43235273495330373
-0.3717784789450833
-0.2806442526124455
-0.1788552582448818
-0.0889333030931652
-0.02651024082704878
0.0045316164298818944
0.010954134034583202
0.004509582791871369
-0.005083566861913339
-0.015060891525598183
-0.03008362808389685
-0.05798614503226395
-0.10276291056738096
-0.15832878922216934
-0.2068070989102255
-0.22365694972095349
-0.18905304781183724
-0.10137579732873658
0.014206502886732641
0.10961102961729585
0.134297048073988
0.06814303369775754
-0.04994489225479981
-0.1277919807722867
-0.09691446666373338
-0.08396423885680093
-1.085855934709116
-0.921225883820334
-0.7622495025581699
-0.6395810937388973
-0.5468647781233482
-0.49311329911579715
-0.48209846409629264
-0.49810852003522577
-0.5116900677307791
-0.4953402761554289
-0.43667237348239374
-0.34234465536404823
-0.23274488616976127
-0.1317353283170014
-0.0568991511459673
-0.014326750176884206
0.0007103335665208568
-0.001456736332161146
-0.011578926158768153
-0.026278555413387583
-0.048675552530250486
-0.08458199668116415
-0.13614010741000987
-0.1962533668647986
-0.24731696742108433
-0.2663125700679274
-0.23553025259606386
-0.15482935011062093
-0.04877208431133817
0.03822860404235939
0.0619228971245267
0.008285723671749956
-0.08346442701599521
-0.13388565169487165
-0.10509467412201445
-0.16525335275586883
-1.105297459387785
-0.9526041712013367
-0.7974732712906061
-0.6736498228098498
-0.5804529360938879
-0.5298601885541707
-0.5256044486149709
-0.5501368655522725
-0.5716019300906093
-0.5603610187806243
-0.502600684281852
-0.4044457561201023
-0.2866711001037027
-0.1743568793715673
-0.08692678973210721
-0.03260501716481215
-0.00866817529142851
-0.0062201800170674105
-0.016525006796177265
-0.03564776528052343
-0.06521819537137027
-0.10905762018182086
-0.16745778683125467
-0.232277898973112
-0.28611818669010247
-0.30738917428756685
-0.2803907147254389
-0.20636846305522216
-0.1092351710766506
-0.029784905130287864
-0.006164453284688509
-0.04663735248625489
-0.1120721436490566
-0.13593940610334343
-0.11024874858594202
-0.24174108365186697
-1.1179798771492813
-0.9841163993289257
-0.8376490454879431
-0.7154705826142269
-0.6227464349241014
-0.574818911124253
-0.5759273087188719
-0.6072414502965049
-0.6349570703838335
-0.6275883932942395
-0.5700085485606522
-0.4677750610239916
-0.34191891818085574
-0.2185653202415967
-0.11881193392005869
-0.052890287061822576
-0.020012611715154904
-0.012706693188306379
-0.02278586136459795
-0.04582403989594144
-0.08203608318462885
-0.13331805576065323
-0.19815187455375757
-0.2673589742604273
-0.32371467964988815
-0.3469977656020771
-0.3234418490814406
-0.25561352833616835
-0.16675781343629037
-0.09412051190563298
-0.06993644413359323
-0.0970057247599394
-0.13656397172253953
-0.13490275771468951
-0.11268930674324196
-0.3113782003949481
-1.1248967272155284
-1.0157740415491787
-0.8824222625239742
-0.7645960090679402
-0.6732882196348484
-0.6275297769955666
-0.6326089163840343
-0.6690036975865803
-0.7014562812012743
-0.6969529010996462
-0.6391754178830675
-0.5330649226830559
-0.3997413518195086
-0.2661520312704023
-0.15484690082335886
-0.0778868332279504
-0.036309505343271584
-0.024030347616494217
-0.03344119066756957
-0.05970081795976819
-0.10170890847270343
-0.15953623996269922
-0.229935208059246
-0.3027363522108735
-0.3608978790593559
-0.38553958425532675
-0.36478173009402753
-0.3024715910271818
-0.22118950364744783
-0.1547180140933886
-0.1295684937627617
-0.14333481183708852
-0.15778151717381483
-0.13167090513983126
-0.11259721588220373
-0.3719937157653064
-1.1271831961908987
-1.0473944698370872
-0.9310236888592485
-0.8200436649455973
-0.7310438827304946
-0.6869682188520025
-0.6946723197447495
-0.7345487143270637
-0.7704105823493779
-0.7680579776054434
-0.7101085517827745
-0.6008215017334342
-0.46120327465636346
-0.3187523483357091
-0.19719638814324775
-0.11019812708727682
-0.06047130388421626
-0.04325859914709872
-0.05155251416277288
-0.08018251305682082
-0.12685669311445258
-0.18995436214451994
-0.2646177266788919
-0.3397729849108889
-0.39860585863053394
-0.4235819595127834
-0.40468781262896375
-0.3470329962193718
-0.27255329031955
-0.2116624683000481
-0.1853302445843963
-0.18615957442654807
-0.17649432161739043
-0.1269796147536102
-0.10995641780527521
-0.42131639100745133
-1.1259923399337026
-1.078537321342992
-0.9822393553128741
-0.8802836962271101
-0.7943967893660151
-0.7515396962674021
-0.7606097412021628
-0.8025201210134026
-0.8406970580693177
-0.8401117687961521
-0.7824468417271958
-0.6711983012503528
-0.527024139889001
-0.37765883332026573
-0.24768447928571857
-0.15209232500473385
-0.09508628061764797
-0.07315328484278923
-0.07990215046194464
-0.10992808966242636
-0.15989382229108035
-0.2266530716757354
-0.3038941195397476
-0.3797627398580381
-0.4377510748718138
-0.46170440783919786
-0.4434783515419548
-0.3894441268192138
-0.3209254668324142
-0.2650669497923994
-0.23746918353736435
-0.22592007594258945
-0.19329396175693425
-0.12132303521011423
-0.1045234005615967
-0.4570422756317214
-1.1223816993945945
-1.1084659956473928
-1.0344148078208413
-0.94326588460358
-0.8611846596982673
-0.8191159101129069
-0.828410139729802
-0.8710915634450099
-0.9107477121960947
-0.9118877590400388
-0.8553890387267481
-0.7438895559615111
-0.5974360484434663
-0.443645554333571
-0.3075885734075925
-0.2052709226064234
-0.14216823037425325
-0.11590844238982174
-0.12072648785744061
-0.15108684427125088
-0.20277365772099362
-0.27131011499532487
-0.349120260504199
-0.42372682370573234
-0.47903735641409334
-0.5003352620672121
-0.48136650448511586
-0.429775997935675
-0.36631546899389344
-0.31496119323619354
-0.2861072184006872
-0.26286845479946574
-0.2085191980228771
-0.11491291520353819
-0.09584829742249212
-0.47696259889389125
-1.1172263763725283
-1.1361474416910156
-1.0855047131955011
-1.0064957407225599
-0.9287865146376735
-0.8871210785503747
-0.89563544059579
-0.9380247863713533
-0.9785823404501399
-0.9817266259953932
-0.9276603113806765
-0.818059047463112
-0.6720744008098829
-0.5168222175711412
-0.3774605770615756
-0.2706622418497219
-0.20292874102741634
-0.1729086250160373
-0.17546785301649812
-0.20505108052113824
-0.2567485553937919
-0.324973140969133
-0.4011028900084036
-0.4722229352435446
-0.522789627350267
-0.5396017090215788
-0.5183293566990359
-0.4679103043242835
-0.40856693983297254
-0.3612064170351812
-0.3311697832017835
-0.2970159713285403
-0.22222957667010412
-0.10769477793170523
-0.0833603889129364
-0.4791606404860751
-1.111172195549159
-1.1603004741688565
-1.1331756294453115
-1.0671658939084079
-0.9942654777127302
-0.9526737041018638
-0.959551402972612
-1.0007812856885825
-1.0418938868003533
-1.047589542833946
-0.9975293112731491
-0.8923185865845343
-0.7499174552616492
-0.5965364898698092
-0.4569955745167481
-0.34826164560575934
-0.27759536304640126
-0.24453217622597834
-0.24457027574497242
-0.2722514935929713
-0.32217130975115965
-0.38787261035779064
-0.45992812909031494
-0.5251921542644211
-0.5688206050146043
-0.5792165625196952
-0.5540141684678588
-0.5034641047397724
-0.44729993993929607
-0.40345498835812954
-0.3723646257302162
-0.328135477263805
-0.23424054439171993
-0.09943107639301729
-0.06652389307560824
-0.46227775077686317
-1.1046380840129189
-1.1794980152807284
-1.174964697755012
-1.122343899408472
-1.0545678203476134
-1.0127842812184187
-1.0173143215363791
-1.0566900517782967
-1.0981905663652982
-1.1071693173604356
-1.0628844658705505
-0.964767327833927
-0.8292884138023199
-0.6813405074943213
-0.5449661810323908
-0.4370386563807877
-0.3652975323776322
-0.33002266183130835
-0.32734332546039613
-0.352020041084918
-0.39836302834454473
-0.45929968051289627
-0.5248532300805369
-0.5818672045414013
-0.6163570829913338
-0.6184231318419098
-0.5877017629335556
-0.535771445010971
-0.48191081247456813
-0.44116943415909704
-0.40922249135391375
-0.3558288133549645
-0.24422625676369236
-0.08985328972867279
-0.0450605048138506
-0.42583770354216455
-1.0978703934900125
-1.1923220445955138
-1.208490297442676
-1.169210860246169
-1.106771988964958
-1.0646028912200842
-1.0662084607184859
-1.10316787037562
-1.1449932759106196
-1.1580603023211191
-1.1213730795280688
-1.0330982556701886
-0.9079291347910073
-0.7690333262904363
-0.6392367959255857
-0.5349273851132936
-0.46403850563151694
-0.4274481874107529
-0.421914801016878
-0.4425417040393986
-0.4835690305641019
-0.5375704297423414
-0.594282304650447
-0.6407618460379468
-0.6640442440689632
-0.6560150312595425
-0.6183420410766222
-0.5639348028943945
-0.5116402289097095
-0.47370867285546847
-0.4412045467619583
-0.3796604259121752
-0.25188708345726063
-0.07887464034429215
-0.019223600636440352
-0.3706055651060467
-1.0910439203366877
-1.1975620088659866
-1.2317026752918814
-1.2053372882195585
-1.1483734867602058
-1.10570291470806
-1.103921585649506
-1.1379813193875954
-1.180079707255063
-1.1979811344216968
-1.1706001736985807
-1.0947717504190824
-0.9831483398899639
-0.8567850141539348
-0.7368660660182623
-0.6389108836624866
-0.5707658502544557
-0.5337626481093796
-0.5252873662011166
-0.5409107997150686
-0.5750185236392867
-0.6200918011145595
-0.6658405948437826
-0.6997547397937088
-0.7100397530508287
-0.6904407509965637
-0.6446692062026704
-0.5869514024780416
-0.5357116196413116
-0.5004804708385846
-0.46787189764459125
-0.3993483023885478
-0.2571678246107183
-0.06684320967352875
0.009903928777042381
-0.2989430908326405
-1.084395415355587
-1.1944385643985171
-1.243153777214708
-1.2289739531054735
-1.177582926180448
-1.1343786613773656
-1.1288376546496033
-1.159531432012085
-1.2017585375289945
-1.225036435883378
-1.2083761779209086
-1.1472484086508832
-1.0520395151361912
-0.9413404596041576
-0.8342982566282111
-0.7452024062220133
-0.6815453592848759
-0.6449752098338551
-0.6335063708388111
-0.6432995219251072
-0.6690956624316245
-0.7035363120200362
-0.7365533084153703
-0.7562723513930466
-0.7522003475529094
-0.7199935037231255
-0.6653946790848815
-0.6039095279691371
-0.5535319340555653
-0.5211484967490319
-0.4891015138107475
-0.41499182815406055
-0.26050063515009825
-0.054802612928906314
0.040129576083828056
-0.2151085061176623
-1.0783662350994234
-1.1828256031953117
-1.2422567632852548
-1.2393268587502053
-1.1936060610808807
-1.1499262834334893
-1.140317349834614
-1.167133627020865
-1.209148693607899
-1.2379952030836134
-1.2329941160188995
-1.1882647430496625
-1.1117550494072126
-1.0192921839169544
-0.927635289576169
-0.8495174562948226
-0.7918339637808254
-0.7564248225243106
-0.7419363867875882
-0.745236455314061
-0.7616194490156101
-0.7841222062698157
-0.8031244576277141
-0.807564674572965
-0.7883526724439589
-0.7430757169705289
-0.6794643886432901
-0.61423853692227
-0.5649351289842337
-0.5358706990750086
-0.5053211340391979
-0.42730433024259007
-0.26303470813036967
-0.04471530700346271
0.0679424821680712
-0.12543597667247042
-1.0737225434198479
-1.1634356080837023
-1.229498010364047
-1.2367779433683825
-1.196867119800903
-1.1528698330084677
-1.1389295355397682
-1.161257783801426
-1.2024307798723288
-1.236555471554404
-1.2435085333442517
-1.2161266945029947
-1.1598141430371942
-1.0874020970501195
-1.0129715115080717
-0.9474204450450103
-0.8968368117122945
-0.8631458167698778
-0.8456329093713914
-0.8419814253868354
-0.848218268872465
-0.8579838306657198
-0.8622990565785427
-0.851055336746207
-0.8166278080656599
-0.758515236089818
-0.6863548768108325
-0.6179841588035146
-0.5704368757673901
-0.5455341012046713
-0.517724436466076
-0.4378071924730751
-0.26680434091569616
-0.03959366615893245
0.08843914412537757
-0.03832112342978533
-1.0716154717376725
-1.1379278104906163
-1.206559086379258
-1.2230078777995903
-1.1891314986284272
-1.1450889072228019
-1.1265910620954527
-1.143687326704001
-1.1830313329706001
-1.2215579502744494
-1.2399809977985488
-1.229987925535761
-1.194413483409679
-1.1429430193585448
-1.0867635571468546
-1.0347195214690839
-0.99192287580822
-0.9602993256532757
-0.9397839123535061
-0.9289708927140411
-0.92477239037833
-0.9216043170498527
-0.9112791977758816
-0.8847347885636616
-0.8358261755026186
-0.7658977552159083
-0.686370463157818
-0.6160689658903307
-0.5714579151679322
-0.5519408299255577
-0.5284184081693653
-0.44893413825568196
-0.27477991307473104
-0.04347817409891874
0.0954510217129112
0.03606396223420205
-1.0735415098574919
-1.1088969728506584
-1.17630476077019
-1.2009759271100195
-1.1734822863203527
-1.1298023906000112
-1.1065699136734897
-1.1175531631278872
-1.153696851407676
-1.1951068330497452
-1.2236516994366813
-1.2300736993782728
-1.214702647421199
-1.1840228854260755
-1.1461989193480089
-1.107873574813175
-1.0730631433296163
-1.0436342902965268
-1.0201843805059632
-1.0022960657656683
-0.9878853781501569
-0.9722700769969852
-0.9481519175424393
-0.907552806851494
-0.8457673575293767
-0.7658683798696622
-0.6808928457760279
-0.6104880025104098
-0.5704647868739059
-0.5578929242018127
-0.540449248019577
-0.46399058143341776
-0.2907447404073089
-0.061202865213918045
0.0819381634674734
0.08639668326461702
-1.0811670227245287
-1.0797047369039916
-1.1425973964361624
-1.1747159918701904
-1.1541088595166475
-1.111365976992103
-1.0833090943745138
-1.0871997906706938
-1.118414977618366
-1.1605552967596349
-1.1969947893435045
-1.2178080481371816
-1.2209818694151404
-1.2098490270424915
-1.1895201687115606
-1.1643676641628575
-1.1372467171644582
-1.1099322286892428
-1.0836966564243657
-1.0591650812490543
-1.0353342004028947
-1.0084953166933501
-0.9722755680638029
-0.9197557138092667
-0.8475691893407262
-0.7603459764808642
-0.6725265128243523
-0.6043831265713191
-0.5709721333724183
-0.5671211926577246
-0.5576534555985724
-0.4869162113757781
-0.3189473297397214
-0.0978983420807964
0.0406988183585284
0.10122293724365505
-1.0959923379128114
-1.0541274786307007
-1.1099100976570568
-1.1489196381616513
-1.13587683024015
-1.0948512762891847
-1.062037630206259
-1.0578485543224148
-1.0821464210864318
-1.122317855025201
-1.163618145880994
-1.1958033471986758
-1.214779606552395
-1.2208881537807623
-1.2162584974386639
-1.2030084883931123
-1.1828242907260975
-1.1573830358060193
-1.1286416938370927
-1.09829226601862
-1.0664391574235577
-1.030356109232951
-0.9845630550032105
-0.9231060230010084
-0.8437938274073531
-0.7525887681855918
-0.6650800174575915
-0.601938613145685
-0.5773525506750801
-0.5840084102489378
-0.5842895124792786
-0.5218119512420429
-0.36349624009651293
-0.15820557099326393
-0.034583545962938445
0.07038653159649044
-1.1188527447335375
-1.0358168436168285
-1.0827330469763208
-1.1282983653855156
-1.1236690679495513
-1.0853934338871758
-1.0481526063686148
-1.0350387880173144
-1.0503450210309397
-1.0854834980561743
-1.1279779152323752
-1.1676789600666184
-1.1987728063646945
-1.2188811301990847
-1.2273318760755025
-1.2240914250842243
-1.2097268856045036
-1.1858362706681498
-1.1550625481934753
-1.120153112303139
-1.0822901207940023
-1.0396690708762795
-0.9875963925218376
-0.9209193693396234
-0.8383972069569605
-0.7470504252325876
-0.6633266033220551
-0.6080472332287172
-0.5944104558564547
-0.6130720999925963
-0.6244256140749975
-0.5722182260919872
-0.42749695487814066
-0.24521291396634126
-0.14798136328911227
-0.013168923187109272
-1.1492886436189735
-1.0276041787191588
-1.06480204394596
-1.1167509539926916
-1.1215196777766963
-1.0873245431304754
-1.0463844022082642
-1.0238534738367617
-1.028266732584033
-1.055224314346866
-1.0948962712712187
-1.1376910614980735
-1.1765256398157513
-1.2066820469903612
-1.2249712286096899
-1.2293967338239913
-1.2195120405683477
-1.196875251439312
-1.1648032483198638
-1.1270447878718466
-1.0857666151648457
-1.0399511023286152
-0.9855093774235595
-0.9178574697076689
-0.8364243709266335
-0.7489748338103226
-0.6725001809984281
-0.627712857814446
-0.6266983766990268
-0.6581999785485486
-0.6810934609427903
-0.6401735826227686
-0.5119806775233045
-0.3591886209129882
-0.2997476500768457
-0.15134441855036584
-1.1848678433040192
-1.0307306944895576
-1.0582280321130124
-1.1164100561863695
-1.1316091704233928
-1.1031540919844005
-1.0597985138591404
-1.0279742876471791
-1.0201033837196447
-1.0360260771382364
-1.0688993206024104
-1.1101809621988923
-1.1520445234809102
-1.1879101662752638
-1.212454380177496
-1.221986441314765
-1.215201505340188
-1.193671517664041
-1.1613552936709932
-1.1229005132653764
-1.0812977975237725
-1.0361058487601147
-0.9835857553017302
-0.9194285694478843
-0.8434088058585516
-0.763697175493057
-0.6975067939588229
-0.6651853986694807
-0.6775904220335356
-0.7216750907872012
-0.7552706865697303
-0.7251449441501521
-0.6147479486228633
-0.496265817241067
-0.48471739687755644
-0.33880675700712004
-1.2206126489530291
-1.0441543085860685
-1.0626741807219524
-1.1267079456308995
-1.1532522030999814
-1.1325177430654092
-1.0887439503758376
-1.0486637548089768
-1.0280259790430157
-1.0308121870380855
-1.0534329601897694
-1.0888861917023305
-1.129180401117221
-1.1664329232605344
-1.1936539095243388
-1.205796976342122
-1.2008956872980392
-1.1805966014329514
-1.1494422067578758
-1.112823808709357
-1.0743262944860863
-1.0338014870951664
-0.9875411319355596
-0.9311705720385888
-0.864461517334572
-0.7956514493474174
-0.7418702140842299
-0.7228695470614319
-0.7481816805234409
-0.8030912178435443
-0.8448288947277973
-0.8230073143576391
-0.7293499686715563
-0.6473518065856396
-0.6910097568370759
-0.5612655235875081
-1.248776060736219
-1.0641747587702532
-1.074815779363302
-1.143687311482397
-1.182091869293382
-1.1712944478382141
-1.1299325863440712
-1.083842038412281
-1.0512873432858099
-1.0400925197394777
-1.0500698196365885
-1.0762092144833595
-1.1109553913671455
-1.1457401402149712
-1.1724432610238447
-1.1850575959940777
-1.1811824127322312
-1.162598377804601
-1.1343416720493154
-1.1023373271744505
-1.0704691015687695
-1.038535215608464
-1.0024902397052955
-0.957529133436049
-0.9030775947593703
-0.8471327890038296
-0.806486061295022
-0.8001134491275224
-0.8361573381305014
-0.8983460419223448
-0.9436845700563694
-0.9253660003772453
-0.8445623423002928
-0.7976835501803095
-0.8995250262921672
-0.7946762220784649
-1.2593283140688278
-1.0847338069694246
-1.0884307454508821
-1.1598919727277455
-1.2098192419501075
-1.2111917873673903
-1.1759284755780488
-1.1275149314955941
-1.085617198897979
-1.0613462309649204
-1.0578921943852713
-1.0726048858221224
-1.0989518969790906
-1.1283257650966645
-1.1520573135053054
-1.1636127963282679
-1.160402751036553
-1.1443923116999999
-1.1209866218252271
-1.0963826179763352
-1.0744112831024264
-1.0544244590849132
-1.0316491931185734
-1.0004957782915316
-0.9597469871710054
-0.9169296157088631
-0.8883348403029849
-0.8920704258495782
-0.9348749695200453
-0.9990136959338258
-1.0415205882538672
-1.0196630930831958
-0.944874761061115
-0.9276420850603984
-1.0849454074630955
-1.0061810844609624
-1.2416603363535916
-1.0988902325636047
-1.095607837953171
-1.1653071570149258
-1.2248663431028444
-1.2402229882971127
-1.215443318875515
-1.1699201410123639
-1.1232464592329148
-1.0889444141465194
-1.0733259998076043
-1.0763314167316587
-1.0929798627174154
-1.1152654855121629
-1.1345707299965384
-1.1442898792077627
-1.1418963616637912
-1.12957535917585
-1.1129429077157331
-1.0981634984182858
-1.088625922541441
-1.0828253177174574
-1.0748872114413572
-1.0581418892235277
-1.0305346691743473
-0.9990285910383818
-0.9794035615541716
-0.988939437179944
-1.0330314091686006
-1.0925437471480919
-1.1246111205084333
-1.090696893455899
-1.012731263933702
-1.015676270944681
-1.2192150497388639
-1.1578968516001567
-1.1881875796139454
-1.1021427801085686
-1.0897285013015185
-1.1499821600099907
-1.2146773943089464
-1.2446486057006307
-1.2349762136990363
-1.1988929811399185
-1.1540235141835975
-1.1150365006460383
-1.0908109610640953
-1.0839123384857956
-1.0913336223356431
-1.1062679956331891
-1.120741297325532
-1.1285321126862482
-1.127424528357973
-1.119843614700308
-1.1114334777941188
-1.1079983828218047
-1.1120884001981626
-1.1209570531524484
-1.1273259863414324
-1.1232754619485554
-1.1058957727693475
-1.081707200127262
-1.0661911642020954
-1.0760315302424601
-1.1154455318216492
-1.1639144478431405
-1.1784869236547308
-1.1244132075689066
-1.0335146730370326
-1.0444766833407186
-1.2787995572953434
-1.2150206135191013
-1.1007490435630878
-1.0984810357725934
-1.0710792065338097
-1.1091621801175329
-1.1703493326651504
-1.2131334699004448
-1.2225044189007641
-1.2031119186017651
-1.1682352398081566
-1.1319649708481663
-1.1048239297314275
-1.0917800795124357
-1.0920649621136587
-1.100585730474278
-1.110567297504165
-1.1166146558252126
-1.117061937347613
-1.1145852549741937
-1.1146685589142642
-1.1224373153848468
-1.1392461244494996
-1.1608090750241473
-1.1782892624934398
-1.1825608544279227
-1.1701158883182998
-1.1474671796816693
-1.130327674273488
-1.135283241804558
-1.1656838018674875
-1.1995882960990798
-1.1934258683866688
-1.1151059979758742
-1.0045812017200149
-1.0118899036065159
-1.2574148775434253
-1.1601581306146898
-1.0009447757293017
-1.110286810135392
-1.0561864738195084
-1.051982984377986
-1.0946500521336695
-1.1440768862254238
-1.1741287051876137
-1.1780704443189265
-1.1619206509778586
-1.136937457296952
-1.1139264281188623
-1.0997162432182215
-1.095834531020472
-1.0992983594381158
-1.1050285361468468
-1.1088754170668538
-1.1099591522327183
-1.1112287760860076
-1.1178491579940246
-1.1340086135312362
-1.1596174839024194
-1.1887253011047676
-1.2110318119999945
-1.2165791519798645
-1.2019176285366981
-1.1744292416579327
-1.1510235908909294
-1.149046907553256
-1.1714900723664385
-1.1948815366433365
-1.1740495409857914
-1.0774967867493501
-0.9500226818321664
-0.9484781483939457
-1.1863771924365665
-1.0162916193521028
-0.9458429702298474
-1.1934890379672964
-1.092238280649994
-1.0150434333303338
-1.014673085850248
-1.0573125082559578
-1.104803013268107
-1.1358354059478977
-1.1456663134593867
-1.1398743162333282
-1.12768480244873
-1.1168699487929352
-1.1110599178820308
-1.1096295720011344
-1.1096202836927755
-1.1085265744088786
-1.1065069603737019
-1.1068533306547685
-1.1143377041896763
-1.1320885266173875
-1.158526743954038
-1.1862008170503984
-1.2038269388186222
-1.2014695950570413
-1.1769533666105332
-1.1400076269572565
-1.1102867619211167
-1.1072348422098344
-1.134258059880409
-1.166169928274769
-1.1546551387162083
-1.0655523272856158
-0.9432698697351043
-0.9441153346801627
-1.1652660673762512
-0.8814035141721774
-1.050816699193014
-1.459694955290324
-1.2782645482776118
-1.0824678262269813
-1.00067132707402
-1.0116444268501095
-1.0645340747800986
-1.119893525020263
-1.158099987348102
-1.1755632351225955
-1.1775116149757494
-1.171323471927451
-1.1622553255477044
-1.15212437614138
-1.1404477235355959
-1.126764270679959
-1.1125810117730826
-1.1017129063755853
-1.0986347124964304
-1.1055351351185436
-1.1196350282820262
-1.1325878028825613
-1.1331655284642252
-1.1129816283818599
-1.0731119749008258
-1.0279134822278593
-1.0021009161275174
-1.0191817679195765
-1.0841070536213238
-1.169714310644764
-1.2223166503938216
-1.200353018346334
-1.1401561723430973
-1.1865743361292402
-1.4062195051807294
-0.9784668921042226
