Predicted value
-1.0655500653488086
-0.9024827984035713
-0.672819130020375
-0.4440970569171365
-0.24846703447234697
-0.0946332748643155
0.022904700553088242
0.11692233895387472
0.20249187213934228
0.29362300335151437
0.40121742111968217
0.5320597204604014
0.6885949357524099
0.8692705136090995
1.0692481780723289
1.2813187644525352
1.4968807221412805
1.7068706107234823
1.902561537717792
2.0761731102747167
2.221264097163234
2.332906621377845
2.407668327699143
2.443456593542139
2.4393064754277582
2.395221707414086
2.3122056918250693
2.192647046615605
2.0412518977130287
1.8667427286762401
1.6845712240148694
1.5209201665119374
1.4182970728948274
1.443049876200345
1.695162587180857
2.3207164910998554
-1.178981197782722
-1.022840318004402
-0.7935220644352405
-0.5588711704006926
-0.3517698317536526
-0.18196121863560655
-0.045184529141454544
0.06999059024863064
0.17727005660785666
0.2893492180108663
0.41592962363108876
0.5627613676285732
0.7314613019705725
0.9198850373283367
1.1228582751947336
1.3331006383684727
1.5422027909518725
1.741545263010261
1.9230750190422907
2.0798834334115694
2.2065569598912056
2.2992994064740095
2.3558523506022495
2.3752678539720424
2.357615260068608
2.3037314815897654
2.2151518089162385
2.094385894788476
1.9457311943508628
1.7768437637253554
1.6013139442777682
1.4425220837410002
1.3390770693608083
1.3521680722307465
1.5751875259841803
2.146010987012243
-1.2197209875831467
-1.0760534290844552
-0.8533174426505126
-0.6194778272031682
-0.40796908301094814
-0.22940345180500699
-0.0806014952803581
0.04866705397488391
0.17087205908071468
0.2975088769565615
0.43717652586347944
0.5946708843591919
0.7708433076290793
0.9630026711573951
1.1656664757041473
1.3714942715542413
1.5722642840066416
1.759781746072482
1.92663506835219
2.066743600062888
2.175668359188463
2.2506847337258726
2.2906437800024326
2.2956763680399384
2.266822047942707
2.2056921352877428
2.1143041374963714
1.9952522671679456
1.852406412357207
1.692359557778295
1.5268712749193172
1.3765825230527022
1.276304627127695
1.2822129225324355
1.4813031807143824
2.0034965536487856
-1.2033604096962636
-1.0761777124987235
-0.8647392566290123
-0.6369551741965019
-0.4266436354450106
-0.24512577694100057
-0.0901538734434425
0.04743960332276376
0.1790120197691083
0.3149673142019649
0.46289465801889473
0.6267118971255105
0.8065642503568619
0.9992563656884045
1.1990234590228428
1.3984748843402461
1.5895711080000279
1.7645226839845165
1.9165274508750443
2.040289795352593
2.13229345101624
2.190826925313786
2.2157882713801103
2.208323545579971
2.1703809155531113
2.1042900075607225
2.012503705933428
1.8976672414221847
1.763207029254577
1.6146593417002082
1.4619865239500252
1.323156086115584
1.2292856281553695
1.2316841785365922
1.4111481514418385
1.8898977513313104
-1.143578711291779
-1.035562096562428
-0.838812814764564
-0.6210233129379022
-0.41623738715055925
-0.2363344034617868
-0.07985717667737624
0.06142894070116445
0.19788583093381906
0.33892894050689426
0.4912254862079214
0.657887481414228
0.8384101501999225
1.0291339208672134
1.2240358145091488
1.415683668212004
1.5962142565067308
1.7582239986800179
1.8954885635567038
2.0034553073664023
2.079480104308425
2.1228077534301595
2.1343227694353257
2.116124989039598
2.071012048492316
2.00197841188411
1.911868253861491
1.8033471243705481
1.679384947053105
1.5444705269198478
1.4068053669260596
1.2817522170768072
1.1968414036895343
1.1986656104432694
1.3620214068446597
1.8016834437423537
-1.0522762146318536
-0.9649653629152768
-0.785155484296113
-0.5801698127899408
-0.3841301057001952
-0.20933260704246998
-0.054977791687170596
0.08635864819924793
0.22415373683539647
0.3669318550505191
0.5205214974777466
0.6872971811394706
0.8661571638504064
1.0530152548650817
1.2416126241976535
1.4244831410431151
1.5939333957301094
1.742926183636743
1.8657838535019273
1.9586555465659847
2.0197199769753436
2.0491230278873953
2.0486770617126777
2.0213764669327374
1.970811587933202
1.9005908082927179
1.8139081819695937
1.713421630829163
1.601634350956001
1.4819996941963298
1.3609974153770983
1.2514567996493584
1.1774298084047805
1.1809450062152136
1.331000655246494
1.7351829875987326
-0.9397045659977885
-0.8736708522259833
-0.7120763721214076
-0.5217348857763349
-0.3367086165767845
-0.16957845176023278
-0.02007775543193757
0.11852283520067042
0.2549198836173081
0.3968387750407524
0.5493479860034505
0.714149127670046
0.8895935121622311
1.0712036151334656
1.2525054318423063
1.426005347974209
1.5841727704628574
1.7203173875632203
1.8292775514297
1.907863900453905
1.9550299626177323
1.9717691051186068
1.9607648195248983
1.9258489557206784
1.8713501419001566
1.8014422518732935
1.7196304049452444
1.6285396076334488
1.5301987704873636
1.4270404572769455
1.3238643478172292
1.2310400196974327
1.169252278184222
1.17611988756993
1.3150461812376952
1.6866876517165585
-0.8145940846242479
-0.7695990077205128
-0.626674566027263
-0.45199582922382686
-0.27943795153826234
-0.121743149094969
0.020939169724089907
0.15475184096602665
0.2877092929040348
0.4268247730085558
0.5764810461574701
0.7377677801513687
0.908536458601146
1.0839512852562645
1.2573421678432612
1.421193493485173
1.5681300317737668
1.6917889255675853
1.7874943535899999
1.8526790729026203
1.8870246733305704
1.8923199999172995
1.8720648234877622
1.8308734633999613
1.773760690566008
1.7054198628250197
1.6296308687513215
1.5489630799826155
1.4649661361538866
1.3790690105240235
1.294435428383302
1.219051334330955
1.170347728513346
1.1816898159142954
1.3110910367903752
1.6525381703450452
-0.6842778877791883
-0.6594174167055581
-0.5349355805413222
-0.3762503644287115
-0.216932069186926
-0.06976965009098604
0.06478054196619429
0.19237642781087091
0.3204427107079474
0.45536228934750456
0.6009022559840407
0.757597786615341
0.9228448540889936
1.0914803190257634
1.2566555774501758
1.4108375680198482
1.5467985657462406
1.6584838131006785
1.7416736634006587
1.7943845353725987
1.8169806017883643
1.8119957590740767
1.7836930487908325
1.7374163258881703
1.678816592632251
1.6130630411118871
1.5441764712267319
1.4746503750630693
1.4055526025638516
1.3373281474007366
1.2715512159571036
1.213902366332132
1.1786741282771926
1.195136138977052
1.3161184535893578
1.62919931345731
-0.5548124903153515
-0.5486480324467942
-0.44182567379859394
-0.298898521774698
-0.15302378220337998
-0.0169310891734491
0.10871780456216928
0.2291908783185379
0.35140976105066857
0.48120386547076555
0.6217905124172546
0.7732044431833156
0.9324277415137712
1.0939988109803507
1.2509066774465247
1.3956045103342385
1.5210038804060644
1.6213388957774313
1.6928169818747647
1.7340006950565277
1.7458925836153074
1.731722733880272
1.6964662631404623
1.6461456451105563
1.5870003776619066
1.5246341265428085
1.4632771028131115
1.4053290557194695
1.3513758867386536
1.3009005145175627
1.2539362444396391
1.213938520548703
1.1921785615622045
1.2139900067071898
1.3272273211134205
1.6133223344991214
-0.4310945992079079
-0.441771280949842
-0.3513837240039875
-0.2235227449169253
-0.09083354789357562
0.03411127969845501
0.15053874425830055
0.26341538783885204
0.3792408115164693
0.5033630207695403
0.6385114573932547
0.7842712064791306
0.9372494909889495
1.091713190453959
1.2405037443313438
1.3760634245511254
1.4914345857878282
1.5811211259923867
1.6417290137209541
1.6723303627984194
1.674523158855603
1.6521863662802725
1.6109577681232643
1.5574895155021713
1.4985639870462244
1.4401801829271255
1.3867485020217936
1.340559374754119
1.3017188481639874
1.2687718437529922
1.2402614326574428
1.2175000967003984
1.2088565678756196
1.2358894628175803
1.3416865528126805
1.601796133908062
-0.3169738457803737
-0.34232677937975264
-0.26681037626032467
-0.15296590883514846
-0.03283680088536209
0.08125099167171704
0.18850019663477727
0.2936581213356302
0.40287793576711484
0.5210936743688436
0.6506049118189272
0.7905946921810523
0.9373319147573915
1.084837003999025
1.2258173148266907
1.3527063487158482
1.4586684799012135
1.5384585150570609
1.5890530338107727
1.6099980814482688
1.6034454091710961
1.5738770812661556
1.5275458925501602
1.4716866634521146
1.4135811040982538
1.3595865627650388
1.3142665980669674
1.2797889382471377
1.2557840149396275
1.2398848827739481
1.2291969601929944
1.222973650857024
1.2268015290074255
1.2586263961651385
1.35697914053985
1.5917879545270646
-0.21536122050951645
-0.25301041504317323
-0.19055419271950702
-0.08940696874719155
0.01907047100075733
0.12288043937480321
0.22128132932884104
0.3188772814577835
0.4215453358594107
0.5338684904883683
0.6577707121713103
0.792077570453331
0.9327537884470192
1.0735966288566199
1.2071916573509471
1.3259650494598574
1.4231942311702463
1.493866267398711
1.5353010365191546
1.5474838531247983
1.5330798252052085
1.4971298559201165
1.4464558241529695
1.388830102028306
1.3319921915782256
1.2826228867443652
1.2454139909029578
1.2223992441017557
1.2127397381986549
1.2131847220931629
1.2194563232428928
1.2288343356584688
1.244244848571421
1.280184113970799
1.3708366752052805
1.5807744028489326
-0.1283329974879701
-0.1757675560453864
-0.12439456120245063
-0.03443397906193036
0.06350818449388362
0.1578363937818208
0.24793781184584174
0.33834351252067596
0.4347195650185982
0.5413565040280353
0.6598533223137971
0.7887197468099227
0.9236481831972859
1.058234337959267
1.1849531509099525
1.2962242951905005
1.3854291257304499
1.4477685811719352
1.4808791682559086
1.4851517816706568
1.463725736364033
1.422158013322014
1.367795343817329
1.3089043811330883
1.2536428327674891
1.2089820501268413
1.17971919671531
1.1677447398309597
1.1717586347787996
1.1876561946127386
1.2098322624194855
1.2336799271586292
1.259587648074225
1.2987662766944614
1.381265089437118
1.5665635678395693
-0.05722995781122661
-0.11188218692257776
-0.06952113962179082
0.010885756260759522
0.09955090682704673
0.18534724813103645
0.26785715849022396
0.3516029428961921
0.44209986933254586
0.5434003608096863
0.6568255709270757
0.7806081947747914
0.9101979909873323
1.0390091147638116
1.1594159856698147
1.263832038037381
1.345733325780712
1.400516577446383
1.4261089213179865
1.4232741243963116
1.3955878130773032
1.3490817673512308
1.2915850043476331
1.2318169910517942
1.1783159500196363
1.1383128459191065
1.1166892647272737
1.1151850214135253
1.1320489559404063
1.1623540014148144
1.1992252322234316
1.2362572239873841
1.2714246811723846
1.3128179121916446
1.3865623558401452
1.5473089868998648
-0.00275174334424947
-0.06206178473785088
-0.026609635729303784
0.045938618387565376
0.1266691223145757
0.20498223327519025
0.2807155087603214
0.3584411461219396
0.44357894464360154
0.5399934847182304
0.6487718427645853
0.7679057845150554
0.8926300033085712
1.0161955940235643
1.1308855772871007
1.2291069125974465
1.3044210629985034
1.3524027979457034
1.3712445450041226
1.3620512250207224
1.3287981294138018
1.2779520222238923
1.2177832735715046
1.1574244551682837
1.1057584525292874
1.0702467725352864
1.055836348995126
1.0641107728593473
1.0928794977374527
1.1364261953723271
1.1866650597265298
1.2354814823362748
1.2785611455901467
1.3210392045907244
1.3853288522584204
1.521516186338039
0.03495380548944492
-0.026517773317641838
0.004106256101699332
0.07050088758309879
0.14467322977524533
0.21660283065284092
0.2864360873627041
0.3588482788517362
0.4392143827267725
0.5312574617974168
0.6358710297541413
0.7508394294351083
0.8712078811363098
0.9900814824208037
1.0996600648839667
1.1923434373328645
1.2617691688389812
1.303672689124734
1.3164871077453344
1.3016277775287466
1.2634342517376318
1.208769908418341
1.146307139403177
1.0855536254333098
1.035702842870881
1.0044195714700173
0.9966987966776009
1.013964023935847
1.0535986464598441
1.1091316319644522
1.1713264178160305
1.230449528085692
1.2800230499819076
1.3223927311414656
1.376471083258932
1.4880425015359589
0.056206452064655486
-0.005041415493367984
0.02276691716075343
0.08467840854321376
0.1536604588358266
0.22031658688186798
0.28514956381365586
0.3529856315814994
0.4292010586548005
0.5174199091672511
0.6183795257792363
0.7296878505316922
0.8462243319668687
0.960963790792571
1.0660302403676372
1.1538152822875622
1.2180233213503426
1.2545334681837734
1.2619956218165993
1.2421058484770728
1.1995337969036413
1.1415025144536393
1.0770486522970348
1.0160186719834265
0.9678842896716571
0.9404880183125726
0.9388572920766127
0.9642532813190776
1.0136481303770921
1.0798519744934216
1.152538716163484
1.2204471652030637
1.2750617708353467
1.3161047980971379
1.3591994248652046
1.446090859804917
0.06171460803821696
0.0029249745988546814
0.029822999664932872
0.08884985697029138
0.15396487096158532
0.21643351178808648
0.27715650940724235
0.3411538058964365
0.4138446890625249
0.4987930744419564
0.596614526785368
0.7047692361217615
0.8179927874985014
0.9291441874945501
1.030278234605507
1.1137769446001884
1.1734023659496386
1.2051607444306345
1.2078956200068898
1.1835550630923535
1.137105881302124
1.0760952517976954
1.0098878583343907
0.9486342361200099
0.9020536515948736
0.8781424682446144
0.881946573558221
0.9145640662450072
0.9725720268253375
1.0480988187110891
1.1297909908930284
1.2049514773533994
1.2631534123232053
1.3016615045047941
1.3330205373816368
1.3951981867381362
0.05250169975172022
-0.001778405080817423
0.025975866729157828
0.08361373508239042
0.14611058887204484
0.2054252194938295
0.26289212714127225
0.32376270979732275
0.39353676883479743
0.4757533891391876
0.5709378756686176
0.6764290523668313
0.7868388533463031
0.8949237602596857
0.992675263778997
1.0724641511030943
1.1281010454151572
1.1557032472130513
1.1542855514366102
1.1260203383170397
1.076139859874802
1.0124812679935016
0.9447025539984593
0.8832251936698161
0.8379869156211771
0.8171156349759561
0.8256632182747661
0.8645653695483213
0.93002155149153
1.0135164796755654
1.1027323517359149
1.1836285974755312
1.2439935598233565
1.2788001405897476
1.2977250689613637
1.335219074679274
0.029837914157833875
-0.018090431803314492
0.012122366579523255
0.06973920155995594
0.1307683758122019
0.18788695000316247
0.24289340800431247
0.3013035404755263
0.3687310715540656
0.4487221773831277
0.5417406692155494
0.6450282378293635
0.7530917799931247
0.858597451720043
0.9534787170511396
1.0300932851088052
1.082291452163295
1.1062859894558514
1.101241341523324
1.0695275237703017
1.0166117320359365
0.9505883009038093
0.8813752715043327
0.8196334535603679
0.7754914904278722
0.757188059884576
0.7697699674208284
0.8140125127879342
0.8857561345604478
0.9758809614700604
1.0711685232698758
1.1563274978890352
1.2174879956388012
1.2474965052324063
1.253371250382034
1.2663053297376579
-0.004822640314050857
-0.04478574474395933
-0.010695991641404973
0.048120819245686036
0.10871566396132218
0.16450258653225772
0.21776884483877504
0.27432290171824886
0.33992187685560354
0.4181476990158914
0.5094288221753622
0.610931993108594
0.7170761819903825
0.8204484115722696
0.9129288444947403
0.9868601122972918
1.0361234936897212
1.05701217364916
1.0488194389085286
1.014087289403257
0.9584885692442722
0.890343344786414
0.8197978813626118
0.7577221942552995
0.7144097734777283
0.6981907059389748
0.7140970425676268
0.7627468819702689
0.839641266202075
0.9350956082279437
1.0350549946538175
1.1230703313089359
1.1837399232609964
1.20794870484728
1.2002649593060493
1.1888819915936313
-0.04989934472432472
-0.08052650180701731
-0.041339415316245354
0.01973728172503969
0.08080010907315477
0.1360127616453662
0.1881708128069562
0.24339918093735174
0.3076240656502139
0.38448868404355624
0.47440976135707186
0.5744993544150644
0.6791042102344998
0.7807424861788839
0.8712452820398126
0.9429380584292186
0.9897246398664866
1.0079641249457802
0.9970586499700798
0.9596975764395959
0.9017312967833786
0.831675476724109
0.7598741766672231
0.6973779185066689
0.6546203882407705
0.6400050887928319
0.658540881432266
0.7106929781932079
0.7916435716887211
0.891183912719894
0.9944872700802116
1.0840398309568797
1.1430342243317895
1.1605579737860914
1.1389368101134199
1.1036203981480692
-0.10373706138237954
-0.1239091995952612
-0.07861173606865063
-0.014385842273431036
0.047906726253394816
0.10318612306859293
0.15477070329874093
0.2091212886269685
0.2723552019860816
0.34819949315498216
0.4370804004563767
0.5360737177549826
0.6394683599565859
0.7397230442094612
0.8286236280108318
0.8984762694222036
0.9431991985985828
0.959203513837723
0.945981039356736
0.906344906004543
0.8462961401198121
0.7745171697451895
0.7015207814097894
0.6385106846930731
0.5960374657844109
0.5825613352537641
0.6030606992501254
0.6578532073454667
0.7418235542431376
0.8442799365708312
0.9496886899793354
1.0395642557695421
1.0958192502712347
1.1059070341984587
1.0701168032073227
1.0114088448833407
-0.16465273754658238
-0.17350657170634964
-0.12129784696863956
-0.05320932990660955
0.010928639592026156
0.06679380786562726
0.11823687593158892
0.17206984086697952
0.23461969813334582
0.30971701686344566
0.3978165241286945
0.4959744582073794
0.5984350748747952
0.697606314737649
0.7852322636362252
0.8535976621389705
0.8966273441553179
0.9107711086937351
0.8955921527931346
0.8540048176569538
0.792135024020369
0.7188043967822696
0.6446667029347822
0.5810528508242953
0.5386083227790898
0.5258345371398586
0.5476732597305362
0.6043008088080456
0.6903264215307078
0.7946167739862492
0.9009962708214542
0.990100344516759
1.042686628350104
1.0447364910957189
0.9947070455044552
0.9133213666136263
-0.2309766744015056
-0.22790460272589486
-0.1681966906309269
-0.09570949611135159
-0.029258543820013683
0.02758715147136016
0.07921547110522088
0.13280084330125086
0.19489513728675933
0.2694494036329509
0.3569636876367367
0.45448976658891016
0.5562392857706924
0.6545773920218022
0.7412095877243638
0.8083971520481417
0.8500641003037326
0.8626862762515253
0.8458807962153875
0.8026416878512055
0.739195190421566
0.664475807429022
0.5892518264615602
0.5249566451050318
0.482309865778486
0.46983974634949477
0.49244621738772687
0.5501713009161879
0.6373713895206927
0.7425134686793393
0.8488449891748304
0.9362147204537832
0.9843495397981579
0.9779197361752645
0.9137530316338827
0.8105851471151284
-0.30108853683703474
-0.28573471747542756
-0.21814984179778507
-0.14090338399003277
-0.07181874714844427
-0.013721364108771335
0.03831410338530684
0.09183191283144032
0.15362080609371465
0.22776668516297283
0.31482971621281663
0.41187080361296535
0.5130799995627716
0.6107870390088804
0.69666181351217
0.7629402217302711
0.803538458183131
0.8149464259702415
0.79681858310932
0.7522081561673841
0.6874182788563334
0.6114712372663023
0.5352246274112142
0.4701908547621365
0.42714402944517504
0.4146259347818365
0.4374903708509267
0.49565279875222246
0.5832398352533207
0.6883607715022141
0.7937509134893338
0.8785641659439115
0.9216199053507316
0.9064368117745053
0.8284139531801072
0.7045470399383907
-0.3734482017418622
-0.34570122726133523
-0.27006575018627654
-0.18787000350049624
-0.11597385819436314
-0.056473940814021927
-0.00391156619765378
0.04963105107897756
0.11118846702673478
0.18499334481720195
0.27167886608797664
0.36832724946166384
0.46911703276216704
0.5663493994131097
0.6516614535043287
0.7172619720135696
0.7570527866716599
0.7675265719606105
0.7483594397352477
0.7026443649601438
0.6367390910547722
0.5597297873409828
0.48253935508804036
0.41673690265164687
0.37313253420451375
0.3602692205572272
0.38295114456929713
0.44097553765145026
0.5282626478613869
0.6326061040963852
0.7362935648872798
0.8178751642995595
0.85538489144837
0.8313476641355634
0.7399324811178579
0.5966396615165478
-0.4466215647125175
-0.4066041370593027
-0.3229397315677062
-0.2357676904517211
-0.16101864092902077
-0.10008011382666418
-0.04696840303630793
0.0066079614797348255
0.06793537843140526
0.14140285299374797
0.22772768695184206
0.3240243045011067
0.4244689610074312
0.521340706032765
0.6062465959329354
0.6713667753356427
0.7105826708077326
0.7203791640220119
0.7004392357350369
0.6538771958884567
0.5870842391476675
0.5091876891926813
0.4311529190772875
0.3645845589737376
0.32031122662134753
0.3068656397985768
0.3289995941392965
0.3864009136151321
0.472807105006917
0.5757380716894597
0.6770978660549863
0.7549230839017881
0.7865831281157526
0.7537651929736292
0.6496044443980488
0.4883474954954337
-0.5193014472667066
-0.4673574397566884
-0.37586981723532165
-0.2838476799948466
-0.20633220240770347
-0.1440262819099616
-0.09043356331134357
-0.03689212031227675
0.024139547892565658
0.09721417104610651
0.18314260341899455
0.2790811746821664
0.379212334187113
0.47579905078028945
0.5604210542792676
0.6252286287394041
0.6640772916409378
0.673434317127609
0.6529756854290488
0.6058196646003394
0.5383708547133272
0.4597761486354093
0.3810216875326944
0.31372751323558823
0.26872424360602154
0.25452372104669396
0.27582320829387985
0.3322103296364862
0.41726357970523265
0.5182708459769725
0.6168160151403363
0.6905113574700528
0.7161810073584338
0.6748284821537347
0.5587488054561398
0.3811734250234864
-0.5903237688381018
-0.527003045763466
-0.4280685942044964
-0.33146401098722
-0.25138611547398293
-0.18788220323057248
-0.13395951831163
-0.08059213522399132
-0.019982817626546405
0.05259020317604169
0.13803921088949322
0.23357105298091485
0.33338218447073176
0.42972525971281644
0.514155449111234
0.5787922817231926
0.6174604386989407
0.6266005465105181
0.6058686429224317
0.5583706126584853
0.4905055137201514
0.4114193393130422
0.3320983843391896
0.2641590094140125
0.21841821936800676
0.20335709719435546
0.22361675840482143
0.27869411475743844
0.36203236032068764
0.46072871684000427
0.5561095993736092
0.6254509871658498
0.6451494087273528
0.5956765740925136
0.46867831122592785
0.2766060875506242
-0.6586791700180492
-0.5847205184906721
-0.47887119067768014
-0.37807989979533874
-0.295749319853718
-0.23130456329827173
-0.1772764293759956
-0.12428452346506867
-0.0642777236056775
0.007638153531398977
0.09248325900304512
0.18752258604467212
0.28697383238059515
0.38308489416202535
0.4673892593019001
0.5319751919769764
0.5706322240687376
0.5797660933158522
0.5590008919520693
0.5114148136046013
0.4433835102292083
0.3640326948593551
0.28432924994797765
0.21586772508155486
0.1694367318473418
0.1534773676357846
0.17257342416129975
0.22614076048575352
0.3075108443301522
0.40363108946120185
0.495632240940568
0.5605406840258165
0.5744411765131843
0.5174231283135255
0.38067117605380707
0.17608842449795284
-0.7235202956974163
-0.6398328083831639
-0.527739583494635
-0.42327074429067907
-0.33908994642627527
-0.2740377438440251
-0.22019198631120868
-0.16783025802047374
-0.10865174267105754
-0.037588276446268665
0.046493273698166415
0.1409227930214894
0.23994597384876565
0.3358113768741111
0.4200338575063569
0.48467033984837804
0.5234715449024716
0.5328009035953366
0.5122395092173624
0.4648235878720987
0.396888589532942
0.3175216263052283
0.23765160849309347
0.16883405307161442
0.12181516316591062
0.10498740114004673
0.12287640189973753
0.17482669701401826
0.25408134426220147
0.34747818121361346
0.4360130454487419
0.496547928031631
0.5049696508444506
0.4411322823964217
0.29594413072036413
0.08098777597127277
-0.7841649689502914
-0.6918082003818571
-0.5742634264764901
-0.4667239409805328
-0.38117423164867525
-0.3159119436456075
-0.262588844328864
-0.21115570801008096
-0.15306841529077506
-0.08308493756754308
4.4746699545591465e-05
0.09372138136276677
0.19222500901533804
0.2878102198825103
0.3719765225860447
0.43674991019412374
0.4758393189698979
0.4855593012330454
0.46543785774987156
0.4184559990686407
0.3508932292179975
0.2717807691874893
0.19199196161036827
0.12302692207001244
0.07557612645246205
0.05797524776873566
0.07469117987174358
0.12500680949379286
0.2020997220318093
0.29273765050860834
0.37784110113965563
0.43419121293597995
0.4375885327749829
0.367796011372153
0.21562714958774068
-0.007432151496287379
-0.8400955086891913
-0.7402587118786894
-0.6181576207604895
-0.5082357204041623
-0.4218627112964459
-0.3568388244980827
-0.3044198167320402
-0.25424747317966334
-0.19754282175991733
-0.12889163866586695
-0.04692420093132977
0.04583638220053054
0.1437105513360461
0.23896430864787355
0.3230853994815077
0.3880698280843582
0.42758249569140994
0.4378833732026629
0.4184382446887023
0.3721606819619108
0.3052595344520014
0.22669384262570286
0.1472647071915988
0.07840127033227916
0.03072558920712064
0.01250880597018499
0.028158642548871116
0.07690587243013013
0.15188504570220807
0.23983236760104432
0.3216512548116153
0.37412371777566356
0.37307334125844593
0.29831325942825226
0.1407401457036428
-0.08803713837551831
-0.8909544663095751
-0.7849352004156355
-0.6592568704102341
-0.5477052281126648
-0.4611039048731524
-0.39680487771461154
-0.3457010027706863
-0.29714535297578676
-0.2421344729615084
-0.17508504011270334
-0.09450579673536257
-0.002838994287223491
0.09428203337907111
0.18914017481164472
0.27321535484641074
0.33847511263914104
0.3785388228974258
0.3896070633685384
0.3710752556403777
0.32577833031382253
0.25984079160599516
0.1821341804450877
0.10337155911857383
0.03489626453778512
-0.012750198817010156
-0.03136863120571813
-0.016610856125258408
0.030711058073493572
0.10371044051744789
0.1891295151616804
0.2679113682295458
0.316918624814814
0.3121046977192435
0.23347109560021692
0.07217190150411097
-0.15984584313749864
-0.9365370787298474
-0.8257194625673548
-0.697507488774518
-0.5851261007391443
-0.49892572422864706
-0.4358627287312275
-0.3865030522729142
-0.33993363584527264
-0.2869386895774337
-0.22177018878484214
-0.1428143740260808
-0.05242840529786745
0.043806303502787206
0.13819516772144866
0.22221465456750228
0.28780599108828436
0.32854232737176997
0.3405609488546504
0.32317975561379336
0.27914485052024307
0.21448370213607584
0.1379659722355899
0.06020172183346696
-0.007565666396288568
-0.05488688742567731
-0.07364184901616981
-0.059542332813027496
-0.013434347502026584
0.057795283861006366
0.1409311842386428
0.21701123661018737
0.2630562814730176
0.2552536517411546
0.17392812293651047
0.010661480569358854
-0.2220504693942317
-0.9767807574207936
-0.8626136276350895
-0.7329567432559518
-0.62057580885391
-0.5354248621143418
-0.47412061957729645
-0.42694079084744296
-0.38273091658802394
-0.33207666161167304
-0.2690708703796889
-0.19197706822027916
-0.10306346757505853
-0.007853914581974885
0.08598541269835579
0.16993236710706766
0.23590469295755326
0.2774294450485493
0.29057765081745696
0.2745835243327094
0.23209516482516268
0.16903129645965057
0.09404623004899802
0.017632851413957807
-0.04907893490630944
-0.09574325388742978
-0.11432612348973882
-0.10059983265682716
-0.055435909133439105
0.014298871607700148
0.09546660904171554
0.16925332858284636
0.21291338160501438
0.20296923920681453
0.12020034843714165
-0.04321765630117303
-0.2740344699510644
-1.01175195520686
-0.8957271719676998
-0.7657400483386498
-0.6542030604874907
-0.5707544385918173
-0.5117303311615908
-0.4671614516406344
-0.4256786717801544
-0.3776844022762964
-0.31711897716253734
-0.2421236344465861
-0.15487406148025937
-0.06083084954969568
0.03237442182794511
0.11622637441627302
0.18262282209610817
0.22504571454388086
0.23949780927046624
0.2251244715400902
0.18446762569010164
0.1233265053735731
0.050227474247846564
-0.024467187366692993
-0.08975401033217238
-0.13540143551651004
-0.1534685160666572
-0.139788831602869
-0.09525159880392263
-0.026684338852024796
0.05288616179499097
0.12484548483775694
0.16675431931049703
0.15556844203306477
0.07264969887693674
-0.08907062961655952
-0.315387070726475
-1.0416307748096727
-0.9252619019136723
-0.7960663389125606
-0.6862135813925672
-0.6051102053993398
-0.5488738295120157
-0.5073317818196796
-0.46892884547252284
-0.42390083247885196
-0.3660431114179464
-0.2933755907376054
-0.20797803530404607
-0.11524196987067167
-0.02275779913105816
0.060971849979651424
0.12782918207191835
0.17125292551567986
0.18717652942021387
0.17465235572045737
0.13610898071139244
0.0772163443732839
0.006361109831705012
-0.06623778070254194
-0.12971574316735102
-0.17396614770965374
-0.1911480152235953
-0.17715733201679046
-0.13289387625375942
-0.06512782582446491
0.013257206715283241
0.08389569048593276
0.12472484626438735
0.1132286964589782
0.03147534543712044
-0.1266910354353185
-0.34591441968276077
-1.0666937052923573
-0.9514952755963315
-0.8242019781199503
-0.7168546103038751
-0.6387156305689135
-0.5857489422951696
-0.547624314141653
-0.5126307195578985
-0.47085525433789277
-0.41595666706550527
-0.3458349132994369
-0.26247052034452273
-0.17117992545509603
-0.07950532631493316
0.004070041362849568
0.07141790827374118
0.11593659115657715
0.13349018478519506
0.12303490747828101
0.08687980528984567
0.030556644043931394
-0.037698557621688375
-0.1078222770368941
-0.16910081693860282
-0.2115628903999077
-0.22747451207956157
-0.21279562262123417
-0.1684302490308258
-0.10107437985892441
-0.02343811001437411
0.04640901396627363
0.0868481413697917
0.07598307465534716
-0.003292022119728773
-0.15606759861756678
-0.36564718809977714
-1.08729489475146
-0.9747624558923831
-0.85045357613788
-0.746398469643426
-0.6718062077747047
-0.6225543941300726
-0.5882031161562822
-0.5569173653881283
-0.5186544943415332
-0.4669456540884087
-0.39957253254051206
-0.3184130894683054
-0.22870236027970492
-0.13792677658241453
-0.05454282755240102
0.013316737870109877
0.05901359193688949
0.07834344018115143
0.07016423662228755
0.03666029806915142
-0.016782762493688257
-0.08208973945113908
-0.14936400704748248
-0.20805436883306472
-0.2483351680787207
-0.26258661916769666
-0.24683469597368823
-0.20198228923243788
-0.13463572091317655
-0.05730307959504665
0.0122867831475424
0.053023379347813655
0.043718242236132195
-0.031792853184327445
-0.17738745057513006
-0.37484447371146024
-1.103846389791191
-0.9954375091823049
-0.8751501184985535
-0.7751255943064412
-0.7046133570817783
-0.6594745513985469
-0.6292093517784272
-0.6018919954108297
-0.5673700189520892
-0.5190565526113997
-0.4546169007298391
-0.3758230140576901
-0.28782183493412017
-0.19803587257209532
-0.1148867416502637
-0.04650477341236574
0.0004398155264229901
0.021676335467971087
0.01596337981741916
-0.014643688028768491
-0.06491250628768329
-0.12693811008138003
-0.191001691607247
-0.24672584237861298
-0.2844407707257015
-0.2966483637458851
-0.2794433388910287
-0.2337231063785428
-0.1659903396116327
-0.08852462679302132
-0.018671952915310333
0.02302686269004471
0.01617527206432466
-0.05433822958595404
-0.1910359191941289
-0.37399387741344436
-1.1167977945031304
-1.0139141866289312
-0.898624824737594
-0.803307423351589
-0.7373483059522371
-0.6966642494428376
-0.6707470121544244
-0.6476145557832756
-0.6170253476479765
-0.5722845056527907
-0.5109429243428794
-0.4346628964357478
-0.34849612021215914
-0.25979235914857673
-0.17692939617204156
-0.108027300917227
-0.059782404364252646
-0.03652875123468273
-0.03960717652196055
-0.0670945285313854
-0.11391793680356338
-0.17235139929410762
-0.2328643391812061
-0.28526415767150354
-0.32004718517359315
-0.32984480920724585
-0.31082393341534725
-0.26387329804434273
-0.19537956825785088
-0.11736947264690603
-0.04676665029918629
-0.003484240788347226
-0.007046627443495634
-0.0714061202576172
-0.19759274079269531
-0.36380764743788635
-1.1266158238624835
-1.0305867469290908
-0.9211971803484521
-0.8311895816072276
-0.7701863615540222
-0.7342340972292877
-0.7128691949345595
-0.6940889231092743
-0.6675841105822073
-0.6265621817634176
-0.5684615763414335
-0.4948309770492491
-0.4106191450615345
-0.3230935385843081
-0.240578266197154
-0.17117430250690693
-0.12159726967056692
-0.09624046434404364
-0.09654318561216671
-0.12071679545424296
-0.16385331929827315
-0.2184137702157837
-0.27506575630806673
-0.3238123068334604
-0.35532622862413665
-0.36237668033971027
-0.3412070281038112
-0.2926954220686123
-0.22310190945113165
-0.14417827558397014
-0.07238918052200218
-0.02696553474533938
-0.02648343349775053
-0.0836343452985845
-0.19782462616499089
-0.3452148070802147
-1.1337642486401862
-1.0458313016710286
-0.9431556072092663
-0.85897580039355
-0.8032520076057373
-0.7722366767449199
-0.7555653332521118
-0.7412510906329876
-0.7189391202249461
-0.6817496609535144
-0.6270105258220501
-0.5561524378774542
-0.47401290439350086
-0.38776671401219803
-0.30567351758244926
-0.23580532943411206
-0.184889161824397
-0.15737238129238812
-0.15479075165629536
-0.17549150438690303
-0.21473615308950594
-0.265180144825464
-0.317698817003352
-0.3625015045685129
-0.3904480182186615
-0.3944540903720345
-0.3708447616133995
-0.3204870563421055
-0.2495056723451622
-0.16935778501720156
-0.09601544294799369
-0.04797640759705712
-0.04279666577367835
-0.09181021963958835
-0.19267413495030483
-0.31934920424999846
-1.138684751118314
-1.059988186618494
-0.9647412598366609
-0.8868130487485877
-0.8366052811790399
-0.8106540765820072
-0.7987497978975391
-0.7889587514117997
-0.7709028485457434
-0.7376257194966502
-0.6863461446556217
-0.6183720457229531
-0.5384206544421554
-0.45356285287222387
-0.3719820551166022
-0.30171037642611565
-0.2494772115919986
-0.2197777205439708
-0.2142410950671631
-0.23135085655052356
-0.2665418106781783
-0.3126706609740633
-0.3608296591089758
-0.40144504587803365
-0.425574412755372
-0.42628948993174964
-0.40000324273955545
-0.3475725343685798
-0.2749799887747184
-0.1933710636826318
-0.11819471958223036
-0.06716844661767161
-0.056760787266402206
-0.0968568687046558
-0.18324483475458764
-0.2875334433070462
-1.1417792330843535
-1.0733458844308201
-0.986133457009153
-0.9147783687342496
-0.8702299070682572
-0.8493872213538084
-0.8422523183645126
-0.8369827081784493
-0.8231997234792171
-0.793880911388013
-0.7461372729289695
-0.6811485012288788
-0.6035017455512403
-0.5201518042634115
-0.4391930258344898
-0.3686055729603809
-0.3151110809113517
-0.28324511719620765
-0.27472622563607163
-0.28817371393957064
-0.31919871987009263
-0.3608654670946011
-0.40449199780233613
-0.4407320451805731
-0.46085208483344414
-0.45808998022867387
-0.4289540132559032
-0.374293466979137
-0.29994430366467084
-0.21672585716469162
-0.13953683473560663
-0.08527129936896584
-0.06924767971169223
-0.09981623065119306
-0.17078274363971258
-0.25125868183119604
-1.1433941397680794
-1.0861270465159822
-1.0074372804908485
-0.9428679305867004
-0.9040236895250545
-0.8882474807728201
-0.8858106906326663
-0.885000561790827
-0.8754606806060686
-0.8501128664224581
-0.8059611471873626
-0.744050881654967
-0.6688284644544403
-0.5871194263006989
-0.506915117624582
-0.4361305398980677
-0.38146826492900926
-0.34749575839871494
-0.33601579991451275
-0.34578206784830817
-0.37258433323095586
-0.40970008297112087
-0.44868176866613885
-0.48042125327122054
-0.49640540389218996
-0.49004915496577844
-0.4579647420903407
-0.40099818276869453
-0.32483645632362074
-0.23996121124541564
-0.1606972042296932
-0.10307605116251722
-0.08120824630873064
-0.10182878195826878
-0.15665407678393767
-0.21216029716317014
-1.1438073855729425
-1.098477183902202
-1.0286738947744365
-0.970988845663465
-0.9377916833440942
-0.9269510644110117
-0.929066261740056
-0.9325931523559534
-0.9272204281694917
-0.9058242470458983
-0.8653019176650666
-0.8065575876330735
-0.7338852803033082
-0.6539670017643426
-0.5746760154505279
-0.5038477578301299
-0.44815324462466766
-0.4121821930119418
-0.39781546126409467
-0.4039387832708676
-0.42652215139707234
-0.45906157712212226
-0.49335233490831304
-0.5205351707433801
-0.5323293328016979
-0.5223386576673268
-0.4872893215609439
-0.4280302420115511
-0.3500994914126669
-0.26363245990157064
-0.1823598809989903
-0.12141620944547354
-0.09365121666952375
-0.10411004532137119
-0.14231934030521137
-0.17198944974141844
-1.1432184896418438
-1.1104566192015703
-1.0497741639504794
-0.9989542973279167
-0.9712426884738167
-0.9651167303496758
-0.9715627033864852
-0.979244249302803
-0.9779179057351616
-0.9604238283217454
-0.9235522028791583
-0.8680582263109073
-0.7980709108851004
-0.7201133425176661
-0.641924399696259
-0.5712443156788497
-0.5146988425998275
-0.4768891521153
-0.4597669832180949
-0.46234692385181897
-0.48078008895216223
-0.5087858335424803
-0.5384105155095175
-0.5610546986839778
-0.5686825628494921
-0.5550996633023585
-0.517157558583284
-0.4557162010011802
-0.3761673605679257
-0.288294728961809
-0.20521872613626377
-0.14114640818926757
-0.10761925110769552
-0.10792396099970189
-0.12930383742706772
-0.1325805924482862
-1.1417425514856407
-1.1220363139273697
-1.0705761639981837
-1.0264825720997697
-1.003989634514545
-1.0022673581146468
-1.0127486089969768
-1.0243440088667928
-1.0269004389911374
-1.0132311875422548
-0.9800181521499733
-0.9278588854808804
-0.860703647660946
-0.7849000053570977
-0.7080348933320824
-0.6377364302857912
-0.5805701567950611
-0.5411367391628108
-0.5214505589861985
-0.5206509842523331
-0.5350704937689105
-0.558656202735979
-0.5837137132638838
-0.6019145896412742
-0.6054811341558944
-0.5884345152697285
-0.5477646759488867
-0.48435282594748685
-0.4034496978436054
-0.31448512262419703
-0.22995685661477572
-0.16311896754840716
-0.12416246356747662
-0.1145532249505058
-0.11916467435508393
-0.09581499736692989
-1.1394087190905384
-1.1330982076149467
-1.090827210981099
-1.053200595588536
-1.0355544436543582
-1.0378359584808245
-1.0519844708628256
-1.0671967396368822
-1.0734321153721524
-1.0634855122027778
-1.0339285087997239
-0.9851912754791143
-0.9210304004429085
-0.8476000641465851
-0.7723163867873659
-0.7026771499053167
-0.6451714690885373
-0.6043863707724569
-0.5823896021221179
-0.5784403789851507
-0.5890521529019905
-0.6084038541587237
-0.629068443866788
-0.6429999840525881
-0.6426928107389368
-0.6223987709990553
-0.5792608609627139
-0.5141939777529403
-0.43231587433053803
-0.34270378222251613
-0.2572245431093874
-0.18815846624505708
-0.14430950468196072
-0.12526671927289781
-0.11345437541980521
-0.063580393538653
-1.1361638241088916
-1.1434407273840166
-1.1101910478190802
-1.0786525999149164
-1.0653779827812033
-1.071176714918027
-1.0885546161658135
-1.1070335390043953
-1.1167069273809203
-1.1103590572450674
-1.0844481889689406
-1.0392262378277999
-0.9782399447166626
-0.9074309052766204
-0.8340241916035771
-0.7653676767109348
-0.7078565479166052
-0.666049871323557
-0.6420584455619465
-0.6352555589597249
-0.6423346403074465
-0.6577101693818443
-0.6742305893915765
-0.6841443395073906
-0.6802325016377837
-0.6569939316100806
-0.6117411209156862
-0.5454374111771148
-0.4630785594932312
-0.37339402881796646
-0.2876157535266528
-0.21703450632288265
-0.16903636863773605
-0.1412841826719515
-0.11368123923056436
-0.03772683149826725
-1.131881880925933
-1.1527901487686467
-1.128260854496272
-1.1023145715132614
-1.092835737697972
-1.1015816736383983
-1.121684702879299
-1.1430303855407944
-1.1558672526672156
-1.152975804663915
-1.1306969131785545
-1.0890921417822303
-1.0314808768046284
-0.9635715356762476
-0.8923764961295737
-0.8250727656099024
-0.7679427862453774
-0.725502146724625
-0.6998933484292209
-0.6905971491670502
-0.6944853838514731
-0.7062115374700384
-0.7189077216853298
-0.7251290824093622
-0.7179590416918002
-0.6921611532610834
-0.6452357270564093
-0.5782117540873446
-0.4959770389566791
-0.40692182338097815
-0.3216435600421246
-0.2504328721019977
-0.19923310971121386
-0.16373829084179367
-0.12126658977235924
-0.02001891255339492
-1.1263801685832522
-1.1608185108290197
-1.1445787687528337
-1.1236151503964267
-1.117259864555338
-1.1283037213936835
-1.150565398728055
-1.1743322945197978
-1.1900282621136393
-1.1904359007595566
-1.171773449953568
-1.1338987121319941
-1.079884804252565
-1.0151849147945784
-0.9465756187091812
-0.8810406788496482
-0.8247296384104005
-0.7820978849023299
-0.7553072421908356
-0.7439385231218248
-0.745039851259757
-0.7535069362606593
-0.7627638634018786
-0.7656853337891628
-0.755673667760519
-0.727776260005129
-0.6797015509144249
-0.6125639546813029
-0.5311605606622469
-0.4435548005160077
-0.3597146496313186
-0.28892530735491806
-0.23566867653009527
-0.19363433885466708
-0.13749909856629716
-0.012084542961704484
-1.1194426367277945
-1.1671688107475078
-1.1586626264963285
-1.141963674152467
-1.137968295805307
-1.1505865123588863
-1.1743828885768524
-1.2000841659873724
-1.2183088693651214
-1.2218464685064228
-1.2067860530124106
-1.172766853793936
-1.122595321010766
-1.0614458441564727
-0.9958345759992497
-0.9325281980877187
-0.8775218415296436
-0.8351927527502976
-0.8077086699360723
-0.7947422518677502
-0.7935152768467134
-0.7991687054161837
-0.8054270765784393
-0.8054980832077892
-0.7931205483579221
-0.7636464001610905
-0.7150146190154216
-0.6484475067554938
-0.5686720035001527
-0.4834411538703692
-0.402103200268811
-0.3329381569115946
-0.2789540943015479
-0.23180773983118044
-0.16348637620231912
-0.015360395348257762
-1.1108513989434912
-1.1714882252994585
-1.1700406533568224
-1.1567860821307188
-1.1543016001666266
-1.1677020276269163
-1.1923568778059455
-1.2194689769712725
-1.2398698574273552
-1.2463594146969417
-1.2348896957142246
-1.204865060922654
-1.158803339169136
-1.101574970285195
-1.039409506244515
-0.978831217785104
-0.9256579293831732
-0.8841695814646618
-0.8565253947391679
-0.842480887539896
-0.8394283730520642
-0.8427569393110431
-0.8465002908503678
-0.8442132068785622
-0.8299897468625811
-0.7995087103945139
-0.7509642342170125
-0.6857117852817666
-0.6084321847141737
-0.5265886735561963
-0.44892440715824866
-0.38272014108974106
-0.32950424743685447
-0.27887957635480676
-0.2001040537409112
-0.031034281893276144
-1.1004270990105918
-1.1734701287775755
-1.1782948609979658
-1.167569417463045
-1.165668318281252
-1.1789964730270077
-1.203786781419754
-1.2317539916099387
-1.2539598401475016
-1.2632168737072662
-1.2553307286444564
-1.2294530204524385
-1.1877893711935803
-1.1348794789729926
-1.0766385095237363
-1.019321465970933
-0.9685445688410381
-0.9284700543813913
-0.9012331752539848
-0.8866625636662332
-0.8823174930003743
-0.8838379500019542
-0.8855758055866951
-0.8814477483239013
-0.8659230206533544
-0.8350313738915343
-0.7872490340818141
-0.7240928467421164
-0.650225144562371
-0.5728442581029329
-0.5001079655439897
-0.4383095535347865
-0.38749853719033944
-0.33521046328223414
-0.2479425966687574
-0.05998466600869557
-1.0880789578260972
-1.1729056991364326
-1.183113923984305
-1.1739156867540743
-1.171599517929309
-1.1839452431678155
-1.2081068108231758
-1.2363456851687173
-1.2599697385786466
-1.2718049519199228
-1.2674996084072865
-1.2459330421726975
-1.20897337879928
-1.1608010810686962
-1.1069874891697296
-1.0534899206146804
-1.0056972711090195
-0.9676324336185893
-0.9413902288774818
-0.926861916578537
-0.9217697324872957
-0.9220072727190111
-0.9222539224172254
-0.9168039020712193
-0.9005228807084849
-0.8698174811972265
-0.8234753788927182
-0.7632060708601894
-0.6936847689057476
-0.6218742456456988
-0.5553718388434369
-0.49950119524192826
-0.45284071111868973
-0.4008530027889158
-0.3072521162813352
-0.10271756141011888
-1.0738653309066697
-1.1697459263124097
-1.1843563351934092
-1.1756058594624603
-1.171813334858057
-1.1822177017942685
-1.2049506923881195
-1.2328541000995186
-1.2574964744176398
-1.2717164590265377
-1.2709923678815682
-1.2539099696270695
-1.2219728267845609
-1.1789719121395705
-1.1301036007540524
-1.0809975120301647
-1.0367880522500514
-1.0013358840150788
-0.9766779250068387
-0.9627568544910589
-0.9574534819844013
-0.9569177085029617
-0.9561661868101412
-0.9498871630803781
-0.9333653583940682
-0.9034121244778659
-0.8591584841033644
-0.8025410425560056
-0.7382831325849271
-0.6731459312432317
-0.6141966630271218
-0.5658133797210079
-0.5251181833547323
-0.4755031346776937
-0.37788546555369873
-0.1593010896790181
-1.058065628583657
-1.1641748588619263
-1.1821246599493767
-1.1726748111833467
-1.1662902874685608
-1.1737525507353557
-1.1942267741209698
-1.2211673744881313
-1.2464166048940812
-1.26282333462192
-1.2656815203850829
-1.2532602483145485
-1.2266696023372243
-1.1892789905528076
-1.1458769372152453
-1.1017337239237632
-1.0617006396272648
-1.0294519750447486
-1.0069482731032264
-0.9941717229934548
-0.9891569614426585
-0.988312920802221
-0.9870037395471998
-0.9803291267833292
-0.9640169483560279
-0.9353131781547701
-0.8937267342050041
-0.8414590951386434
-0.783320968633032
-0.7259106594070308
-0.6758011603618372
-0.6364553664528783
-0.6035611868780089
-0.5584507071661002
-0.45923992874887337
-0.22929798959778386
-1.0412644731878964
-1.1566949472493246
-1.176851731242579
-1.1654980372302872
-1.155360175791857
-1.1588445819082205
-1.1762042989298696
-1.2015372054216205
-1.2269706456763703
-1.245359500688954
-1.2517971123800813
-1.2442108498591136
-1.2232864825133347
-1.191937900710172
-1.1545111008976763
-1.115883727887411
-1.0805938431027333
-1.0521039635742833
-1.032278792463357
-1.0211274378926494
-1.0168332928627177
-1.0160671250313302
-1.0145513011317309
-1.0078154468046665
-0.9920562186178632
-0.9649862410455057
-0.926529637179057
-0.8791939579396688
-0.8279206905611907
-0.7791889031116956
-0.7391189578202089
-0.7102956019742721
-0.6870021211526613
-0.648529615556543
-0.5501978362011735
-0.3116963937289854
-1.0244489897102829
-1.148225364303819
-1.1693996505884632
-1.1548909851031304
-1.139801397374648
-1.1382436290320224
-1.1516116451788168
-1.1746760319963083
-1.199858850548871
-1.2200148927618661
-1.2300186615411985
-1.2274287730024778
-1.212473854776613
-1.1875763903574852
-1.1566033354561789
-1.1240047083251057
-1.0939737320141731
-1.0697344825200104
-1.0530353727880917
-1.0438991785264238
-1.0406526877883346
-1.040231432280701
-1.0387273343528267
-1.0321194796199982
-1.0171006011745798
-0.9918842373363798
-0.9568499008928236
-0.914855973778329
-0.8710224171410902
-0.8317577627443772
-0.8027772276482154
-0.785831170116207
-0.7738354806910582
-0.744067878381269
-0.6490664579002076
-0.4048392098976695
-1.0091201486120636
-1.1402142055530178
-1.1611724812666033
-1.1422218766163914
-1.1209535348825386
-1.1132665578932264
-1.121747357403746
-1.1418667448750497
-1.1663492388024048
-1.1880414447435923
-1.2015787391949984
-1.2041218644627274
-1.1954074176747227
-1.1773285930787412
-1.153234912769818
-1.1271120569897553
-1.102775281139956
-1.0831822826477933
-1.0699437568255348
-1.0630822568596787
-1.0610623490673996
-1.0610874305556384
-1.059630952417213
-1.0531421675971586
-1.0388388985613572
-1.0154721958983306
-0.983920134983953
-0.9474403738376103
-0.9113834712972599
-0.8821413406395966
-0.8650775897704126
-0.8611588751091095
-0.86197877229007
-0.8428380428025488
-0.753517551689421
-0.5063524674242157
-0.9974191016469391
-1.1347654943287044
-1.1542435428690667
-1.1295389126509012
-1.1008440924171912
-1.0859231561920928
-1.0886048122538736
-1.1050857514905896
-1.1283986834683986
-1.1513718245411195
-1.1683789783285334
-1.1761517248897633
-1.1738976109168913
-1.1629406092728254
-1.1460724921962573
-1.1267761384953934
-1.1084541710509805
-1.0937686969479943
-1.0841702985541737
-1.0796667998624585
-1.078854708413187
-1.0792086091107813
-1.0775961622484727
-1.070958734053449
-1.0570700640636703
-1.0352577496464015
-1.006944703967393
-0.9758401197184434
-0.9475818469099209
-0.9286044690336763
-0.923979737900638
-0.933948403456109
-0.948834850874809
-0.9420083332363647
-0.8605269640808779
-0.6130730101430779
-0.9922694737455702
-1.1347819387287794
-1.151498238275603
-1.1197127756795728
-1.0823302797316634
-1.0590568061882646
-1.0550113869097837
-1.0671402481800016
-1.0887878957151869
-1.1127517398707996
-1.1331193105524433
-1.1461594873365932
-1.1505115463054214
-1.1468882010989219
-1.1374811916863576
-1.125230350357881
-1.1130894504360402
-1.1033945192057018
-1.0974126725597806
-1.0951219048569725
-1.0952446434865666
-1.0955302536342173
-1.0932540547414145
-1.0858727861502202
-1.071748835423683
-1.05082791883118
-1.0251272794867603
-0.9988638446274463
-0.9780241595172132
-0.9691502914612977
-0.9770882734142257
-1.0014180326638789
-1.0312561260727344
-1.038094979356118
-0.9663147038764786
-0.7209759404310967
-0.9975365962004882
-1.1441244097071959
-1.1567933663610344
-1.1165953674063172
-1.0692567657166085
-1.0365008455515516
-1.024783019417801
-1.031820572723297
-1.0512711629131024
-1.0758866557737985
-1.099441257592284
-1.1177052778536805
-1.1287082331618423
-1.1325073790648617
-1.1306501324667604
-1.1254912233054015
-1.1194977901755165
-1.114648010574557
-1.1120012324479238
-1.1114899497089845
-1.111956340408097
-1.1114284622237225
-1.1076035759475311
-1.0984784436342627
-1.0830388240859214
-1.0618927643387228
-1.0377046618200882
-1.0152594478417702
-1.0009586190940327
-1.001522219804718
-1.0216432532257862
-1.0603133771087752
-1.1055111138295235
-1.126916181821242
-1.0662859309739279
-0.8251022406570331
-1.0182046885784546
-1.1677891317521665
-1.175133895928533
-1.1251957410452809
-1.066630344717896
-1.0232515440120897
-1.0028950725684043
-1.0040685329474464
-1.0207417200631097
-1.0456037875699713
-1.0720861250698945
-1.0954221900016847
-1.1129879140765384
-1.1241386801207929
-1.129731241186374
-1.1314913297881661
-1.1313600811263558
-1.1309247701506484
-1.1310117383220915
-1.1314917619270908
-1.1313204897970155
-1.1288089542856565
-1.1220915353556271
-1.109731133623621
-1.0913736842133361
-1.0683365192635952
-1.0439874629382082
-1.0237439187827642
-1.0144935852725387
-1.02321081139445
-1.0545149801048757
-1.1068896835039377
-1.1672538295658166
-1.2035481962632497
-1.1549733249235894
-0.9194870206521636
-1.0605730189747418
-1.2121035998008323
-1.212868198550604
-1.1518742099556898
-1.080812481434583
-1.0256586455922572
-0.9956704351345673
-0.9901626292452479
-1.0034136564719314
-1.0280302551666163
-1.0570689685247625
-1.0851856272660803
-1.10905634899888
-1.1272859593087017
-1.1399921156108068
-1.148225790804908
-1.1533611497693914
-1.156560227731094
-1.1583901955455642
-1.1586433729215542
-1.156382526622334
-1.1502063666752564
-1.1387025296198579
-1.121027713823575
-1.097527007893062
-1.0702768292078477
-1.043408265602005
-1.0230399892182531
-1.0166222875578355
-1.0314661327482588
-1.0722035860499324
-1.136898210621473
-1.2114965415623848
-1.2622840382505294
-1.2259813199908243
-0.9970888619902161
-1.1324720944123357
-1.2849422582267565
-1.2779027601876276
-1.2045556365357708
-1.119730722334154
-1.0516344483908
-1.0109858164740029
-0.9979211110465371
-1.0070212817447013
-1.0307883068266577
-1.0618692238135066
-1.0942988895452883
-1.1240049078729912
-1.1487905392064608
-1.1679837821369503
-1.1819131933518907
-1.191343388058299
-1.1969755391300827
-1.199090569193326
-1.1973851058624974
-1.191022646339354
-1.1788947535851402
-1.1600594822755463
-1.1342966087466841
-1.1026916151392614
-1.0681327539468404
-1.0355778951730716
-1.0119202343014644
-1.0052543152802293
-1.023316198723494
-1.070843981529034
-1.1455772501115433
-1.232586425449263
-1.296595334140644
-1.2719327156665337
-1.0497207520523268
-1.2435009553769478
-1.395962999924865
-1.3799374136420854
-1.2929629274673622
-1.193109983710142
-1.1108824160778634
-1.0584972126875143
-1.0369238294674576
-1.041036897354362
-1.0632085426890456
-1.0956389162137214
-1.1316959020720807
-1.166507354212472
-1.1970215835932216
-1.2217241955880427
-1.2401717529882688
-1.2524751159975265
-1.2588376866132645
-1.2592261607884336
-1.2532237677654021
-1.2400883519730852
-1.2190100288770573
-1.1895355221712856
-1.1520986656989396
-1.1085689294886096
-1.0627022052910315
-1.0203504630003484
-0.9892592653426902
-0.9782545042137794
-0.9955920980459623
-1.0462167655841763
-1.1276483674488165
-1.2241866828626686
-1.299097864917751
-1.2844181937565966
-1.0679831230418304
