Predicted value
-1.2234352655426388
-1.1562817322248273
-1.0847009122955216
-0.9947630036853843
-0.877627736047502
-0.7287560457021924
-0.5471728535660074
-0.33478094606493514
-0.09572595903178072
0.16418753541225195
0.43802883899179346
0.7182228344273506
0.9969805896011538
1.2666788587388176
1.520188480606809
1.7511516737257242
1.954208228599372
2.1251705969596757
2.2611478780273697
2.3606187017885194
2.4234530092868405
2.450882729931831
2.445421355822714
2.410732413088187
2.351446830241978
2.2729292035542183
2.1809929594386164
2.081564413855447
1.9802957287303458
1.8821267653889109
1.790795835007124
1.7082993460775615
1.6343003488914425
1.5654859770364555
1.4948737859104124
1.4110669882507185
-1.1263445805175225
-1.0613203443547272
-0.9949394704322012
-0.9129030854357683
-0.8060062064363289
-0.6693505175099825
-0.5016082493423295
-0.30433716181698944
-0.08134662958829297
0.1618851693618344
0.4187429621827883
0.681954986630018
0.944022493555571
1.1975981464144347
1.4358133177867023
1.652554282915533
1.842687310260934
2.0022326490693434
2.128487413959025
2.2200973665212733
2.2770775939374244
2.300782084611681
2.2938222008197413
2.25993404837324
2.2037947432999965
2.130787575540075
2.046716069657652
1.9574669425686917
1.868621958284434
1.7850186796706846
1.7102601172229255
1.6461732748572269
1.5922165927169587
1.5448362869953427
1.4967715867737699
1.4363088678759723
-1.0284086786833608
-0.9643830003162019
-0.902013990590087
-0.8266477363408682
-0.7287282048763841
-0.6030111222718864
-0.44782895464965833
-0.2644069924428347
-0.05623053764341268
0.1715368059655593
0.4125837395935892
0.659930773242162
0.9063586265199738
1.144785526473966
1.3685934024361779
1.5719029778864049
1.749797759330659
1.8984969221954526
2.0154770937378785
2.0995430329715044
2.150847207608077
2.170858268015037
2.162278418188832
2.128909683744059
2.075469076918394
2.0073526585933443
1.930348497330808
1.8502985254254383
1.772709291972823
1.702311612953462
1.6425691183325712
1.5951356961756824
1.5592618337800497
1.5311498558218846
1.5032580595193679
1.4635537468115096
-0.9314563783852998
-0.8674014073908491
-0.8079550636636976
-0.7381222318610074
-0.6480092986230885
-0.5320391325441394
-0.38821716712717347
-0.21744858672315104
-0.022906615454291845
0.19054809087841673
0.4168969499035211
0.6494418548032148
0.8812324734532597
1.1054424445787112
1.3156944709254632
1.506334309447591
1.6726536585105098
1.811061942109942
1.9192069911066914
1.996044621477227
2.0418571095800755
2.058220564438028
2.0479211970361484
2.014820486635593
1.9636692441032437
1.8998705722571445
1.82919172322775
1.7574248528349832
1.6899966719811035
1.6315269950593771
1.5853361853785657
1.5529014976032216
1.5332623172097808
1.5223742969584926
1.5124123903811197
1.4910227822844861
-0.8370708250689418
-0.7720581811061082
-0.714540970304685
-0.6491965190908449
-0.5658069088093276
-0.4584750573694887
-0.3248919038755389
-0.16565469624098483
0.016363618212747566
0.21659389917350058
0.42929921677137006
0.6480521520275113
0.8661609943187489
1.0770448358579972
1.2745575631904886
1.4532607457058122
1.608645421165761
1.7373027782479866
1.837043736105469
1.9069674209417842
1.9474785396021954
1.9602536501805408
1.9481563296419355
1.9151012384612873
1.86586708227761
1.8058584705641587
1.740816672314363
1.6764792687435803
1.6181887030066444
1.57044972693124
1.5364357447670705
1.5174440539508467
1.5122999828870745
1.5167099257446646
1.522563274269336
1.5171832466118378
-0.7466053929781111
-0.6798027557041868
-0.6233136001619419
-0.5615011447706779
-0.48383624722793606
-0.3841145878308616
-0.2597249557817465
-0.1109686384777846
0.05957008621499815
0.2476023547036168
0.4476620194258085
0.6535818476235256
0.8589186171322389
1.0573271091860441
1.2428829982385816
1.4103546387997667
1.5554237492883272
1.674854992900147
1.766614455492426
1.8299370204836396
1.8653426407693188
1.8746015076536284
1.8606481167967606
1.8274442311781371
1.7797907410754192
1.723088421059326
1.663047584004264
1.6053466321147645
1.555239504967732
1.5171120245704974
1.493987137434683
1.486979053665881
1.4946962830691302
1.5125935682702165
1.5322727148527626
1.540732318511151
-0.661199139957021
-0.5918668477154263
-0.5355939242261538
-0.47644273640216817
-0.40358580621860973
-0.31052409570945727
-0.19435639494838908
-0.05509981301384581
0.10493862806173015
0.28173929635845685
0.4700961501513876
0.6640918350086897
0.8575216779056398
1.044266578354422
1.2186147965497358
1.3755326385302178
1.5108840383556685
1.6215990373000881
1.705791160060524
1.7628236879817227
1.793324829296599
1.7991517863825055
1.7833037200333146
1.749783610747313
1.7034090170309004
1.6495717307180988
1.5939463293058729
1.5421476253052557
1.4993370126082883
1.4697777098707645
1.456338900910786
1.4599487721231283
1.478996446909409
1.5086828171240825
1.5403202715362125
1.560581321307093
-0.5817918153568931
-0.5092794726360879
-0.4524970202787597
-0.3952190364684931
-0.32633240165923194
-0.2390556852472594
-0.13020963522736073
0.0004612291667986934
0.15091592183812774
0.3173931912173602
0.4949366186701172
0.6778686139197826
0.8602133074861827
1.0360683401400763
1.199925549373456
1.346940552885656
1.4731512290852704
1.5756450946078806
1.65267557884959
1.7037271955163713
1.7295296111892204
1.7320206109051193
1.7142579607538082
1.680280167490369
1.6349161351636143
1.5835437187602888
1.531797174865078
1.4852235093364254
1.4488877219981622
1.42692694834694
1.4220534982754787
1.435006791811623
1.463954191873201
1.5038407340387039
1.5456877533337563
1.575840408033427
-0.5091384210469716
-0.432881514710564
-0.3749466514453541
-0.3188334897589211
-0.2531557690616415
-0.17086179801398416
-0.06850604585798337
0.054428163267077334
0.19615485302480407
0.35316049459763854
0.5207280034186095
0.6934096329188955
0.8654487652911999
1.0311505992689272
1.1852017349211748
1.3229386554635338
1.4405651060846947
1.5353183697888662
1.6055844402540016
1.6509620917058323
1.6722758458077163
1.6715378355662887
1.6518585662529248
1.6173065733410148
1.5727169774590424
1.5234489363594752
1.4750919939034643
1.4331213260613533
1.4025018839289958
1.3872414337598822
1.389892494013072
1.4110031694169467
1.4485168820487524
1.4971209994299768
1.547544359637504
1.5858036934306154
-0.44382332552998705
-0.3633398498180149
-0.30368939785350424
-0.24810938379781566
-0.18495271277180692
-0.10690937087843588
-0.01027911820954408
0.10570471516315094
0.23950033021288641
0.3878314569984853
0.5462102497208008
0.7094090787949733
0.8718812199384873
1.0281304402750457
1.1730294814542472
1.3020874397870785
1.4116660433972121
1.4991448263881126
1.5630352000259546
1.6030434209383473
1.620082456328872
1.6162327462074217
1.5946518626363588
1.5594330659924747
1.515412758244762
1.4679268332479944
1.422515924052117
1.3845795472274438
1.3589791442056676
1.3495900196366757
1.358802176761173
1.3869700497991237
1.431811133353989
1.4877535088327853
1.545232267881941
1.5899348328389769
-0.38627393116203557
-0.3011610214634324
-0.23930834139498947
-0.18370354237805797
-0.12245080827444221
-0.04799354708430803
0.043611814371717905
0.15337093278625424
0.2799755477146777
0.42037637794045013
0.5703049148562531
0.7247441128609291
0.8783479767722356
1.0258100462554056
1.1621807772675181
1.2831338205176772
1.3851811969430032
1.465837370200428
1.5237322161743012
1.5586728894998092
1.5716545871021987
1.5648202087518113
1.5413689146349252
1.5054135799404107
1.4617871464621888
1.4157978712175052
1.3729334720810065
1.3385141704346308
1.3172946308333087
1.313014797686463
1.3278996289553329
1.3621077268660944
1.4131288656387984
1.4751304162321102
1.538252668103861
1.587853047987422
-0.33677389447687833
-0.24670446987312644
-0.18223630359247522
-0.12611957219890213
-0.06622165760203558
0.00524905956960664
0.09246830361122327
0.1966699044001161
0.31676869506989536
0.449932306700501
0.5921018600240224
0.7384615541463341
0.8838571522845362
1.0231633645202076
1.1516001275684662
1.2649977815628382
1.3600111438559388
1.4342824798359592
1.4865533707589622
1.5167254785969913
1.5258702079019844
1.5161872646854984
1.490912112314244
1.4541723244214264
1.4107928348338987
1.3660500845151238
1.3253750655239411
1.294005261989148
1.276585488099889
1.2767176231118527
1.296459243369273
1.3357711513427555
1.3919138016828918
1.4587926242896998
1.5262522443978614
1.5793195996777794
-0.2954758996146758
-0.2001953141946311
-0.13276863657060778
-0.07572066260824739
-0.01669369784831387
0.05232754744477486
0.13573996025022472
0.23499492377395303
0.34922011344748083
0.47579018994264555
0.6108463892021088
0.7497650094856834
0.8875747954324669
1.0193232191387804
1.1403916582519222
1.2467594710797263
1.3352169687159332
1.403527284181366
1.4505371385809203
1.4762365042763577
1.4817671650749153
1.4693801734337182
1.4423422046800014
1.4047908082471472
1.3615385559265247
1.3178260871351406
1.2790240511991005
1.250283946652878
1.2361378575543935
1.2400470868159028
1.2638996865506904
1.3074568854355793
1.3677484130892439
1.4384167214663357
1.5090101032674097
1.5642247073646809
-0.26241398485514544
-0.16173668780105022
-0.09107556713152976
-0.03274193844934947
0.02583543721387871
0.09288435667385331
0.1730120748855586
0.26787710225104133
0.3768098989429909
0.49738246624414173
0.6259268349024759
0.7580024505022352
0.8888124558507478
1.0135688703810564
1.127806666570363
1.2276467433742762
1.3100077966768722
1.3727670867565647
1.4148701027677797
1.4363891242384432
1.4385306795832795
1.4235919016329133
1.3948657801787843
1.356495311533871
1.3132765451092236
1.2704105270063046
1.2332041406251397
1.2067198442882763
1.1953743058805544
1.2024859345046846
1.2297713091526303
1.2767905043928103
1.3403413130731017
1.4138023660396515
1.4864251488715032
1.5425749156310253
-0.23751542225513056
-0.13132162669982161
-0.05721409393482846
0.0026976339880677713
0.061187002410267866
0.12668334566719874
0.20399368570497245
0.2949734277128575
0.39914595277155307
0.5142711075172754
0.6368625908216516
0.7626542374874263
0.887015198959975
1.0053140210546219
1.1132316186997775
1.207023147695873
1.2837287734901177
1.341333336967049
1.3788749172549077
1.3965022915478102
1.3954812919437378
1.3781500592983298
1.3478231940944887
1.3086448043277943
1.2653904504077247
1.2232179870746895
1.1873673023328706
1.1628089533988706
1.1538416996661727
1.16363893268541
1.1937440031604412
1.243514444960235
1.3095150961465745
1.3848601170175479
1.4585039051668733
1.514480907559017
-0.2206121503906191
-0.10884451104589221
-0.031139437781907642
0.03058378791224392
0.08928967333841697
0.15359831451495087
0.22850609311802184
0.3160552704387982
0.4159524783564066
0.5261361073267117
0.643292591386897
0.7633215901758621
0.8817500679704269
0.9940952697373415
1.09617659420111
1.1843763639276204
1.2558494924235846
1.3086820482517882
1.3419987161621485
1.3560191552385799
1.3520632540616737
1.3325052828871808
1.3006769428403069
1.2607193121258167
1.2173836892539478
1.1757813332821294
1.141082101072517
1.1181619815653305
1.111199527068004
1.1232211815601434
1.1555955060142953
1.207476300732523
1.2751946246987926
1.3515997119471663
1.4253487849458084
1.480145764996795
-0.21145176020316647
-0.09411205975933923
-0.012716045004770749
0.050995943869418525
0.11016852543656475
0.17360197528469246
0.2464718212825534
0.3309973358614744
0.4270589253130139
0.5327644161024305
0.6449642381979552
0.7597155054158795
0.8726949927814476
0.9795610109055592
1.0762641773772805
1.1593070851721679
1.225952868076396
1.2743826631266972
1.303801970066111
1.3144959078155403
1.3078333679611203
1.2862200652573914
1.2530004851462853
1.2123087282919192
1.1688682521311993
1.1277405094402324
1.0940224839165462
1.0724931227771215
1.0672086663722307
1.0810468748150868
1.115200151627301
1.1686175644001495
1.23739576247165
1.3141187916194452
1.3871468057694996
1.4398536757205989
-0.20970803395075066
-0.08685387824740909
-0.0017281439592564674
0.0640966444794202
0.12393445994804608
0.18675536921468217
0.2579040265267518
0.3397670642175816
0.4323893803287451
0.5340393232482249
0.6417227733643732
0.7516461217356893
0.8596281457764046
0.9614607819578735
1.053218795525776
1.131518347233129
1.1937244570891097
1.2381073651236811
1.2639477891680322
1.2715910796508252
1.2624502714102555
1.2389580325219123
1.2044675101424585
1.1631020733691129
1.1195539531149425
1.0788317789999684
1.0459570132580727
1.0256092816597224
1.0217206014504991
1.0370185063054356
1.0725180682991668
1.1269628168918855
1.1962145549311067
1.272592071669247
1.3441587527970045
1.393959087492556
-0.21499103726305524
-0.08673255923097578
0.0021101453773271217
0.07012143606684251
0.1307740767812775
0.19319773080265978
0.2628963526667645
0.34241447709433936
0.43195240493814047
0.5299302861457833
0.6335010997383969
0.7390125308050883
0.8424177445132195
0.939635057134486
1.026856504086815
1.100805304992061
1.1589422257495225
1.1996208376252584
1.2221916733572165
1.227055280276172
1.215664170442477
1.190473667798614
1.154841652337561
1.1128772012869685
1.0692381273091411
1.028877413716831
0.9967385467048393
0.9773997445974267
0.9746670841115346
0.9911165236358137
1.0275848235254614
1.0826093634128706
1.1518168565340852
1.2272609610710656
1.2967087885097648
1.3428763090140086
-0.22685676430116963
-0.09335333667542844
-0.0008548512958714838
0.06936919718779366
0.13093999426532443
0.19313679879023393
0.2616132332199066
0.33906247087151486
0.4258313201937458
0.5204832060543423
0.6203100480434447
0.7217930357927508
0.8210123013104755
0.9140054883321287
0.997075218687095
1.0670454556810272
1.121466764494047
1.158770469594755
1.1783717091700487
1.1807213865707527
1.1673070187730545
1.1406024818557525
1.1039666534933095
1.0614909524647191
1.0177957751781799
0.9777758292115766
0.9462943638687733
0.9278262977517143
0.9260502433483351
0.9433894286362803
0.9805015157024335
1.0357173163782538
1.1044284048909243
1.1784236275303055
1.2451745093317008
1.2870695577744327
-0.24481633602173147
-0.1062732928259873
-0.010225578409742031
0.06219291405221439
0.12474161580104282
0.18683957404283635
0.25428064051343124
0.3298975570590119
0.4141749382325256
0.505811150905916
0.6022290908981545
0.7000358566190902
0.7954313197291013
0.8845655928145609
0.9638453940791084
1.0301893090507335
1.0812319493046656
1.1154770082020757
1.1323992136445837
1.13249517784458
1.1172831441113493
1.0892516306530111
1.0517569713942625
1.0088697538099356
0.9651701537743589
0.9254921674265342
0.8946167400511155
0.8769137919751998
0.8759331414809337
0.8939443247339152
0.9314253127274181
0.9865001252424155
1.0543253418234215
1.126425509770134
1.1899774491448882
1.2270434547959255
-0.26834475154546666
-0.12501011834744213
-0.025562019436131678
0.04899090284178076
0.11253634340779017
0.17462352432525563
0.24117728168888553
0.3151610495300423
0.3971887407378468
0.4860855249960986
0.5793975037360017
0.6738502821047009
0.7657564379496258
0.8513718878186459
0.9272011499760338
0.9902515044342363
1.0382360500014578
1.0697256583450487
1.0842498250707078
1.0823464178174873
1.0655603213686142
1.0363909797781157
0.9981888355132549
0.9550006656127772
0.9113638148609639
0.8720493259774951
0.8417539668231235
0.8247411546211552
0.8244307771947416
0.8429379112199764
0.8805604374948084
0.9352155532237565
1.0018251813184387
1.0716502767139096
1.1315740297007997
1.1633339662732771
-0.2968891926301822
-0.14905042556831116
-0.04639001890319161
0.030198478923369798
0.09472123816572386
0.15684823597274788
0.22262624160203304
0.2951406986498686
0.3751265042970413
0.46152768557044654
0.5520059726205004
0.6433982690143714
0.732123019045011
0.8145354720560004
0.8872318437822034
0.9473023747062288
0.9925332854307027
1.0215576290663484
1.033955040635877
1.0303003834936864
1.0121612927613686
0.9820446157790284
0.9432917495724074
0.8999228753358233
0.8564300899309096
0.8175194344011738
0.7878018195023571
0.7714328482486073
0.771701535474461
0.7905679244126309
0.8281496002876088
0.8821571009250699
0.9472782243770941
1.014511233563189
1.0704469579271279
1.0964997921095945
-0.3298768812481674
-0.1778576148294322
-0.07220915751514712
0.006280072958114502
0.07172512755365479
0.13390751245771626
0.19898707261835513
0.270162772300121
0.3482823726545421
0.4324010063064272
0.5202886489559715
0.6088864879966732
0.6947121881490588
0.7742140541102178
0.8440740902191468
0.901459957137901
0.944225825548558
0.9710621268659878
0.9815942009664327
0.9764298409318969
0.9571557348103454
0.9262828043917108
0.8871404409997097
0.843719638299469
0.8004650221209607
0.7620157772982461
0.7328954715245268
0.7171507762230099
0.7179390844335778
0.7370650257152676
0.7744658780645608
0.8276458768494859
0.8910594207595182
0.9554431747713066
1.0070970701301882
1.0271142013475352
-0.3667224902680224
-0.21087929393697546
-0.10250018037649111
-0.022278206093978792
0.04400115968249674
0.10622191985196805
0.17064833130412582
0.24058458379869108
0.31698337586059133
0.3990033876909511
0.4845156510938895
0.5705588164191246
0.6537433165203924
0.730604427729669
0.797904227847206
0.8528824511473735
0.893456240400311
0.9183687959093906
0.9272869215644859
0.9208474679110523
0.9006526722350152
0.8692143956634679
0.8298472572811787
0.7865106652629063
0.7435997450215253
0.7056851643719598
0.677201855710928
0.6620866352124929
0.6633647190394252
0.682685136570373
0.7198050406428422
0.7720229148119846
0.8335606776251949
0.8948946839125234
0.9420356230928832
0.9557573144960809
-0.40683510724092287
-0.2475542507198809
-0.13673197832060913
-0.054975561073833834
0.012019804424277858
0.0742317791845506
0.13802056201306256
0.20678746671520054
0.28158239631553006
0.36166021429347517
0.44498601283480455
0.5286892780989303
0.6094669525020125
0.6839353940158752
0.7489312324827295
0.8017611229457078
0.8404003959952063
0.863640605131036
0.8711859711403833
0.8636987234915808
0.8427933387436842
0.8109796759718632
0.7715550092085948
0.7284449569006732
0.6859933083820227
0.6487007473623231
0.6209124724314429
0.6064547145796825
0.6082201517338247
0.6277022203089975
0.6644783237763421
0.7156419382464934
0.7751836150688676
0.8333208804467587
0.8757770320682479
0.8830088327529122
-0.44962475129128965
-0.2873189786917223
-0.1743681223428215
-0.0913030498275269
-0.02373769856327046
0.03839060569515662
0.10152972736855115
0.16917019658204313
0.24245158170965553
0.3207177589346778
0.40202107882583793
0.4835754299292947
0.5621581993764305
0.634461130507459
0.6973900775108374
0.7483136570784918
0.7852607970768493
0.8070671822336788
0.8134705968407437
0.8051551644722603
0.7837444847191685
0.7517436669392084
0.7124302610228077
0.6696940851747808
0.6278259507118304
0.5912552838758651
0.5642366446631218
0.5504851426691
0.5527607499493007
0.5724015108957823
0.608805649129516
0.6588625714085581
0.7163327685520278
0.7711766133798954
0.8088320556685753
0.8094412141223364
-0.4945084431119007
-0.32961375581699626
-0.2148729511378531
-0.1307496815149487
-0.0627854449165497
-0.0008410050168934369
0.061611085641446905
0.12814285950100268
0.1999762048586592
0.2765370337507159
0.35595834685375305
0.43553219540131016
0.5121105401163728
0.5824550071596668
0.6435355410937651
0.6927779548629984
0.728260376789182
0.7488585945831443
0.7543402963720702
0.7454082087426502
0.7236921318000404
0.6916898712426309
0.6526570674526226
0.6104459216024151
0.5692928187768013
0.5335548481109736
0.5073952199443372
0.4944175799901328
0.49724922052086973
0.5170731885695667
0.5531092911468032
0.6020439974735776
0.657409238229977
0.7089101018196535
0.7417014276501148
0.7356132964288156
-0.5409158280634276
-0.3738882763818343
-0.25771721174173434
-0.17280806602287324
-0.10463852375034888
-0.043001043948093676
0.018703515023446693
0.08412116764544642
0.154548970434635
0.22948808815305166
0.30714575703360125
0.38488614502142204
0.45963010903106283
0.5282038492194692
0.5876364602747777
0.6354063797209198
0.6696367332380364
0.6892395769986984
0.6940090370199392
0.6846633455310948
0.6628357743574534
0.6310144653197143
0.5924311576492559
0.5508988124192117
0.5105981339913577
0.47581298847880654
0.45061471922451246
0.4384953592955838
0.44194974099340667
0.4620065023795765
0.49770799081763517
0.545539063530629
0.5988047851744578
0.6469570224270509
0.6748699355933381
0.6620643672260407
-0.5882943523783828
-0.41960683596914583
-0.3023832532781161
-0.21697961648246844
-0.14881822894653807
-0.08763130875062153
-0.02675571520395681
0.03752122165809124
0.10656476859266562
0.1799447536838551
0.25593642789294274
0.3319702236244652
0.4050304103080782
0.47200264699623357
0.529970431977664
0.5764604494066777
0.6096368129482612
0.6284442064389923
0.6326999215637622
0.623134792548305
0.6013830278675387
0.569920938969714
0.5319545660163713
0.49125620063810926
0.4519498057061609
0.41824533211977816
0.39412193260942685
0.3829600725557908
0.38712253782458417
0.407484339617173
0.4429115163370063
0.489688832471858
0.5408963744918713
0.5857350437634232
0.6088009464787874
0.5893086806016123
-0.6361139924695038
-0.4662530695381739
-0.3483697738090208
-0.2627793048912195
-0.19485682354717437
-0.13428217689662758
-0.07433572660495424
-0.011245280055651063
0.0564158754929841
0.12827983576698243
0.2026838393516423
0.27711892458227916
0.34862748345078054
0.4141497125279741
0.4708189609018022
0.5162059751313068
0.5485120412164232
0.5667110235835823
0.5706403010871229
0.561040600026513
0.5395447241793795
0.5086151818503466
0.47143070993568637
0.4317216950037736
0.3935544913913543
0.3610646363156204
0.3381389620020944
0.3280466048283244
0.33301891148338547
0.3537782421431934
0.38901567066162324
0.43481758177744445
0.48404116533705555
0.5256388075330345
0.543931379158495
0.5178304208772575
-0.6838715373425641
-0.5133342426084933
-0.3951961202900107
-0.30973997083928584
-0.24230185725203657
-0.18251693194695795
-0.12361636662931819
-0.06177538513876024
0.00448760071870602
0.0748607523545286
0.1477374625972398
0.2206639109078955
0.2907355156113225
0.3549422831431749
0.4104630543128006
0.4549086475819148
0.48651389935908496
0.5042786013100237
0.5080573346836902
0.4985982016542025
0.47753045367855673
0.4473010168701578
0.4110599143881567
0.3724945858425993
0.3356131037153825
0.30447628679702016
0.28287871063921854
0.27397861502326015
0.2798767084441969
0.30114386961085216
0.33629774596163386
0.3812282491961516
0.42857194782265173
0.46703535672124996
0.48066712372298426
0.44807911320466687
-0.7310944241136013
-0.5603850955484169
-0.4424061416297853
-0.3574161833402758
-0.2907200370205911
-0.23191564292429478
-0.1741920967567272
-0.11367878419811206
-0.04884561841085733
0.020045619468956555
0.09143883685589571
0.16293008325530134
0.23166290081922775
0.29467257191818896
0.3491792637287148
0.39283006983671553
0.4238899488566567
0.4413815600665419
0.44517399605870545
0.43602041240641337
0.4155445543462746
0.3861761804764605
0.3510353834707337
0.31376580780828567
0.2783167645193843
0.24867424294683005
0.22854081952322025
0.22096446356402522
0.2279162400764696
0.24981690958422775
0.2850124249679218
0.3291983253214361
0.37479302682403404
0.41026001062829254
0.41937890776383036
0.38046548105686284
-0.7773441266305716
-0.6069712409678387
-0.4895715948541999
-0.4053876557664551
-0.3397006507783711
-0.28207859679072445
-0.22567543374551924
-0.16658126082441194
-0.1032236756313164
-0.035820216359202295
0.03411809305891145
0.10423209481477741
0.17170874610554793
0.2336242650302116
0.2872361735018392
0.3302242371756391
0.3608803023928225
0.37824703014027566
0.38220552702604377
0.37351187327062174
0.35378254771405543
0.3254287498388517
0.2915396188086974
0.25571434952298744
0.22184320568716226
0.19383742989885405
0.17530805074984257
0.16919358694381892
0.17733664842996133
0.20000943455231512
0.23538812921498709
0.2789761930631449
0.3229765526798287
0.35561268679856894
0.36039860953181746
0.31535775061517946
-0.8222190971994374
-0.6526921142154984
-0.5362951043747168
-0.4532622138883706
-0.38885854422779387
-0.33262928402973047
-0.2776999439858654
-0.22012769471655402
-0.1583038076287414
-0.09240719875806869
-0.02390907559517541
0.04487131310381115
0.11115982452259288
0.1720694660058291
0.22489133629607255
0.267334463786515
0.297714541789542
0.31509156082109663
0.3193563379008524
0.3112659428681951
0.29242802171401394
0.26523401692830195
0.232741284863565
0.19850411011404048
0.16635361691072487
0.14012657753220997
0.12334311773132922
0.11883331917761208
0.12831271891554896
0.15190670583866228
0.18762381417939156
0.2307779140147821
0.2733592987879865
0.30335466984557424
0.3040160179906528
0.253078402051786
-0.8653572614146703
-0.6971834769806673
-0.5822126743612748
-0.5006783170189093
-0.43783665076339284
-0.3832169373326143
-0.3299227909573691
-0.27398461791040174
-0.21376315903962967
-0.1494041352855643
-0.0823439961829201
-0.014866771346415397
0.05028797505923571
0.11026608686514155
0.16238865545985937
0.20439075636683088
0.23460908283762738
0.25211847646100377
0.25681735478776163
0.24946203597142144
0.23164996042470393
0.20575180949182062
0.17479252113657312
0.14228120264626226
0.11198994035140561
0.08768150636126426
0.07278596231517881
0.07002616014971486
0.08099213988161769
0.10566442440657375
0.14188621131378487
0.1847844617163501
0.22613988609745395
0.253705827172368
0.2504760397662604
0.19390136770781297
-0.9064380660941844
-0.7401194739992674
-0.6269957542195828
-0.5473071322617706
-0.48630807449147895
-0.4335186233893352
-0.382026835791096
-0.32784232411199776
-0.2693009005552942
-0.20652032430498268
-0.14090715170272627
-0.0747146894089625
-0.010652050548205533
0.04845568616146215
0.09995621429470625
0.14160763462106707
0.17176498702289464
0.18951567942909275
0.19476381376467242
0.18826340891611446
0.17160052071254106
0.14712425892269632
0.11782670126773617
0.08717170444982755
0.05887261219655607
0.03661886032114314
0.02375147879847278
0.022887490856926096
0.03549320908602693
0.0614064285598942
0.09830751697650553
0.1411394018127683
0.1814764544954015
0.2068422715876257
0.19997635299166028
0.13804967716703231
-0.9451840803186924
-0.7812142428644053
-0.6703528571728468
-0.5928541618643781
-0.5339777263542309
-0.48324088778378305
-0.43372229093602066
-0.3814165311351969
-0.32463990013067995
-0.26348723496498894
-0.1993398698260262
-0.13442469088349537
-0.07142429410951298
-0.013138246083410826
0.037804552219271925
0.0791823986536043
0.1093662201478896
0.12745389996209944
0.13335350196211754
0.12781539190979244
0.11241325576879944
0.08947401502631132
0.061956639030478544
0.033279854343718496
0.007098751111813795
-0.012969713551180595
-0.02367231516222068
-0.02249626445274755
-0.00809701293635312
0.01922283853936413
0.05698352825675146
0.09994701910786485
0.13948478109003926
0.1628944708172706
0.15266550804740042
0.08569354922512318
-0.9813621495754883
-0.8202230769413426
-0.7120307319479118
-0.6370604236752018
-0.5805835133582005
-0.5321209529934681
-0.48474792692990476
-0.4344495964437233
-0.37952794729760353
-0.3200597402840407
-0.25740556475288506
-0.19376999512307097
-0.1318128503785384
-0.07431155654834448
-0.023874612170965634
0.01729384325720807
0.047578357849189824
0.06608539291051967
0.07272544553819901
0.06824406823543343
0.05420178554218463
0.03290290768153191
0.007273241221842447
-0.019313303245249602
-0.04325920641105427
-0.06101893854022819
-0.06942566074536799
-0.06606902924579394
-0.04972410261052573
-0.020831351985448054
0.01797222569533341
0.06127089151394238
0.10023684538899547
0.12194580391167165
0.10864147519759193
0.03694893075450789
-1.014784103006655
-0.8569431413868789
-0.7518150875658367
-0.6797031847055159
-0.6258970809072542
-0.5799274694936408
-0.5348718322745972
-0.4867112857976542
-0.43373853058242023
-0.3760169033392374
-0.3148905321720315
-0.252545594765351
-0.19162267955559803
-0.1348802498864496
-0.08490921114846986
-0.043898580902913514
-0.013452261989719841
0.0055430813803024675
0.012999044549099063
0.009655400350803651
-0.0029410859330201607
-0.022508944602327025
-0.04615539255172965
-0.07055082726782871
-0.09215442381073435
-0.10749083477977836
-0.11347799326341707
-0.10780601877332507
-0.08936722616267967
-0.05873723752863824
-0.01870719709900248
0.02513291089692249
0.06375984137328139
0.0840315645484262
0.06795063912149146
-0.008123517535232772
-1.0453070137616987
-0.8912137422731725
-0.789530871236892
-0.7205962477955785
-0.6697241082399312
-0.6264608199658377
-0.5838917264157606
-0.5379990950043289
-0.4870711680281131
-0.43116231655959203
-0.37160429732531275
-0.3105686125682391
-0.2506799728942922
-0.1946808631030819
-0.14514721100282868
-0.10425515920947612
-0.07359893992999564
-0.0540598527298808
-0.045726345284832826
-0.04786519711663717
-0.058943806313231276
-0.07670357923296253
-0.09828442319303748
-0.12040034214216205
-0.13956613531737247
-0.15237519888505702
-0.15582843056616907
-0.14771423724563038
-0.12703964556592573
-0.09451251550488815
-0.05307485693767622
-0.008487249182939527
0.030035636466820836
0.049138411230706946
0.030587240340679944
-0.04951898844136915
-1.0728330124546033
-0.9229161488159787
-0.8250420993599779
-0.7595897913852321
-0.7119041569712322
-0.6715529766108469
-0.6316348258270225
-0.5881381247736815
-0.5393512908208095
-0.4853239941237298
-0.4273795161765748
-0.36767821134994305
-0.3088320714127502
-0.25357039303826967
-0.20445654829436466
-0.16365585811791067
-0.13275456877340933
-0.11262993129579278
-0.10337138391741875
-0.10425283747925748
-0.11375606382626853
-0.1296451871869686
-0.149092278537191
-0.1688540529480352
-0.18549966991800712
-0.19568963668935196
-0.1965058145485752
-0.1858325281111569
-0.1627887775904564
-0.1282115540508061
-0.08519025764479848
-0.039652218834763
-0.0009993225984343823
0.01720426438119027
-0.0035067364581991
-0.08728864871646813
-1.097308653725313
-0.9519729687073106
-0.8582512416264745
-0.7965697623889383
-0.7523100727388305
-0.7150669115661051
-0.677957263198551
-0.6369805086779999
-0.5904296800207216
-0.5383538174620115
-0.48207142968496824
-0.42373505703346337
-0.3659469377093003
-0.3114257769535654
-0.2627246192121695
-0.22199982328558068
-0.19083114046274693
-0.1700928956392112
-0.15987627141941596
-0.15946269520319933
-0.16734832925648252
-0.1813196637661469
-0.1985802128791028
-0.21592831372554971
-0.2299860284264262
-0.23747914908505174
-0.2355683057629579
-0.22223117743991294
-0.1966958059581349
-0.15992501295069694
-0.11515191975412242
-0.06846657030517278
-0.029453657021824897
-0.011881349668437124
-0.034441227205114444
-0.12153931262125095
-1.1187238359056426
-0.978347076552534
-0.8890981582285147
-0.8314568221752281
-0.7908469399537083
-0.756895560427515
-0.7227430597300577
-0.684404394216109
-0.6401814563975132
-0.5901265338630809
-0.5355568711826785
-0.4786203347955056
-0.4219121808825651
-0.3681429262233238
-0.31985732203656375
-0.2792044308054236
-0.2477588060866332
-0.2263927753039362
-0.21519982552570585
-0.2134690922267502
-0.21971095103430918
-0.2317337124582421
-0.24677141960540605
-0.2616627488782249
-0.27308101365745013
-0.2778152709691114
-0.2731025311356591
-0.25701107041129667
-0.22887484660150492
-0.1897790176667561
-0.14309656331041987
-0.09507600955086026
-0.05548025627772257
-0.038276507792408765
-0.06237730633275307
-0.15243266858187843
-1.1371102737896077
-1.0020400954118807
-0.9175585901716794
-0.8642048456505841
-0.8274505896552189
-0.7969603388756904
-0.7659026505282217
-0.73031247698198
-0.6885046233700896
-0.640538308184839
-0.587732826857081
-0.5322343183198173
-0.47663363455598073
-0.42363531313040376
-0.3757776527059806
-0.33520389154401825
-0.30348448898878055
-0.2814905099362207
-0.26931811228690705
-0.26626413738313737
-0.2708528034302467
-0.2809135019021032
-0.29370969693079785
-0.30611892768052185
-0.31486391370563827
-0.3167947632929421
-0.3092222847881116
-0.29030240090635173
-0.2594716660272278
-0.21793388647368805
-0.16919784377528235
-0.11966612091556517
-0.07927503156369431
-0.06218565229021822
-0.08752595776705485
-0.18018405895166456
-1.1525395245081844
-1.0230904314463893
-0.9436422026921194
-0.8947989734477437
-0.8620856604705749
-0.835209212406624
-0.8073709631085441
-0.7746300879377637
-0.7353181630508137
-0.6895048276698418
-0.6385145493373227
-0.5844944921549533
-0.5300334880067437
-0.4778321107662964
-0.43042385348827705
-0.3899474085840767
-0.3579700509816639
-0.3353621242696283
-0.32222262982541555
-0.31785591892775167
-0.3207994878532602
-0.32890287595726864
-0.3394576667388061
-0.34937859188979364
-0.35543573832842223
-0.35453785821672446
-0.34406678196233553
-0.3222629342044454
-0.2886619527839434
-0.244582410697751
-0.19366464103734715
-0.14246066491148524
-0.10107522235309863
-0.08385790621039879
-0.11014639902216494
-0.20506081287722155
-1.165120566508492
-1.0415708616682682
-0.9673901817781074
-0.9232532172184298
-0.8947432126787576
-0.871614319166784
-0.8471050490016219
-0.8173028337912499
-0.7805596853941486
-0.7369589598651237
-0.687833224385327
-0.6353332271764611
-0.5820479703991795
-0.5306758860356768
-0.4837471147564682
-0.44339688777136155
-0.4111900116646197
-0.38799645621431383
-0.37391804519586735
-0.3682662501697913
-0.3695910872536095
-0.37576111687797675
-0.3840945465269849
-0.39154143646266265
-0.3949170084336646
-0.3911860573681517
-0.37779846605086237
-0.35307582278437455
-0.31664914203455946
-0.26994768806022446
-0.21673890152694864
-0.16371942910510895
-0.12115725605209526
-0.1035849417787178
-0.1305439583998096
-0.22738013226900922
-1.174996931637399
-1.0575856747956878
-0.9888723837960056
-0.9496076180305044
-0.925437895378857
-0.9061691458926316
-0.8850812684638514
-0.8582937904777515
-0.8241826304497226
-0.7828479636464467
-0.7356331906912257
-0.6846950091534957
-0.6326245881225394
-0.5821198457653827
-0.5357088298688866
-0.4955242013660277
-0.4631288208463705
-0.4393924380507306
-0.42441948435002874
-0.4175279682083347
-0.41727947363010365
-0.4215602615916031
-0.4277134744565298
-0.4327224433758179
-0.43344509867163883
-0.42689948320559074
-0.41060036873108047
-0.38294697522989385
-0.34366179323296037
-0.29428050912530535
-0.23869303343519577
-0.1837356321074748
-0.13983416076108868
-0.1216984019308025
-0.14906750529311052
-0.24750653087633623
-1.1823433903295586
-1.071267365211997
-1.008184038220665
-0.9739249578695508
-0.9542046667628323
-0.9388852569545665
-0.9212920282925547
-0.8975802497464126
-0.8661530237198213
-0.827130253346974
-0.7818687127732133
-0.7325332204198576
-0.6817189152332197
-0.6321246359178164
-0.5862774031537683
-0.5463080047983905
-0.5137776840719751
-0.48955593072776327
-0.4737493752061098
-0.46568178577283653
-0.46392516864177885
-0.46638197108152085
-0.47041838750632414
-0.4730487685512439
-0.4711711331314403
-0.46185378348567624
-0.44267302320400875
-0.4121019782396712
-0.3699505209051459
-0.31785629685242606
-0.25982685503747216
-0.20283288066885596
-0.15745253114059654
-0.1385668749491864
-0.16610643359481392
-0.2658488264667658
-1.1873621898998676
-1.0827728800293612
-1.0254420034702505
-0.9962870242448767
-0.9810950674927003
-0.9697885765052958
-0.9557420727455317
-0.935150018850944
-0.9064457846213032
-0.8697717159903675
-0.8265003069818297
-0.7788064746494553
-0.7292909370014087
-0.6806546939087736
-0.6354246109982626
-0.595730106529118
-0.5631309412542025
-0.5384961112652832
-0.521933843822504
-0.5127726961680499
-0.5095937573240024
-0.5103139528743861
-0.5123204527314046
-0.5126561818858695
-0.5082564341418175
-0.4962365888353226
-0.47423093053749377
-0.44078257174166824
-0.39578447853479337
-0.3409715992529992
-0.2804640961213636
-0.22136167987786637
-0.17438904738153593
-0.15459242220478475
-0.18208719820993657
-0.2828566861099513
-1.1902788459403468
-1.0922794192568295
-1.0407805758454844
-1.0167904278999456
-1.0061730471821468
-0.9989152237326311
-0.9884443275650365
-0.9709972733447818
-0.9450405880519426
-0.9107415816283135
-0.869490620608666
-0.8234745047361951
-0.7753009465621562
-0.7276741540296952
-0.6831215160418674
-0.6437713910138478
-0.6111819984093325
-0.5862214132611318
-0.5689986636759524
-0.5588459313233716
-0.5543518549090025
-0.5534459366318503
-0.5535340516258574
-0.5516850603856431
-0.5448685241764306
-0.5302435234281667
-0.5054985791138323
-0.4692426771119435
-0.4214473955532442
-0.3639401351515874
-0.30094845251901026
-0.23969549646499932
-0.19104654727994586
-0.17020665900278953
-0.19746940467286134
-0.2990167245659068
-1.1913374868214512
-1.0999797890728242
-1.054346851573324
-1.0355419736272304
-1.029510343982565
-1.0263069012167045
-1.0194152971061798
-1.0051179629806721
-0.9819172790611952
-0.9500078467824709
-0.9107998640994949
-0.8664936037782934
-0.8197049946708707
-0.7731423059743472
-0.7293339344742896
-0.690407294772231
-0.6579188124973803
-0.6327350205025275
-0.6149647580441333
-0.6039424729466154
-0.5982626267508215
-0.5958652028466959
-0.5941723175901353
-0.5902759344040364
-0.5811766808635345
-0.5640737687654321
-0.5367060171818197
-0.49774397849788476
-0.44723316743391667
-0.3870883930514964
-0.32163919374388195
-0.2582263752105822
-0.20784965141612233
-0.18586638853299897
-0.2127414518688311
-0.3148481557776921
-1.1907957512978031
-1.1060773082020585
-1.066295641955056
-1.0526535841874969
-1.051181417273518
-1.0520058363916165
-1.0486700145697572
-1.0375047707146798
-1.0170508406253895
-0.987532250990844
-0.9503807963718266
-0.9078116191670151
-0.8624498925632378
-0.8170086064699208
-0.7740174564377298
-0.735602835561397
-0.7033189293667454
-0.6780299136818966
-0.6598432554926765
-0.6480941167822082
-0.6413808613546949
-0.6376516646433976
-0.6343422265028004
-0.6285645869849663
-0.6173470451000866
-0.5979251805612196
-0.5680839785132201
-0.5265510572458608
-0.4734409988911423
-0.4107507831047971
-0.3429063237319821
-0.27736010845716286
-0.22523994143818937
-0.2020487889245608
-0.2284157278598844
-0.3308979974685222
-1.1889192392183514
-1.1107802673968754
-1.0767839416188223
-1.0682367773335053
-1.071257933457626
-1.0760492761115044
-1.0762165453394998
-1.0681416248146243
-1.050405914527346
-1.023264806458584
-0.9881732632368931
-0.9473624997798398
-0.9034677679195697
-0.8592072440125645
-0.8171120195335944
-0.7793071946538523
-0.7473440748032898
-0.7220834702171337
-0.7036300984666034
-0.6913180899738112
-0.6837475965108559
-0.6788725026831104
-0.6741392403966963
-0.6666767063101497
-0.6535372822702814
-0.6319889587322236
-0.5998585611636698
-0.5559260794333054
-0.5003701001834304
-0.4352643421867683
-0.3651252946874724
-0.2975109587263185
-0.2436706914500888
-0.21924615340514908
-0.24502335881521642
-0.34773582884331233
-1.1859755153409548
-1.1142959420230163
-1.0859649498765669
-1.0823966959381446
-1.08980280485988
-1.0984635343210394
-1.1020500434237523
-1.096997764072938
-1.0819308753404162
-1.0571378808132124
-1.024098288926052
-0.9850603962780473
-0.9426701739335729
-0.8996512567073353
-0.8585360354336299
-0.8214478522197912
-0.7899342986838338
-0.7648516171762815
-0.7463002049861922
-0.7336112215313693
-0.7253842985327656
-0.7195763531730789
-0.7136415042395379
-0.7047220912508778
-0.6898907965685085
-0.666443870491872
-0.6322454593379937
-0.5861230365052206
-0.5283139365211535
-0.46096299207476793
-0.38867127403272833
-0.3190959344398905
-0.2636011525039974
-0.23796018356456305
-0.26310851104595034
-0.3659481013946402
-1.1822276662513895
-1.1168241577498068
-1.0939816451854085
-1.0952256912269847
-1.106863781731379
-1.1192575928303437
-1.1261463610015756
-1.124021356123952
-1.1115514575169514
-1.0890598329642682
-1.0580517207216178
-1.0207933145087325
-0.9799417514855466
-0.9382262032125755
-0.8981800695954838
-0.8619242758138437
-0.8310016722340858
-0.8062625373066394
-0.7878011834472654
-0.7749436659025798
-0.7662865945997649
-0.7597870489804752
-0.7529035958189336
-0.7427884100242175
-0.7265304984267346
-0.7014500265488928
-0.6654437483599585
-0.6173815390151065
-0.557554030578661
-0.48817135073152673
-0.41391296446281206
-0.34252861874564355
-0.28549039019716815
-0.25869583572274846
-0.2832222461443519
-0.38613200281312565
-1.1779274103867863
-1.1185504093447802
-1.1009599127134417
-1.1067964591152588
-1.1224665973574928
-1.1384162551943389
-1.1484552110732749
-1.1491326688656058
-1.139163935581194
-1.1189082020673853
-1.0898974266921209
-1.054416322011246
-1.0151334444200029
-0.9747833867887202
-0.9359000740826912
-0.9006011619662415
-0.8704235383909885
-0.846209928168295
-0.8280466005259081
-0.8152521796487933
-0.8064175582041565
-0.79949691385066
-0.791949828731827
-0.7809345119536367
-0.7635521250463142
-0.7371422104103037
-0.6996292227464427
-0.6499201634703179
-0.5883533181108166
-0.5171980966928684
-0.44120597710437903
-0.36821255144735
-0.30979067537319693
-0.2819547204022508
-0.30591592922745603
-0.40888887400225826
-1.1733077611634843
-1.1196385325727132
-1.107001225009958
-1.1171547296492712
-1.1366076662704516
-1.1558928536965143
-1.1688928832153507
-1.172216794985581
-1.1646278574265954
-1.1465224495927897
-1.1194600465319873
-1.085744307628056
-1.0480552679277129
-1.0091326324515226
-0.9715101734890843
-0.937301230878411
-0.908035315269498
-0.8845458143720843
-0.8669088021876052
-0.8544329512253326
-0.8457005477027093
-0.8386596097298715
-0.8307671084783679
-0.8191832923340597
-0.8010171140342224
-0.7736227607888301
-0.7349472873860369
-0.6839293522818445
-0.6209490566739615
-0.5483288865598571
-0.4708857577790014
-0.3965341640393002
-0.3369404279277166
-0.3082280549050864
-0.3317341902851263
-0.43481717919762675
-1.1685752432093213
-1.1202229291990933
-1.1121748757800938
-1.1263115095522238
-1.1492463355663567
-1.1716015094371235
-1.1873345124398782
-1.1931159295918632
-1.1877583307175588
-1.1716962544982266
-1.146517295505647
-1.114544294220039
-1.07846863003218
-1.0410346172297094
-1.0047750039676306
-0.9717975742229944
-0.9436228527337818
-0.9210729129219727
-0.9042112878008085
-0.8923339838662433
-0.8840115979725858
-0.8771825371923352
-0.8692973416602049
-0.8575141104013377
-0.8389450301437132
-0.8109540071147439
-0.7715054018220664
-0.7195638668185165
-0.6555452874513019
-0.5818188255953627
-0.5032600663709239
-0.42785526784523586
-0.36735671371851053
-0.3379891689940442
-0.36120743863253413
-0.464505029190585
-1.1639016617003382
-1.1204003450980116
-1.1165097667639086
-1.1342348778744757
-1.1602966893266213
-1.1854089455258041
-1.2036059011583096
-1.211621200947726
-1.2083178623956032
-1.1941693615063076
-1.1707918214960644
-1.1405273044861932
-1.1060782061805328
-1.0701927535270592
-1.0354016053636905
-1.003805556048289
-0.9769143420728454
-0.9555365516618622
-0.9397206373549254
-0.9287470315734629
-0.9211713651716995
-0.914918788971801
-0.9074293982832065
-0.8958547604061557
-0.8773055451194047
-0.849150258152132
-0.8093650776400386
-0.756934793565635
-0.6923048501827224
-0.6178844914250625
-0.5386010092992392
-0.462505095261712
-0.401427294580058
-0.37168556367840777
-0.39484393046706767
-0.4985222576563415
-1.1594154248019144
-1.1202212014644806
-1.1199857477198778
-1.1408413347482231
-1.169618906143833
-1.197125853378624
-1.2174748942497016
-1.2274640543111417
-1.2260077512899623
-1.2136189824862869
-1.1919426151576977
-1.1633397798877785
-1.1305233669388524
-1.0962446255889056
-1.0630308664527086
-1.0329742667871193
-1.0075717787805838
-0.987616140826828
-0.9731379917827352
-0.9633990882104216
-0.9569366246034942
-0.9516586565975063
-0.9449906271646042
-0.9340729957923568
-0.9160099706467868
-0.8881693437195849
-0.8485334289595182
-0.7961011033880291
-0.731340951199024
-0.6566955108428554
-0.5771366250944915
-0.5007718941058799
-0.43950223144249956
-0.4097305231041053
-0.43312138952966306
-0.5374120505864757
-1.155192419214329
-1.1196804791311696
-1.122524509512821
-1.1459867032466058
-1.177010169752041
-1.2064978121195526
-1.2286423072333685
-1.240307188878615
-1.2404590338325951
-1.2296507509402603
-1.209555973173877
-1.182554552676879
-1.151369158791911
-1.118752979073068
-1.0872285232823191
-1.0588775303701268
-1.0351819784402554
-1.0169161976987704
-1.004090086387229
-0.9959434297000629
-0.9909913216861461
-0.9871206901345636
-0.9817379244445618
-0.971967606479694
-0.9549023444061563
-0.9279037095153158
-0.8889542760304254
-0.8370607638975343
-0.7727082845605866
-0.6983656897207117
-0.6190420230797044
-0.5428940750676989
-0.4818850405550297
-0.45249427954828647
-0.47647818087055915
-0.5816821288258716
-1.151246438822742
-1.118708155989579
-1.12398003030625
-1.1494565843472362
-1.1821951327614715
-1.2131957610863546
-1.2367324075459618
-1.249735047833447
-1.251222982877633
-1.2417892295937911
-1.223136014618617
-1.1976613710293962
-1.1680968380473538
-1.137196263725204
-1.107475710618886
-1.0810044644434929
-1.0592471457133845
-1.0429569243665051
-1.0321198373728764
-1.0259502093272919
-1.0229371760261992
-1.020942311028771
-1.0173483552021714
-1.009259049251007
-0.9937500692309751
-0.9681710650466999
-0.930498801933759
-0.8797414049249017
-0.8163937063004592
-0.7429436960229414
-0.6644300751558329
-0.5890509122665695
-0.5288234028137141
-0.5002947315183195
-0.525304037719482
-0.6317954837140873
-1.1475191664516067
-1.1171591975156294
-1.1241285748591416
-1.150956365000161
-1.1848159334976642
-1.2168060254409134
-1.241282948922971
-1.2552438614984176
-1.2577611596252467
-1.2494679710909589
-1.2320947504228448
-1.2080569772824599
-1.180093957844286
-1.1509587291585885
-1.123159066498465
-1.098749593691079
-1.079174996433088
-1.065164338590267
-1.056676481481312
-1.0528966061458487
-1.052283838596615
-1.0526699780558522
-1.0514093281758723
-1.0455796312438257
-1.0322341053706552
-1.008704584664243
-0.9729557623867464
-0.9239905370961274
-0.8623064617718709
-0.7904032959248926
-0.7133416606916432
-0.6393527969123964
-0.5804994261937341
-0.5533877149552171
-0.5799303414602521
-0.6881606658311439
-1.1438697087235026
-1.1148031003996755
-1.1226582469271378
-1.1501007793002367
-1.1844217659450402
-1.2168198948839748
-1.2417347588846535
-1.2562312435928953
-1.2594350186499375
-1.2520191317938358
-1.2357417059450595
-1.21303473927627
-1.1866440082663015
-1.159320073738321
-1.1335603898821875
-1.1114025162609975
-1.0942684328018237
-1.082859957770644
-1.077105268731459
-1.0761565264896058
-1.0784386020192578
-1.081748906375116
-1.0834083235882952
-1.0804632465463957
-1.0699387158577673
-1.04914266169997
-1.0160212486524152
-0.9695653235132069
-0.9102679661001698
-0.840633143036067
-0.765735464518012
-0.6938310440710707
-0.6370194612860506
-0.6119568275414866
-0.6406199547098141
-0.7511216268477336
-1.1400636840223974
-1.111312989280951
-1.119158094768169
-1.1464030227639381
-1.1804580027948854
-1.2126227554743219
-1.2374208793263881
-1.2519853405943773
-1.2554950660332587
-1.2486626386863884
-1.2332730966464125
-1.2117738348003606
-1.1869156095589268
-1.1614446465699486
-1.1378458514160723
-1.1181371232966055
-1.1037147716935698
-1.095250036021937
-1.0926367082640598
-1.0949898585882907
-1.100695663951794
-1.1075123396875464
-1.1127221740755338
-1.1133346658981305
-1.1063407649796773
-1.0890182157102464
-1.0592880035535963
-1.0161219045393215
-0.9600011377391897
-0.8934261207276717
-0.8214773280266604
-0.7524272525343823
-0.6984034699384998
-0.6761028061134033
-0.7075566075016964
-0.8209471144798681
-1.135761863561327
-1.106254266586435
-1.1131067697525059
-1.1392634197105929
-1.1722548715977668
-1.2034827745523655
-1.2275552602134518
-1.241673534204445
-1.2450695706009536
-1.238494909382797
-1.2237605568702192
-1.2033279891442894
-1.1799512584514948
-1.1563702025925287
-1.1350547572952645
-1.1180003715719207
-1.1065745260604216
-1.1014143543499422
-1.1023753672906507
-1.108531280287635
-1.118224943579028
-1.1291703754983131
-1.1386058987208358
-1.1434983794944893
-1.140798569854602
-1.1277475528230132
-1.1022342905913418
-1.0632042756884366
-1.0111192851320336
-0.9484682375645859
-0.8803291533733002
-0.8149822177943541
-0.7645739470013094
-0.7458324571777131
-0.780833836573892
-0.8978196205479381
-1.1305083655545127
-1.0990728154741478
-1.1038607380772325
-1.1279576437480363
-1.1590156840203734
-1.1885391387681716
-1.2112210063802267
-1.2243306969191532
-1.2271528282645279
-1.220477125240214
-1.2061394217258887
-1.1866137657527545
-1.1646556275834419
-1.1429962107761016
-1.1240878662326965
-1.109900609231472
-1.1017697394436246
-1.100294563934161
-1.1052882231469479
-1.1157786198739479
-1.1300604512086552
-1.1457983434837127
-1.1601810901927299
-1.17012699289628
-1.172540305112097
-1.1646187791894627
-1.1442123161677809
-1.1102327186193437
-1.0631145464762926
-1.0053270758417603
-0.9419373607852191
-0.8812243981220054
-0.835344395177043
-0.8210471405327546
-0.8604434777611676
-0.9818238821402043
-1.1237184024938884
-1.0890827558808591
-1.0906420455851422
-1.1116244913626891
-1.139804618206779
-1.1667898452139016
-1.187358177433822
-1.1988470007038408
-1.200592979467241
-1.1934230575759317
-1.1791965620772809
-1.1603984099851337
-1.139783418035027
-1.1200717154235993
-1.1036952595321758
-1.0925954546345622
-1.088071873589021
-1.0906820825144332
-1.100192568450665
-1.1155807700031124
-1.1350882109714435
-1.1563247369625294
-1.1764238549875647
-1.1922491760433842
-1.2006519606779653
-1.1987797675401213
-1.18443620491339
-1.156491785234108
-1.115345882593679
-1.0634397932250346
-1.0058208989732786
-0.9507579337505334
-0.9104073529749668
-0.9015308059940139
-0.9462637114917938
-1.0729349358807103
-1.114665581530065
-1.07545375367424
-1.0725256356880708
-1.0892532086140725
-1.1135340542441288
-1.1370790456606912
-1.154751140762139
-1.1639552787723666
-1.1640793797345261
-1.1559864469889911
-1.1415577726354917
-1.1232872459794456
-1.1039267649624858
-1.0861827505771724
-1.0724637642658923
-1.0646792283039659
-1.064089249166925
-1.0712055438819932
-1.085743469363754
-1.1066251547340111
-1.1320337366258377
-1.1595186974718183
-1.18615230677648
-1.2087371653729146
-1.2240648526635947
-1.2292256768453755
-1.221969528118695
-1.2011178348809533
-1.1670266229040978
-1.1221006774963862
-1.0713588086483465
-1.0230502191629283
-0.9893219757698426
-0.9869375832240943
-1.0380466613887056
-1.1710057253016264
-1.1024687579577144
-1.0571978829094233
-1.0484262203946355
-1.0596703709337305
-1.0789514627327592
-1.098083943899936
-1.112015477646338
-1.1182179404707662
-1.1161295233288304
-1.1066479357862002
-1.091674713156059
-1.0737106266207475
-1.0555021963375957
-1.0397393075289445
-1.0288039295563616
-1.0245699379790465
-1.0282540395964306
-1.0403178004749578
-1.0604207769590714
-1.087424749666372
-1.1194490604669918
-1.1539770524471296
-1.1880136128568057
-1.2182938190417851
-1.2415426873597093
-1.2547860250804042
-1.255712385270389
-1.2430861246615688
-1.2172115645041277
-1.1804482544036003
-1.1377773391421455
-1.097419028484003
-1.0715011699651453
-1.0767789246671198
-1.13540554597508
-1.2757542613200097
-1.0860784418053848
-1.0331560411900038
-1.01708470444242
-1.021526316028599
-1.0346258464607292
-1.0483012461890304
-1.057584442477749
-1.0600134392653482
-1.0550755200088862
-1.0437015535125855
-1.027811402740598
-1.0099104366139464
-0.9927371447916808
-0.978961855436201
-0.9709365559627847
-0.9704958167733042
-0.9788088179741323
-0.9962824790782361
-1.0225156916914702
-1.0563046551830482
-1.095699315340223
-1.138110906007137
-1.1804705937078777
-1.2194392252537214
-1.2516681783345671
-1.2741113150945562
-1.2843880386918918
-1.2811974528428438
-1.264783624349941
-1.2374519486143687
-1.204136618132539
-1.1730191939768626
-1.1561982802607103
-1.1704103015875618
-1.2378013834843518
-1.3867503358190003
