Predicted value
-1.0966144478563358
-0.9047778994826523
-0.7065312710505531
-0.5342043638505097
-0.3974715032984437
-0.2920263451575015
-0.20615911182798036
-0.12555036185533722
-0.03657237597744471
0.0716337767963838
0.20606044941082374
0.3694928794593607
0.5607269003421356
0.7751689167091822
1.0056651798401137
1.243430418440047
1.4789689001602508
1.7029040189807283
1.9066555234206455
2.0829265203712413
2.2259854091745552
2.3317509204000335
2.397711453599772
2.4227329281518863
2.4068323811301875
2.3510175659670765
2.257315825505273
2.129138532862702
1.9721504133635777
1.7958360806174516
1.615979139656666
1.4582922298714225
1.363459400310331
1.3938752297430395
1.6423881237102758
2.2433782406153386
-1.1790409020701527
-0.9885009081694864
-0.7838817590350016
-0.5989898958728401
-0.44504293856829596
-0.3192871958555877
-0.21152320201225025
-0.10885352335495806
0.0010559420150559884
0.12793296759757472
0.2778291212192317
0.4528008431376176
0.6511423353903614
0.8679941380846108
1.0961742881510417
1.32710197591525
1.55170663466808
1.7612384182451595
1.9479190414546281
2.105394978020756
2.2289780305398583
2.315681306773623
2.364081656433692
2.3740626424400415
2.3465151404644087
2.2830956803987412
2.186165663217362
2.059057606530224
1.9068375919533733
1.7377561072514445
1.565602496035718
1.4132012476299562
1.3173113795450349
1.3352131848319735
1.553289636411785
2.097932760309233
-1.2056916901764916
-1.0225665126289747
-0.8182224772556123
-0.6277482917175269
-0.46372491851972997
-0.32478699526775434
-0.2020976488999948
-0.08405108729957232
0.040505668139236575
0.18026356524361992
0.3404094951762664
0.5223291538418742
0.7238555063259076
0.9398865899340925
1.1632194112298515
1.3854697122955872
1.597970401272443
1.792564462061877
1.9622311779010995
2.1015075233531375
2.206689599080995
2.2758220036041057
2.308506056063969
2.3055808038545824
2.268753768802002
2.200281405406052
2.102822264485948
1.9796088754002883
1.8351073798405775
1.6763569700261916
1.5152042039573517
1.3716702902114422
1.278712454596694
1.2886635208059423
1.4816568570419373
1.9763668604143583
-1.1873324221848867
-1.0162610689533937
-0.8173892315393887
-0.6269037032823992
-0.45857792933063446
-0.3122785933891238
-0.18039073688935905
-0.05247593411119922
0.08154497304100332
0.22941609673472746
0.39553221733348876
0.5806635457330569
0.7822201095225201
0.9948793584117546
1.2114236041955677
1.4236569303534907
1.6232942262129155
1.8027380204319732
1.9556818083872798
2.0775015878803704
2.165420337405361
2.2184531910491048
2.237164083923786
2.223287661860652
2.179293268922258
2.1079908461193337
2.0123015945470875
1.8953392759844707
1.7609710438286483
1.6150497170656193
1.467532429806657
1.335723608748951
1.2489032507475255
1.2546244925142485
1.4269874842884376
1.8772195991522909
-1.1337129207598777
-0.9780411752433845
-0.7885666652843607
-0.6024001264941781
-0.43434557327092904
-0.2853533587095346
-0.14889667637385315
-0.015586167588432912
0.12368572192117129
0.27580201203926
0.4444344807505307
0.6297903947674918
0.8288931137806544
1.0362200236461228
1.2445442736539212
1.4458498128490966
1.632212240206358
1.7965610032877228
1.9332614998413507
2.0384786566284605
2.1103065795939386
2.148671889324957
2.155041375570632
2.1319876244244704
2.0826892916000537
2.01046571505914
1.9184685800800523
1.809676369682957
1.687360353157332
1.5562138852656384
1.4243598085259512
1.306473770804953
1.2282842902814743
1.2327334196694448
1.388104881417831
1.7984495654338357
-1.0535853667587065
-0.9155377620450863
-0.7382788135165795
-0.5596789379149697
-0.39541960699738776
-0.24739423754470785
-0.1100372036670536
0.025104224808955834
0.16626323391539233
0.3195433429534457
0.4879590634406521
0.6712046151251825
0.8659509944261667
1.0664947104877431
1.2656045238632245
1.4554355426745054
1.628403050920519
1.7779314634372962
1.899016821840859
1.988564265612923
2.045484932318077
2.070559760769819
2.0661006907915644
2.0354627730474135
1.98248372224622
1.910950466851186
1.8242152682559358
1.7251070022167223
1.6163062151591487
1.501375587806471
1.3866604584053075
1.2842970776532305
1.2165892872614905
1.2220373339147912
1.363325550218762
1.7375986540544888
-0.9547298182724825
-0.8355681663943421
-0.6723882360409718
-0.5036655913125296
-0.3458147060652887
-0.20153909122040123
-0.06611399579959024
0.06808337440067663
0.2085041964137592
0.3605500237320457
0.5266405495354048
0.7060042749222177
0.8949922373750285
1.0877379745215692
1.277009918080623
1.4551254327109038
1.614818734309844
1.7499779421378885
1.8561895389726157
1.9310515333257123
1.9742396375845308
1.987333795768703
1.9734354144209492
1.936628669979979
1.8813622858120627
1.8118511919065794
1.7316205000695493
1.6433372472778862
1.5490983796858007
1.4513664696035025
1.354767677597083
1.2689894916871194
1.21303879545233
1.2211438366732539
1.350606687979658
1.691935810794136
-0.8439862281132694
-0.7441553027322697
-0.5961028312720758
-0.4387645641020806
-0.28915203388638294
-0.1506533776608272
-0.01927095506147472
0.11188915325704274
0.24958370280354775
0.39858585365169574
0.5607797255083706
0.7349729347255182
0.9172271283605028
1.1015295502188185
1.2806516936416825
1.4470641156297557
1.5937995067229487
1.7151791308849764
1.8073407694700507
1.8685293231777982
1.8991342457312101
1.9014810028411495
1.879406769849632
1.8376736012728376
1.7812953252935029
1.7148774360810584
1.6420922766465944
1.5654348247684533
1.4864274143529363
1.4064647444233622
1.3285135477593932
1.2599043110372752
1.2164754581503416
1.2283534282178663
1.3476750996189995
1.6585820312173483
-0.7272921200236968
-0.6465530792904282
-0.5139894676646595
-0.3688616789014211
-0.22865072869671998
-0.09731127926659658
0.028534546503243247
0.1551473371718143
0.2886723467845974
0.4333240463346713
0.5905071079639742
0.7586506770541741
0.9335558071853034
1.1090789527690517
1.2779974339923128
1.4329258085353023
1.567175104357254
1.6754698876714498
1.7544611600600153
1.8029960985076432
1.8221286719621277
1.8148781878582794
1.785765841870527
1.7401823639882141
1.683662873836309
1.6211680779929638
1.5564939618840699
1.4919551486636673
1.4285101173177799
1.366519492057954
1.307351634899511
1.2560727931482032
1.2254820733477017
1.2417745330690617
1.3521387017519786
1.6346178616364302
-0.6097251192193961
-0.5472772438777745
-0.42999360499815714
-0.2973329607750025
-0.16712645743173674
-0.04378441430135961
0.07555233710854929
0.19660119577407872
0.3249742710728913
0.4643932753268859
0.6158365241634267
0.7773947597176785
0.9446355315272735
1.1112988897992724
1.2701701655580775
1.4139986320116809
1.5363538613023289
1.6323346106364118
1.6990680916170875
1.7359604964318673
1.7446826743761024
1.7288978720220192
1.693761470171674
1.6452456705608924
1.589365105109988
1.5314023603457587
1.4752554294479754
1.4230521242022818
1.3751994989701528
1.331059358615249
1.2904639421542372
1.2563088937288533
1.2384836523246847
1.2594224114908796
1.3615818201436933
1.6171746153654862
-0.49554956820875956
-0.4501408783355458
-0.34746411310280656
-0.22705922607663964
-0.10699622074002178
0.007962695659693318
0.12025286887037064
0.2351333605825076
0.357757032973935
0.49141509008997064
0.6367096311259032
0.7914307905074087
0.9509380594931969
1.1088684038529069
1.2580168120019901
1.3912579278040145
1.5024004420795496
1.586888936689502
1.6422908948894752
1.6685296114804542
1.6678467561098107
1.644501362905356
1.60423503945386
1.5535562079641885
1.4989192112839065
1.4458971362669126
1.398470226818394
1.3585747787720786
1.3260804285834946
1.2993867676516626
1.276853233910329
1.2592992521585968
1.2538346144295018
1.279303111523804
1.3736454466649515
1.6035104820599373
-0.38826649416833625
-0.35829379626017777
-0.2691825309493479
-0.16044563413443044
-0.05028862870108993
0.05627119433239338
0.1613341988734733
0.2697807864714106
0.3863741139735969
0.5140335412333451
0.653032223809103
0.8008952854237574
0.9527980247813859
1.102286631167555
1.2421669030879499
1.3654294840288577
1.4661031492517105
1.5399506973626365
1.5849450202266564
1.6014859446248888
1.59234145888183
1.5623199575185
1.5177031568159414
1.4654923540022844
1.4125437226053001
1.3646913563410674
1.3259797937381061
1.298150775525031
1.2805520066384966
1.27065871453691
1.2654218153341208
1.2636795190959766
1.2698922254713716
1.299483580658132
1.3860935865327473
1.591072672601756
-0.2906662294861008
-0.2742651339282724
-0.1973960443580666
-0.0994454683554497
0.0013410978535321515
0.09978125215616235
0.19772329611854667
0.29974358668402146
0.4102808651600953
0.5319378184782192
0.6647031475393959
0.8058704372873566
0.9504531429797463
1.0919180269564603
1.2230824000330056
1.337043541475456
1.4280316913422895
1.4921010288071086
1.5275960699049618
1.5353539379736765
1.518625979890361
1.4827252210319073
1.4344291717170656
1.3811905177163633
1.3302312472448548
1.287618786681403
1.257445737086899
1.2412578234225473
1.2378976881980568
1.2439551811082747
1.2550378160455349
1.2680980867036906
1.2850773518185103
1.318149020917854
1.3968667912837036
1.5775467066569124
-0.20488302241894585
-0.2000084596916364
-0.13385349591692208
-0.045587448661663414
0.04659211018266619
0.13742094200158333
0.228572407472738
0.32438848619453703
0.4290446449569016
0.5448786695115407
0.6716365945278012
0.8064118862489058
0.9440770521920667
1.0780298720647061
1.2010994638977022
1.3064804192253112
1.3885862609701123
1.4437364975200482
1.4706145663133334
1.4704569800757297
1.446957008683384
1.4058892494531512
1.3544844584910272
1.3006070355580295
1.2518105747415884
1.2143699130492005
1.1924111288698342
1.1872839620772715
1.1973441473782858
1.2183361723372776
1.2445899913376914
1.2712682465692486
1.2979235669587577
1.3336485357909607
1.4041239375945933
1.560893914697525
-0.1324510101444606
-0.13694876244431076
-0.0798437760324634
-5.912502595510193e-06
0.08449557307409128
0.1683913152640506
0.2532511804129271
0.34324760288643835
0.442349870312343
0.5526793325539188
0.6737785289741
0.8025702483781343
0.9338055558513292
1.0608228405371685
1.1764629582297985
1.2740085624835926
1.348038737771207
1.395113068050273
1.4142222939275588
1.4069657314381652
1.3774386452860237
1.3318357892206785
1.2778003460540464
1.2235705196495643
1.1769990510448394
1.1445439506976367
1.1303517586737482
1.1355776644239943
1.1581098376263386
1.1928883413977793
1.2330320190094282
1.2720097650668687
1.307115611946621
1.3445300821082458
1.4062732767303119
1.5393781909471966
-0.07436096182128686
-0.08603071509751908
-0.036235979371188214
0.03652676297594398
0.11438960397824544
0.1921483291205691
0.27133520501709346
0.3560132306807094
0.4499986671577618
0.55524168013164
0.6711179499274218
0.7944071231785096
0.9197570002448842
1.040455372301332
1.1493544418427053
1.2398157801819942
1.306566795345688
1.3463827035996356
1.3585310176673109
1.3449385845311022
1.310064225535975
1.260483051343543
1.204211544113314
1.1498255191165885
1.1054460978171852
1.0776918442819003
1.0707182366123125
1.0854886649182416
1.1194441671819184
1.1667621341905914
1.2194172345440417
1.2692808305721799
1.311518175826596
1.3495657046386793
1.4019937440655958
1.5115829983741542
-0.031117234606012123
-0.04776764433235969
-0.0035207462829264253
0.06356608969365818
0.13589211360192655
0.20838224039286948
0.28259160232518254
0.36252926341359076
0.45190777061212506
0.5525482362089044
0.6636936657377075
0.7820062655403232
0.9020474839423851
1.0170625598341037
1.1199143722760276
1.204034404578672
1.2642816561335672
1.297623355101997
1.303574344896394
1.284355037218099
1.2447508442438673
1.1916790223822515
1.133491879849681
1.0790683201447802
1.036768713328175
1.013351106843753
1.0129698074460547
1.0364003856271813
1.0806581737653271
1.1392003490457399
1.2029247120336464
1.26220129160737
1.3101959267885994
1.3477679958354747
1.3902474827928462
1.4764195915228109
-0.0027944209087610167
-0.022290673234036093
0.0181477558681883
0.08096030508081743
0.14887211639294065
0.21699504612603196
0.28696225085689975
0.36277986292956743
0.4481022900770272
0.5446606935024909
0.6515972185984864
0.7654805723108556
0.880801560983424
0.9907702223478226
1.0882592051516613
1.1667610697469553
1.221250202789427
1.248863059028014
1.2493334629926276
1.2251427232169174
1.1813673314615103
1.1252300392319081
1.0653831237139324
1.0109756750783243
0.9705797569348203
0.9510733115447296
0.9566007012297572
0.9877547972435303
1.0411475472009935
1.1095589719895527
1.1828775629145583
1.2500680696604358
1.3024256894774793
1.3383986878330314
1.3702845005945097
1.4331273876403958
0.01090679949660676
-0.009397538745415287
0.02890972120565925
0.08881463762531326
0.1534200440126918
0.21807651565786595
0.2845452077399473
0.3568759395213365
0.4387069190320859
0.5317155224670844
0.6349725623474629
0.7449754983263581
0.8561590643478607
0.9617048056967004
1.0544940393049287
1.128071770510572
1.1775121192919413
1.200098828829992
1.1957574490798553
1.1671988078613467
1.1197564018070043
1.0609233593348923
0.999617647642131
0.9452272155438315
0.9065097838108134
0.8904450144882019
0.9011598105057194
0.9390705167191846
1.0004088133514615
1.0773211126297961
1.158754289245207
1.2323635950882927
1.287701628544546
1.3209702484609709
1.3416403427244943
1.381267381221421
0.010605053557650224
-0.008600621211556202
0.029157938082032975
0.08745548760648285
0.14981755955975268
0.21187932362033682
0.27557484556823464
0.34503997751454524
0.42393513400676863
0.5139172281055655
0.6140130613574541
0.7206694814166417
0.828278640897882
0.9299997108709833
1.0187214222362893
1.088032828049171
1.1330926996902861
1.151310989607067
1.1427788131806125
1.1104064221008758
1.0597516614617473
0.9985444226163479
0.935935623661555
0.8815222692495034
0.844223161252511
0.8311028516365886
0.8462644487274162
0.8899549078813624
0.9580494574028633
1.042104830378152
1.1301939929240874
1.2087580791794965
1.2657342631951938
1.2952413177075397
1.3041276296091073
1.3207094617587276
-0.00281466905996061
-0.019173758620916387
0.01949680513236099
0.07739497376660467
0.13850733497352977
0.19879375798039173
0.2604011907756617
0.32758970346114646
0.404076891870741
0.49152977542459486
0.5889563430162675
0.6927719205591156
0.7973385536468832
0.8957986186121771
0.9810468950952185
1.0467083530639805
1.0880119270555249
1.1024735702370718
1.0903249007140452
1.0546467723410458
1.0011901221204236
0.937889466101827
0.8740974355248209
0.8195917647753785
0.7834291625557653
0.7727435174960409
0.7916089092641249
0.8401109160600749
0.9137927292089523
1.003665605395341
1.0969962069113233
1.1791064001184064
1.236444102152622
1.2612067857307288
1.2578222717441383
1.2516144591559484
-0.02825191768213167
-0.040197453482826245
0.0007025343783555239
0.059296261336889346
0.12006321871313949
0.17932244189356422
0.23946891397711056
0.30492105907125505
0.3794852992508807
0.46486666902188845
0.5600775009601547
0.6615192160251586
0.7635352718763069
0.8592563423487136
0.9415818210738851
1.0041647620594905
1.042290389871095
1.0535613318874573
1.0383257449296979
0.9998075283933608
0.9439208358411034
0.8787741168424557
0.813891940675814
0.7592058733365372
0.723888699123724
0.7151292979069773
0.7369685090031509
0.7893393324218102
0.867477838066831
0.9618941733102871
1.0591160791834775
1.1434403452586732
1.1999506531238489
1.219083278181422
1.2030451393306634
1.1744117059222376
-0.06443929499420369
-0.0706021156147552
-0.02631509021204375
0.03394005150096485
0.09516118547271542
0.15405547280980728
0.2132963873943474
0.27749090567945195
0.35056269254914396
0.4342801369576177
0.5276811108915361
0.6271693450277639
0.7270803342876242
0.8205377063175019
0.9004440057543133
0.9604728669630854
0.9959525677625913
1.0045539764837075
0.9867189245338673
0.945788056469697
0.8878102294086372
0.8210385534390605
0.7551411845171083
0.700178001167189
0.6654173161317796
0.6580897939449001
0.6821997652323297
0.7375371483703527
0.8190562089635327
0.9168104074307311
1.0166556048172795
1.1019569167799623
1.1565575255201386
1.1692907792690777
1.1403399287582736
1.0897728699362133
-0.10998827435270304
-0.10920901944691382
-0.06054906563897942
0.0021925770448183693
0.06455142436036057
0.1236463469370517
0.1824551891505598
0.24579985170751983
0.3177465317015221
0.40014983372842505
0.4920924854777238
0.5899954110454408
0.6881959350426964
0.7798149104028446
0.8577565826187653
0.9157080229706167
0.9490279831330666
0.9554380433797276
0.9354519464312435
0.8925020288221774
0.8327446814905668
0.7645497911227291
0.6977021336146019
0.6423657108396277
0.6078850417418953
0.6015204386019652
0.6272373191515229
0.6846926250417085
0.7685844369986928
0.8685538968287729
0.9698515662639764
1.055003372467884
1.1067343098500724
1.1124310876663266
1.0704479327104177
0.9985827762320556
-0.1634320456607436
-0.154768689785657
-0.10092933652205799
-0.03502458639175103
0.02903188663405583
0.08878900183400651
0.1475503988833255
0.21037555925165025
0.28149547548437276
0.3628714418285847
0.4536485594934329
0.550278569663407
0.647109647211795
0.7372638078902477
0.8136456015991188
0.8699487841719415
0.9015506799361359
0.9062069671407303
0.8844826381706168
0.8398779062955515
0.7786308505308372
0.7092016100153327
0.6414659591411439
0.5856691144980692
0.5512136445245792
0.5453783725858253
0.5720881840278856
0.630877667586164
0.7162145413545752
0.817371833350864
0.9190608065421053
1.003059638023158
1.0510958818695646
1.0492637650150682
0.994280385332659
0.9019079009267916
-0.22326515076071493
-0.20599646531105006
-0.14635451308595593
-0.07676261938109885
-0.010576421246157095
0.05019627456980824
0.10920199379184674
0.17175685058820425
0.24227597084046426
0.3228455160488995
0.4126887610359129
0.508300698439155
0.6040486628146179
0.6930594869987156
0.7682367232070809
0.8232744811765105
0.8535574554852112
0.8568597340152071
0.8337779993494825
0.787857754725149
0.7253942259926309
0.6549126108595862
0.5863553665269798
0.5300272466534536
0.4953718184128314
0.48967621023832825
0.5168238606757319
0.5762380585965435
0.6621820848507749
0.763604785267813
0.8647434247424722
0.9467186919720709
0.9903797442390776
0.9806802014625935
0.9128890185706221
0.8009631850738431
-0.2879797046318526
-0.26160502441800926
-0.19572091341137726
-0.12207122934396435
-0.053452148824309875
0.008580037554150714
0.06802761890033682
0.13047890005816365
0.20054965336311364
0.280466879329961
0.36954618930758293
0.46433714296552514
0.559233893305679
0.6473715117211489
0.7216513854531067
0.77576209962513
0.8050852358632463
0.8073985393386043
0.7833119258984186
0.7363948207795384
0.6729763402277039
0.6016228471742694
0.5323204319508843
0.475412888851331
0.4403687791784359
0.4344741912426809
0.46157082760785406
0.5209820697077904
0.6067926897869671
0.7076708999464315
0.8074444479052447
0.88666548891635
0.9254219831044717
0.9076763873223775
0.8274354304505317
0.6970777808938986
-0.35609803401427365
-0.3203336933443013
-0.24794873821642216
-0.17002188934277998
-0.09879410202154626
-0.03536676119242893
0.024626969985490854
0.08705976145645561
0.15676182074285352
0.23611484365245944
0.3245393841270983
0.4186498359704626
0.5128742390215009
0.600359142168535
0.6740027754279576
0.7274828031400802
0.7561679501634146
0.7578258127773825
0.7330621858321569
0.6854502575130593
0.6213310429156389
0.5492894474562824
0.47933337097190604
0.4218262831910016
0.3862467210870161
0.37987117845375745
0.40649987787123243
0.4653679350590357
0.5504074454431176
0.6500490425904765
0.7477744979950263
0.8236549515266129
0.8571323816838492
0.831324944620174
0.7391598307412264
0.591660307500351
-0.4262016004150027
-0.3809743918626803
-0.3020052217673698
-0.21972837695283734
-0.14583935291856104
-0.08098596189236267
-0.020432007717975927
0.041988445718384754
0.11133120564710494
0.1901444941132678
0.27796493699583197
0.3714810509586891
0.465161300773089
0.5521668192796497
0.6253919020868742
0.6784984089318101
0.7068332234572003
0.7081409429881852
0.6830069897203288
0.6349893545594566
0.5704202046824998
0.4978816057172568
0.4273826292676961
0.36928813634013274
0.33307254705432715
0.3259949268522649
0.3518147392460901
0.4096906349753748
0.4934276672726229
0.5912613427646173
0.6863899373659271
0.7584895263496163
0.786469197608893
0.7527469369521615
0.6493496941026413
0.48616415790244377
-0.49695610978540056
-0.44239410714835575
-0.3569246378518571
-0.27036448046601774
-0.19387881452392555
-0.12766780488718935
-0.06662493725369109
-0.004285271638555129
0.06464123916939055
0.14287923900208832
0.2300911582127966
0.32304801656656795
0.41626477143321533
0.5029201634240515
0.5759040314423868
0.6288580889464889
0.6570991730524218
0.6583369979328856
0.6331214637969008
0.5849775925638862
0.5202091811743964
0.4473752833084929
0.3764666501114389
0.31783228035511946
0.2809292502922978
0.2729920132895356
0.29774037915331614
0.3542684028926162
0.436279432489897
0.5318555850811802
0.6239729407746033
0.6919967631655535
0.7144140754351848
0.6730839407478623
0.5593088154917346
0.38205336373542126
-0.5671327464934717
-0.5035538217669935
-0.4118250750813607
-0.32117877501574854
-0.24227017143869894
-0.17486216976818236
-0.11348071167581036
-0.05135916919314843
0.017032960650664092
0.09460479335947808
0.18115297919708603
0.273538582467486
0.3663287100340864
0.45272270109219354
0.5256057100378417
0.5785955341047323
0.6069715572697627
0.6083977017563392
0.5833742982933775
0.5353768061166115
0.47066233352753806
0.39774792965404127
0.32658763788545186
0.2674983212835072
0.22990729009939365
0.22101778135576197
0.24451136028131956
0.29942933321431764
0.3793982814199626
0.47238784509548926
0.5612119066653569
0.625007342297723
0.6419475304020867
0.5934708256966861
0.4703272272629424
0.2807694888329863
-0.6356255045483848
-0.5635238570623179
-0.4659219311238501
-0.37150640654582406
-0.2904480926617118
-0.22208735632758797
-0.16058898266489255
-0.09888491562883689
-0.03120030565861749
0.04556472816313894
0.13134823384295924
0.22310809233112988
0.3154688655570181
0.4016534985325209
0.4745425672397631
0.5277267838478805
0.5564414906324323
0.5582948937997065
0.5337248082468855
0.4861417041177608
0.4217388658423883
0.34897349417779744
0.27774560159557266
0.2183245711908409
0.18009626911591378
0.17022662037053846
0.19236057760943046
0.24549843245647163
0.32321443864366634
0.41340573612166814
0.4987825851173878
0.5583339389429286
0.5700254041887767
0.5150096567629235
0.3836524020662712
0.18369998742340882
-0.7014646243685156
-0.6214956285564446
-0.5185381108014346
-0.420777856879637
-0.3379316881138308
-0.2689363572305517
-0.20760537424929246
-0.14657234961557597
-0.07981642196100053
-0.004042318044607664
0.08083542739874591
0.1718775840060788
0.2637711822617939
0.3497658458614839
0.4227380515532228
0.4762488878742451
0.505483904029623
0.5079866599882709
0.4841206087003128
0.43721696116856484
0.3733892049355931
0.3010179663765251
0.2299329270165002
0.1703415239203591
0.13157718403088567
0.12076286216062343
0.14150867217100682
0.1927854207012521
0.26813887263817465
0.35543259734680227
0.43733026451037277
0.49275127825701304
0.4995566580791093
0.43874509488010927
0.3004621303121513
0.09214842739670326
-0.7638261787183197
-0.6767898453099058
-0.5691109483217872
-0.4685246984803656
-0.38432920579348573
-0.31508060764174534
-0.25425439518784126
-0.1941916654426995
-0.12862600649839676
-0.05406370360918435
0.02973306602679046
0.11993340176118727
0.21129158306942558
0.297087099838432
0.37019322083043854
0.42413953161379603
0.45405689308048536
0.4574162914987156
0.43449607087771625
0.3885350582505383
0.325552112309393
0.25383564565677275
0.18312969076430236
0.12356609955999295
0.08441548639327247
0.07275254395588525
0.0921543815654637
0.14157355504728766
0.21455047727845952
0.29895291828743514
0.3774533236305584
0.42897769959597876
0.43138283361400664
0.365641638081721
0.2218394256383102
0.007306943756360115
-0.8220378867732163
-0.7288612205223797
-0.6171959092460326
-0.5143823828265692
-0.4293400018096784
-0.36027123237467984
-0.30033005890354264
-0.2415735016142624
-0.17749208689552862
-0.1043920981509398
-0.02187941513228701
0.06732827008727835
0.15805709217808625
0.24361975816341006
0.31688767090886916
0.37135772165580705
0.4021020625913891
0.4065121902768791
0.384771690584266
0.340015015620122
0.27815268294428874
0.20736630721969893
0.13729989425835307
0.0779968472571838
0.038655154846253544
0.02629625040043965
0.044466051894481225
0.09210971140996324
0.16278462323153908
0.24439925929839218
0.31968842060565517
0.3676585129792287
0.3662594754761217
0.2965630094911986
0.14874977647987087
-0.0697687479649709
-0.8755812706056741
-0.7772997959890225
-0.6624671631298117
-0.5580901416616318
-0.4727538508726459
-0.40433784646562265
-0.3456942551919562
-0.28860696495229365
-0.2263278581276331
-0.15496305607607547
-0.07395912290169708
0.01408384322671758
0.10406832275803869
0.18934380282192598
0.2627816518811255
0.31784559201002494
0.3495459396652826
0.3551888056430519
0.33485446474604036
0.29156212551235117
0.23110135018676953
0.16153339494386737
0.09238876020101247
0.03361026068808146
-0.005686055230613047
-0.01853678765795743
-0.0014254995362989542
0.04459592569131351
0.11312329194127226
0.19214089251000538
0.26449755472281367
0.3093513955074425
0.3048397760176008
0.23225396326035452
0.08202102651001288
-0.13818148388013485
-0.9240903037196145
-0.8218290183612994
-0.7047151531081313
-0.5994881157094181
-0.5144477001563097
-0.44718500040800074
-0.39027295326190237
-0.3352356580873368
-0.27509260131355623
-0.20575089373419914
-0.12649560886158331
-0.03980529073551362
0.04930332023742142
0.1342203146668061
0.20781938586506093
0.2635313567479801
0.2963024926880203
0.3033486508879316
0.2846393366710346
0.24306875691315868
0.18429398066996897
0.11624333688212306
0.048321198869408985
-0.009641674846269642
-0.048620054020483985
-0.06171319527115847
-0.045432616742731365
-0.000817439994887378
0.06578696956756666
0.14247435223582416
0.21225720185004293
0.2545140401337258
0.24766066550778154
0.17332474421127075
0.022326131384514135
-0.19721167040100196
-0.9673467365942321
-0.862300740495114
-0.7438413240285626
-0.6385118607824778
-0.5543800047805876
-0.48878639661711615
-0.4340503510000643
-0.3814518135496031
-0.32378585486931566
-0.2567629500793341
-0.1795052721717026
-0.09436620771957913
-0.006277283643185677
0.07819632609330437
0.15193356480846026
0.2083333992371022
0.2422767580825682
0.25088541342839715
0.23401173527879662
0.1944162693259789
0.1376131078711572
0.07138604365471021
0.005001516179732958
-0.051832620058094137
-0.09019045619267528
-0.10323844939135221
-0.08751481414137066
-0.04403677569118341
0.02092844290990981
0.09561604855898365
0.16324968884748825
0.2034942338526704
0.1951315368437354
0.12023840160283727
-0.029830996110377095
-0.24633296559315832
-1.005272319532219
-0.898687356503037
-0.7798502060713439
-0.6751844165430693
-0.5925828184955905
-0.5291770390289483
-0.47706112068501516
-0.42728867300802653
-0.37243996489116604
-0.30803234602516905
-0.23302436593621634
-0.14964093927166489
-0.06272388616345514
0.021210843329679544
0.09505097152878686
0.15216545284635258
0.18736954138805154
0.1976881367583145
0.18285119821214887
0.1454780371243591
0.09093031757602958
0.02683661468683983
-0.03768559984949988
-0.09306165574069726
-0.1304731564674998
-0.14315829710806904
-0.12768107884297042
-0.08502845153993562
-0.021371395988832344
0.05169706247142266
0.11765693702099736
0.15652250703802006
0.14752575813259683
0.07330112210911723
-0.07412637574136315
-0.28522443478806714
-1.037918178441384
-0.9310713144613492
-0.812839086128835
-0.7096061585112357
-0.6291518484836937
-0.5684435130707866
-0.5193809367101567
-0.4728112855384468
-0.42111117697114897
-0.3596093930192803
-0.2871007459570794
-0.20567858512621084
-0.12009041383324817
-0.036798065468495664
0.037099131854503385
0.09494279266813768
0.13148312388665506
0.1436464170956346
0.13103603341050762
0.09612355074833927
0.04410976318580019
-0.017541758095034936
-0.07987281294270909
-0.13345168029516274
-0.16957541717349303
-0.18155855979420754
-0.16599041815476798
-0.12382013561851454
-0.06110566519634191
0.01076020560620972
0.07555666933649663
0.11370746032571144
0.10497509122069393
0.032655711762812345
-0.11042344291122119
-0.3137790273429375
-1.065451634512629
-0.9596322860565734
-0.8429855345507808
-0.7419426892481116
-0.6642347185294087
-0.6067126285753611
-0.5611155062089996
-0.5181059341361045
-0.4698694669820599
-0.4115518366950125
-0.34178453605645875
-0.26252640921168
-0.17842585830373223
-0.09588525546598227
-0.021986129599473478
0.03658932246731169
0.0745278706674357
0.08865652229309105
0.07844893839035694
0.04622352566840607
-0.0029872465308439363
-0.06189373482793056
-0.12170662676247884
-0.1731464530791373
-0.20763347848197392
-0.21856332216777963
-0.20255063962000866
-0.16050017731638042
-0.0983414921744471
-0.027240607730727548
0.036921140779713826
0.07503384010507103
0.067467098910516
-0.001721678716895477
-0.13877701904417822
-0.33210825677257444
-1.0881407940911019
-0.9846323077901423
-0.8705330901957429
-0.7724110599765986
-0.6980177201409389
-0.6441386935441153
-0.6023883588101688
-0.5632684350215876
-0.5187873437027223
-0.46391415679365466
-0.3971179194825726
-0.32022011693600655
-0.23776503413756855
-0.1560897382171186
-0.0822523928235752
-0.022954594265870765
0.016429600682156535
0.03262830524585696
0.024983461144484485
-0.004344085293120506
-0.05049667997282122
-0.10636670159167674
-0.16334269683015115
-0.21230634127484474
-0.24480873733783703
-0.25433154061002256
-0.23751538625710394
-0.19521506723819906
-0.1332178962983006
-0.06243866385712255
0.0016184159118531358
0.04036339834702246
0.03484558827260914
-0.030021526126767395
-0.15943369850987593
-0.3405430018112483
-1.1063372703714016
-1.0063992436937688
-0.895775442063053
-0.8012646492354818
-0.7307113665412512
-0.6808897219992008
-0.6433276870834731
-0.6083915896233096
-0.5679278914884008
-0.5167361798834977
-0.45312430124728625
-0.3787735469218088
-0.2981187799300079
-0.2174253723702501
-0.14372180310798063
-0.0837237456159453
-0.042862455985701646
-0.024507251304433306
-0.029448848762364987
-0.05568731602736555
-0.09854536359461351
-0.15110468999048754
-0.20494007088113153
-0.25110286330743065
-0.28128257643942584
-0.2890521404144769
-0.2710794849947764
-0.22816501995110153
-0.16594158925097977
-0.09505045130073117
-0.030583817662141542
0.009438537164200431
0.006814102125571795
-0.052597580760819516
-0.17282861665629054
-0.3396303812968218
-1.120457433881621
-1.0253089548420504
-0.9190394811135497
-0.8287770604970317
-0.7625350997804532
-0.7171329144977308
-0.6840525645723189
-0.653552104453562
-0.6173323565251471
-0.5700312967363146
-0.5097971215777549
-0.43816804569540996
-0.35946385960668836
-0.2798712571548875
-0.20638192250890572
-0.14571934668661404
-0.10336732375154462
-0.08279005700384277
-0.08491078565771391
-0.10789282266888658
-0.14724387454689963
-0.19624149415831024
-0.24665449769820463
-0.2897121571786846
-0.3172499599542863
-0.3229377069755815
-0.30347270163349027
-0.259597761228132
-0.19678076326732039
-0.1253694189711024
-0.06001194653002145
-0.01811129683608486
-0.017057564576690436
-0.06996019775304645
-0.17957859885596442
-0.33012669110308607
-1.130962624054911
-1.0417665962828235
-0.9406676312213543
-0.8552254360120738
-0.7937015365552126
-0.7530197852157778
-0.7246589036417161
-0.6987973294291256
-0.66700761554081
-0.6237746115557495
-0.567088635998355
-0.498341829167657
-0.42173285605787464
-0.3433621091330867
-0.270176540890027
-0.2089002363143027
-0.16506381550663007
-0.14222273692696616
-0.1414315518757012
-0.1610181410023688
-0.19667894380361353
-0.24189317224344745
-0.28863097980011027
-0.3283075374151413
-0.35291194799155284
-0.35621691125928723
-0.3349520309974234
-0.2898006367738915
-0.2260569725347342
-0.15375758454625096
-0.0870777213646381
-0.04276053867903728
-0.03732388204517711
-0.08276640069810037
-0.18047172580373363
-0.3129864266803706
-1.1383387895213126
-1.0561874973396435
-0.9609999035328495
-0.8808736194804646
-0.8244006736548973
-0.7886713448435609
-0.765205550705055
-0.7441322005213846
-0.7169139011794113
-0.6778913855860639
-0.6248990128930949
-0.5591796700784809
-0.48480438460283515
-0.40777893803049475
-0.3349967506762348
-0.27317428750984446
-0.2278822157220918
-0.2027625245268881
-0.1989987979457545
-0.2150838114919772
-0.2469056038431268
-0.28815015476190664
-0.33099578069657987
-0.3670513396635139
-0.38846731718566874
-0.389125845232144
-0.3657926862751836
-0.3190911947523322
-0.25413524839271284
-0.1806351220376981
-0.11226725675752229
-0.06507585723667679
-0.054651230572212384
-0.09180675980036528
-0.17645338563822038
-0.2893474500983783
-1.1430760600864596
-1.0689781165748444
-0.980356153843033
-0.9059556354788539
-0.854784509288092
-0.824163783867202
-0.8057009517268019
-0.789506807954831
-0.7669531935795202
-0.732246172963625
-0.6830661347326507
-0.6205032859110929
-0.5484939891120008
-0.4729403727964571
-0.4006726247908619
-0.33839035942118817
-0.29169642879466884
-0.2643135289306633
-0.25755093161373527
-0.27006565301326513
-0.29793935028520524
-0.33506921754287594
-0.37384813275498785
-0.40608628730035945
-0.42410351008009434
-0.4218984782592624
-0.3962779868814224
-0.347806429770607
-0.28141262430668257
-0.20646809283128073
-0.1361278936127894
-0.0857020744701733
-0.06980280232669134
-0.09798920213584539
-0.168608918793227
-0.2605123958191503
-1.1456487886977347
-1.0805175980354662
-0.9990190579332877
-0.9306599889115897
-0.8849525718770616
-0.8595151361464015
-0.8460908562322017
-0.834805046506806
-0.8169587230312227
-0.7866330820074862
-0.7413565244841194
-0.682062837115662
-0.6125461189485009
-0.5385950243765347
-0.46696587258148703
-0.4043311539439781
-0.3563169440827411
-0.326719716350669
-0.31697002378765604
-0.3258875017014907
-0.34974862221934366
-0.3826656123236807
-0.41725192705771913
-0.44552664975683454
-0.45998717133361006
-0.4547564808155116
-0.4266883795054563
-0.37629091130683223
-0.3083052819258113
-0.2317545198350907
-0.15925311205448206
-0.10534582797504838
-0.08362092462480022
-0.10231990694520982
-0.15814299681913785
-0.22792644476202367
-1.1464966370324357
-1.0911404907383635
-1.0172183551486538
-0.9551153230845406
-0.9149388832417236
-0.8946734380313215
-0.8862475633890341
-0.8798348397952664
-0.8666860639202326
-0.8407676304793515
-0.7994578540555374
-0.7435299808162701
-0.6766276202246262
-0.6044153070147266
-0.5335638838733585
-0.47070737544080676
-0.4214850044152205
-0.38975898071613146
-0.37707567483402377
-0.38241476666414415
-0.4022479412940307
-0.4309056833855234
-0.46122770196330953
-0.48544949759334366
-0.4962545641057683
-0.48789869718825346
-0.45728986234695296
-0.40488405490357326
-0.33523456486832937
-0.2570090396998547
-0.18226571813441594
-0.1247571884380821
-0.09700700460676356
-0.10588147421034429
-0.14635591174841997
-0.19315163155641246
-1.1460073136764386
-1.1011212286847298
-1.0351169458265712
-0.9793780103355831
-0.9447009184286043
-0.929506933595921
-0.9259612490604128
-0.9243204657753311
-0.9158063355016396
-0.8942806986771753
-0.856973526961162
-0.8044929605088955
-0.7403232102027149
-0.6699931752366513
-0.6000756066234438
-0.5371536273638908
-0.48686840018979866
-0.45313871396307714
-0.43762023998481164
-0.43944918963944124
-0.4552920849704494
-0.4797003339552651
-0.5057452824183644
-0.5258863946928395
-0.5330021953120043
-0.521490584183878
-0.48832211787268714
-0.43390682978281075
-0.3626121422118764
-0.28274640341101337
-0.20579956296154103
-0.14470947894867395
-0.11089933058411065
-0.10980859010063031
-0.1346169879131838
-0.1578378852121505
-1.1445016091957871
-1.1106610040282312
-1.052799463523032
-1.0034222844894543
-0.9741111597742378
-0.9637969118989359
-0.964933948061579
-0.9678975459992909
-0.9639020603797368
-0.946715119560587
-0.9134198627274626
-0.8644542475921193
-0.803133439003915
-0.7348382689988852
-0.6660297389820528
-0.6032265149098732
-0.5520593465110087
-0.5164933217549161
-0.4982858479490137
-0.4967252310164856
-0.5086717046780691
-0.5288997414324537
-0.5507174574012139
-0.5668159032754834
-0.5702780137728626
-0.5556539681843455
-0.5199866947623345
-0.4636482318721004
-0.39082463900033404
-0.3094641308857219
-0.23048008820776944
-0.16597757844137598
-0.12624900065595782
-0.11526144820921072
-0.12433536345686826
-0.12369103877114565
-1.142221407737606
-1.1198777013548924
-1.0702639783160497
-1.027133559738605
-1.00295187812639
-0.9972337975176562
-1.0027768011875822
-1.0101112965287415
-1.0104662669043334
-0.9975254804402989
-0.9682264458937222
-0.9228312859062108
-0.8644756781222217
-0.7983789948236086
-0.7308757519029365
-0.6684054581694031
-0.6165749361524973
-0.5793841657398084
-0.5586836821566885
-0.5539085399667583
-0.5621108349435364
-0.5782897558347541
-0.5959951182122127
-0.6081573127713225
-0.6080735806157505
-0.5904575082338985
-0.5524356150452076
-0.4943518865655904
-0.4202180864125574
-0.3376246605419185
-0.2569040272792064
-0.18931502688025975
-0.14399428452670857
-0.12339722083336534
-0.11692842411584169
-0.09243807883797037
-1.1393213901307004
-1.128799596366826
-1.0874175228002838
-1.0503056158856527
-1.0309138094804693
-1.0294171509335899
-1.0390112119126975
-1.0504186737214325
-1.0549054570278977
-1.0460817460975924
-1.0207402377951045
-0.9789609257901891
-0.9236887105751435
-0.8599671060716698
-0.7939882937767222
-0.7320967555681029
-0.6798606964618721
-0.6413024487849225
-0.6183560293973487
-0.6105970017705428
-0.6152667748982235
-0.6275904511888973
-0.641364315659545
-0.6497660389215991
-0.6463176466215824
-0.6259082881700548
-0.5857608177638025
-0.5262031808775038
-0.4510825795723735
-0.3676373701405937
-0.2856186267756221
-0.2154302851297389
-0.16503375979151885
-0.13533990988715244
-0.11378820718088674
-0.06578994122107679
-1.1358651787901015
-1.1373635575958563
-1.1040761677206197
-1.0726423652169896
-1.0575994306224072
-1.0598602706830702
-1.0730745929963819
-1.0881950834493828
-1.0965470965018334
-1.0916773485339384
-1.0702340846499807
-1.0321081695004204
-0.9800415328563038
-0.9188863808411134
-0.8546755638964824
-0.7936414727294738
-0.7412978136604265
-0.7016755949616449
-0.676781635948507
-0.6663248907558443
-0.6677328589037441
-0.6764573349282013
-0.6865457295233457
-0.6914311748132518
-0.6848716065426242
-0.6619449961469475
-0.6199848858339664
-0.559317359979661
-0.4836375663131587
-0.39984088053631817
-0.3171007881950143
-0.24496253779042076
-0.19019859928989669
-0.15214894236836465
-0.11624612888234379
-0.045402194250108184
-1.131826710063837
-1.1454185251070326
-1.1199704095264456
-1.0937649516110226
-1.0825315727032694
-1.0880001245198003
-1.1043314185645152
-1.1227463576387664
-1.1346523196241374
-1.133542423884746
-1.1159202908072796
-1.0814798851682466
-1.0327470141892263
-0.9743660313121835
-0.9121922768981975
-0.8523277672242497
-0.8002146233239964
-0.7598777113897445
-0.7333849466241328
-0.7205706926013118
-0.7190446683686986
-0.7244857556916782
-0.7311970790149003
-0.7328757108851192
-0.7235273357518011
-0.6984331852330219
-0.6550535381054553
-0.5937290584485486
-0.518018225544262
-0.4344860893050458
-0.3517365651740004
-0.27845746261247883
-0.22022442146164653
-0.17478691063582205
-0.12553642377671903
-0.03283398666895075
-1.1270976549941119
-1.1527350754859809
-1.1347566674623315
-1.1132249678185275
-1.1051681470047892
-1.11321337217029
-1.1320903325686331
-1.1533267373560208
-1.1684345760846524
-1.1708629123652086
-1.1569699613435585
-1.12624418180811
-1.0809810939155204
-1.0255995136937606
-0.9657578756528251
-0.9074082950046594
-0.855903001165169
-0.8152447543824589
-0.787549837506739
-0.772769195088628
-0.7686902721638591
-0.7712190852536953
-0.7749190382816403
-0.7737599762783185
-0.7620079499176916
-0.7351631440990617
-0.6908304039605966
-0.6293837718814089
-0.5542634292004994
-0.47172041655216695
-0.3898014868887785
-0.31634342543306543
-0.255723150973428
-0.20408689308698072
-0.14275872004639967
-0.029505672337878264
-1.1215017447990332
-1.159021917737996
-1.1480357231447618
-1.1305246121864883
-1.124923792488988
-1.1348392775970864
-1.1556280998598014
-1.17916363699858
-1.1970849827880585
-1.2028062724501385
-1.1925388535334538
-1.1655561732215765
-1.1239082331846157
-1.0717694432601361
-1.0145806854206252
-0.9581233796560045
-0.9076403235709943
-0.8670950576684088
-0.8386384884607517
-0.8223284817237785
-0.8161251183769602
-0.8161612856470976
-0.8172652563425937
-0.8136888892372058
-0.7999720637333658
-0.7718509421464577
-0.727094633122725
-0.6661318098747674
-0.592305817089875
-0.5115737805377313
-0.4314422135753197
-0.35890859491812904
-0.29715537221807203
-0.24071982615977833
-0.1688402099582829
-0.036655559312307504
-1.1148168927150102
-1.1639502000607116
-1.1593789709085107
-1.145144641430792
-1.141199290058971
-1.1522103440186544
-1.1742212214477403
-1.1994899994825916
-1.2198051788687152
-1.228554595823657
-1.2218005120511237
-1.198590893976616
-1.1607138724461585
-1.112079354300989
-1.0578887374123636
-1.003730660931917
-0.9547177026843152
-0.9147559158002063
-0.8860160768587864
-0.8686524979805643
-0.8607922354822114
-0.8587945078766603
-0.8577571161729127
-0.8522236396012942
-0.8370221600611917
-0.8081432487595895
-0.7635419286800129
-0.7037253066927681
-0.6319645492886665
-0.5539468560896995
-0.4766600654614168
-0.406279506723063
-0.3448036936227908
-0.2851624339165871
-0.20449791006079743
-0.055296266199479235
-1.1068060391738659
-1.16718654278618
-1.1683633825402426
-1.15658101139708
-1.153419623791957
-1.1646915402687066
-1.187186070849751
-1.2135850876539211
-1.2358485174454128
-1.2473459449685425
-1.2439874980942318
-1.2245841659754506
-1.1906446815801357
-1.1457930801413723
-1.094968025235943
-1.0435419743736072
-0.9964752361507819
-0.9575969511935711
-0.9290820092863851
-0.911169895253674
-0.9021484363335923
-0.8986024039536933
-0.8959039029900442
-0.8888984617624386
-0.8727177161896739
-0.8436265617001396
-0.7997896266642622
-0.7418189012866345
-0.6729413360669387
-0.5986022041100719
-0.5252970017371642
-0.45840164202046346
-0.398747676036363
-0.33766625680210466
-0.2502015410330206
-0.08617120402844357
-1.0972576826226514
-1.1684357481220768
-1.1746161253508018
-1.1643911330830008
-1.161081604739564
-1.1717290224117478
-1.193928443767954
-1.2208245924827015
-1.2445704629980372
-1.2585247705989993
-1.258441557955992
-1.242882249458234
-1.2130574248337256
-1.172282563722474
-1.1252089930409883
-1.0769682491473669
-1.0323450469875617
-0.9950710285747164
-0.9673084433247394
-0.9493698929425808
-0.9396972537249566
-0.9350998693165566
-0.93122908712806
-0.9232431917955676
-0.9065937692323526
-0.8778415149951102
-0.8353864808581861
-0.7799747336605413
-0.7148203806615031
-0.6451588958126404
-0.5770246615243858
-0.5150226206773171
-0.4588409137992983
-0.3982283565009583
-0.3061375924333231
-0.12971173720257817
-1.0860370936281256
-1.1674941726557704
-1.1778698078716785
-1.1682507065290866
-1.163812008224281
-1.1729092898655338
-1.1940034486672997
-1.220740973935645
-1.2454890985821139
-1.2616023014745563
-1.264673611904732
-1.2530011476237655
-1.227477298067852
-1.1910849445678664
-1.1481620895078397
-1.1035732465685433
-1.0619029243637124
-1.0267635159477284
-1.0002868868448638
-0.9828459344214866
-0.9730293715939038
-0.9678699680358134
-0.9633034622206224
-0.954812337805176
-0.9381856380327275
-0.9103029720042709
-0.869827846838645
-0.8176724399131003
-0.7570729055473108
-0.693091290665113
-0.6313371141395085
-0.5756786446978001
-0.5246908924349729
-0.46656430915475783
-0.3721751729290843
-0.18599561243789306
-1.0731492452418312
-1.1643147839188912
-1.1780293627950496
-1.168022130519403
-1.1614372108950541
-1.1680297506151094
-1.1871867011607524
-1.213094985754263
-1.2383566824311363
-1.2563278344667599
-1.262434479564385
-1.2546964693824172
-1.2336666311503461
-1.2019698032939075
-1.1636032571613741
-1.1231369971141507
-1.0849294114161352
-1.0524507265275997
-1.0277836975806345
-1.0113479479844782
-1.0018713512803503
-0.9966088285366914
-0.9917859147470028
-0.983221427863752
-0.9670605542731312
-0.9405266446867009
-0.9025769945972731
-0.8543248636176595
-0.7990669681921988
-0.7417326623422671
-0.6875480012782748
-0.639684862881906
-0.5956422822336901
-0.5420841345322519
-0.44783428192287505
-0.25470727992433273
-1.0588145279355698
-1.1590849576440192
-1.1752516121107408
-1.163835521367073
-1.1540653491388395
-1.157181705437034
-1.1735578204420256
-1.1979593707011211
-1.2232432288305484
-1.2427718880842695
-1.2517972933232815
-1.2480447900903744
-1.2317048836665887
-1.2050174801569093
-1.1716102618240218
-1.1357298290602347
-1.1014812215589762
-1.072168411418541
-1.04980534108207
-1.0348440591890176
-1.0261434875846585
-1.0211793329054726
-1.0164726363295258
-1.0081914352522667
-0.9928569908194336
-0.9680630154200603
-0.9330933144138568
-0.8893002365385246
-0.84008330761386
-0.7902844023307821
-0.7447927890847121
-0.7061303629840114
-0.6707643623354886
-0.6238718440802552
-0.5322571738245169
-0.3351007662811374
-1.0435583527511498
-1.1523181076790325
-1.1700385947274425
-1.1561834093937524
-1.1421820557789382
-1.1408467963863536
-1.1535972613401613
-1.175815748170184
-1.2006331234811887
-1.2214222179959273
-1.2332525866325486
-1.2335374854482617
-1.222080897452443
-1.200709419463649
-1.1726508023562987
-1.1417979172140633
-1.1119739000782987
-1.0862912081511404
-1.0666743004841703
-1.053592636354842
-1.0460276647041622
-1.0416744581803816
-1.0373556255047673
-1.0296021160467945
-1.0153325106673923
-0.9925393730601673
-0.9608682159918109
-0.9219516170141873
-0.879337998391885
-0.8378315661603073
-0.8020368834006575
-0.773878532989464
-0.7488433052515859
-0.7106693261169152
-0.6241835215522886
-0.4259657942114202
-1.0283157816420938
-1.1449602758586528
-1.1633457721994174
-1.146030217046059
-1.1267608673248666
-1.1200080001328392
-1.1282975509042317
-1.147665751391268
-1.1715358189039635
-1.1932937284253131
-1.20781707938939
-1.2121880490811776
-1.2057984047882542
-1.1900315270057273
-1.1676833761671177
-1.1422613155451597
-1.117276683137792
-1.095623985525892
-1.0791165668605887
-1.0682255863092913
-1.0620461174608427
-1.0584911633615064
-1.0546913610247777
-1.0475551294292962
-1.0344209951904328
-1.0137108102623955
-0.9854695561990094
-0.9516544096725889
-0.9160127241216277
-0.88336556256931
-0.8580903968261294
-0.841573568461215
-0.8283800870981987
-0.8008653217628227
-0.7219301211806958
-0.5255978790949505
-1.014552359319089
-1.138512844466622
-1.156706263513921
-1.1349376579259118
-1.109389429372489
-1.0962762820669492
-1.0992900337603708
-1.1151575067925599
-1.1376116907714684
-1.160053348624253
-1.1771572179344596
-1.1856539396510946
-1.1844958264266265
-1.1745915630122608
-1.1582719113101068
-1.1386254728531522
-1.1188205416552446
-1.1015060605445626
-1.0883616742653615
-1.0798438528040408
-1.0751520385669027
-1.072415751208221
-1.0690805640785583
-1.0624478464345406
-1.0503001457225867
-1.031521064420391
-1.00659546609122
-0.9778528254774026
-0.9492935176306577
-0.9258148212481886
-0.9116303915548009
-0.9076539382425141
-0.9075948241505137
-0.8924902805395013
-0.8233759149858367
-0.6317731680921249
-1.0044023562447773
-1.1351725692559511
-1.1523722952285067
-1.125207231345708
-1.092412663087059
-1.0720340624299352
-1.0689882658173082
-1.0807285834191347
-1.1013141713862225
-1.1241609789666998
-1.143728562526501
-1.1563740386865533
-1.1605814289606553
-1.1567516284493142
-1.1467152113161003
-1.133107265944364
-1.1187204328434515
-1.1059292985448341
-1.0962562788998662
-1.0901261053621658
-1.086833008008897
-1.084721669226537
-1.081560002157973
-1.0750587881790887
-1.0634701878442645
-1.0461741199115209
-1.0241384832293117
-1.0001161764382631
-0.9784188506124514
-0.9640843101360759
-0.96123145728271
-0.9703736561355553
-0.9844383716584563
-0.9832179198986805
-0.9259531454737803
-0.7417288226661548
-1.0008256677575706
-1.1379901663285725
-1.1534750885813214
-1.1200410223531996
-1.0790940910358144
-1.0505966810564544
-1.0407492312305162
-1.047766575639326
-1.0660493118591359
-1.08902764653836
-1.1109321504913754
-1.1277228356485245
-1.137384946373235
-1.139776837828461
-1.1361922942459355
-1.1287766201230154
-1.1199128175431867
-1.1116711429875796
-1.105392317176145
-1.101451641648414
-1.0992282559650584
-1.097280749582767
-1.093707322626218
-1.0866456699522355
-1.0748447430724966
-1.0582175246724497
-1.038260930635372
-1.018205934651822
-1.0027379906659828
-0.9971048085817104
-1.005405518822395
-1.0278322415099932
-1.0566120561999193
-1.070374348279735
-1.026645488310912
-0.8521497807641604
-1.0077846496379494
-1.1510487215097351
-1.1642044405314385
-1.1237220525048721
-1.073796555970652
-1.0363930826520127
-1.0190535928690434
-1.020788517704769
-1.0363539598757792
-1.059192045431377
-1.0832889985765417
-1.1041824920852477
-1.11932680594201
-1.12800130702078
-1.1309247427816174
-1.129714822136864
-1.1263095368098055
-1.1224436566801126
-1.1192508127816538
-1.1170385617895124
-1.1152608060043923
-1.112688923013827
-1.1077599393809334
-1.099057062882715
-1.085854867991223
-1.0686384094621626
-1.0494825190668207
-1.032154520674479
-1.0217805790637762
-1.0238928780127357
-1.042651803388512
-1.0780142871291576
-1.1215964481810259
-1.1509556466266644
-1.1219940474094265
-0.9591627702322614
-1.0304422057649036
-1.1796632261864082
-1.1900092910203093
-1.141815462000612
-1.082183601495449
-1.0351669798615062
-1.009706221863051
-1.0056403640639031
-1.0180937752719805
-1.040516672287358
-1.0666339433760212
-1.0915339720628372
-1.1121061340085057
-1.1270126199065773
-1.1363572175078887
-1.141190666051064
-1.1429691765490184
-1.1430596915526876
-1.1423624381844852
-1.1410983084052935
-1.1387855806500744
-1.1344074771384576
-1.1267490313379929
-1.114858720228984
-1.0985672961911654
-1.0789732335037328
-1.0587811846215387
-1.042356821561551
-1.035338417904976
-1.0436225070916882
-1.071517932854965
-1.118839587815747
-1.176690116426981
-1.2216548386298454
-1.2081121307550065
-1.0583384803732747
-1.0753824788438258
-1.2306025789128892
-1.2378206040792092
-1.1813918391263818
-1.1114428188864558
-1.0541997867190702
-1.0200582871440347
-1.009717804662634
-1.0186823409742205
-1.0404048029659547
-1.0683300540248202
-1.0970684613923705
-1.1229087524538997
-1.1438559730250528
-1.1593573208701744
-1.1698556078579618
-1.1762870843313076
-1.1796173394394713
-1.1804859713520341
-1.1790077014453684
-1.1747545867236315
-1.1669209649076027
-1.1546497467959456
-1.1374756506747854
-1.1158179537227682
-1.091432315530061
-1.06770820902103
-1.0496754742416432
-1.0435604906439067
-1.0557094436709324
-1.0906731416175728
-1.1482248189127464
-1.219059342140972
-1.2788992152918748
-1.2807097608976281
-1.1447028338898002
-1.1508555305214359
-1.312335427420828
-1.3162979257416785
-1.251274048285552
-1.170532499668222
-1.1025566504034336
-1.059252221223633
-1.0422097197998457
-1.0473226621942457
-1.0680395915501812
-1.0975048866957258
-1.1298203335081392
-1.1606364120578783
-1.1872592327220908
-1.2084360346288365
-1.2239591399645275
-1.2342052378484134
-1.2397038516491772
-1.24080582379004
-1.2374996322600234
-1.229400333220339
-1.2159129042661208
-1.1965487430750552
-1.1713510563457064
-1.1413618540996437
-1.109040244592771
-1.0785187052525211
-1.0555609852288896
-1.0470622753185717
-1.0599092611927192
-1.0989946560301733
-1.1641577888292693
-1.2457998048426266
-1.3188990147506234
-1.3351289093605059
-1.212758336789463
