Predicted value
-1.4275996600049439
-0.7297077113203159
-0.5296576036664646
-0.5197775177398398
-0.4754806084088159
-0.3695180703216465
-0.2702925581044724
-0.23580637267133397
-0.2667756706432698
-0.31365139880742277
-0.30993727935981497
-0.2057518552704778
0.013508446352147985
0.3268343490180712
0.6907237918719602
1.0572640108006226
1.3891972163323771
1.6671616979638486
1.888384263931215
2.0595638641513574
2.188498530132904
2.278779052910693
2.329862017329475
2.3418428365901036
2.3214219145105517
2.284117277796014
2.2487103285308763
2.2236224585518016
2.1908844793117197
2.099790814928326
1.8858794896872269
1.5264023136835476
1.1238448771075582
0.9652038413400987
1.425556408281409
2.457142384355393
-1.0878398722479687
-0.6977492815717596
-0.6094748512118713
-0.6274104702222303
-0.5696960342007742
-0.41777046302632925
-0.2395128837659115
-0.0967146322021506
-0.0024546972253389754
0.07373590136234043
0.1773842912726593
0.34076984990011283
0.5682522791884139
0.8378295201229378
1.1139429694812577
1.3634432571245156
1.5674343878059744
1.7249685286441832
1.84856988733506
1.954844970303185
2.0550129342466903
2.1497245105033187
2.2303282369414603
2.285612386374936
2.3101522160843615
2.3089393619526533
2.2939275714645575
2.271873155712555
2.228827492693739
2.1230483112919956
1.9015949829818055
1.5513576402487388
1.1757327146981424
1.0446450584436207
1.4873137134272838
2.371615712536368
-0.9454218845926334
-0.7427194017709553
-0.6930393901029674
-0.698964098705801
-0.6142711779207275
-0.4242663191091651
-0.19142084350824007
0.024443246462041657
0.2043678907019082
0.36629377127121643
0.5405757032799343
0.7461869748990466
0.9795223226555407
1.2176376094812156
1.4308466261216068
1.5969586446211963
1.7105010385353694
1.7835899291811899
1.8390325037643578
1.8993417174398104
1.9766969730863764
2.0682019202694732
2.1584060661613904
2.2278153818943593
2.263175483777786
2.2638733013087773
2.23981143104686
2.1999117120475375
2.136421657181728
2.0166088401136903
1.7968999576704618
1.4699946217847355
1.136049486823822
1.0459035665044212
1.4869491766976353
2.258576259657275
-0.9189421222290548
-0.8241518602205815
-0.7708528191528785
-0.7467540783238746
-0.6351976452680219
-0.4218396621571969
-0.1604139566130982
0.09529460186251981
0.32525309329409424
0.5399056055578342
0.7589983429689724
0.991640188176639
1.2281128836003745
1.4445844466057167
1.6155641641866225
1.726723453605402
1.7819925939174368
1.802207887848624
1.8164124107553903
1.8498322522431891
1.91369119873346
2.001145108858182
2.0910803235552606
2.1581923720437004
2.184802010255659
2.168467527022731
2.1205341122609127
2.0546419916153127
1.970288660769313
1.8429713857663046
1.6358989228334053
1.3437450960951765
1.0596142903325472
1.0136935457333038
1.455696981912297
2.131485348268143
-0.9431924833033918
-0.9050679132890309
-0.8261493259401504
-0.7670623807864558
-0.6355520899928706
-0.415212722250601
-0.1490070596773876
0.11797571903807125
0.3680272722837543
0.6078517943061197
0.8501162479780504
1.0967950607856594
1.3335646666516894
1.535787720682812
1.680859977976624
1.7598603070701273
1.782926537551461
1.7761737796656831
1.7717026736272459
1.7949890805379312
1.8548870808212428
1.9404129572321338
2.025808865002894
2.081992408532855
2.0895437631155076
2.047044437147858
1.9697559756792344
1.8776025375411507
1.7775651964958001
1.6520583892223044
1.4683257461308017
1.2194027853579428
0.9880467591519846
0.9828039674539468
1.4200683626118007
2.006298040857473
-0.9720897461202185
-0.9585584706187547
-0.844731672342732
-0.7528103124286645
-0.6105922534034676
-0.39811775291332197
-0.14660834171451143
0.10904293395998366
0.35569038429965616
0.5989950483638111
0.8472115271202707
1.0973177081996752
1.3316123779931601
1.5247742597242606
1.656107891344206
1.7202129046708095
1.730965952181279
1.7171129818866717
1.711397809351837
1.7377260943428112
1.801614148976988
1.8879409515467103
1.967239393608807
2.0083258309466245
1.992136605117281
1.9203810333018119
1.8139021143499434
1.6997187676857806
1.5919471473622195
1.4783007502942382
1.327348009147613
1.1272541712326074
0.9477609539344485
0.9754237843512783
1.397912259064924
1.895604727711543
-0.9777525121889994
-0.9695874359110803
-0.8191925646865457
-0.6998744561755075
-0.555847409784576
-0.3628578977899224
-0.1402702211023552
0.08778478906538112
0.31401626551986084
0.5448676992833903
0.786134665135525
1.0314454254207508
1.2607189251164108
1.4481113558234746
1.574147349725969
1.6355519707060608
1.64809910571973
1.6412015441446854
1.6464897781916719
1.6850328050683672
1.7584247058164024
1.8475774575635455
1.9201818389002447
1.9443347194228409
1.9029418136826626
1.8023390773002106
1.6699771315419696
1.5402112235581598
1.4335484067906066
1.3412491707854883
1.2306757266945851
1.0823720151403222
0.9510750439303592
1.0016460977665247
1.3978437834089164
1.806470892428024
-0.9475124636783221
-0.9339972364662117
-0.7496769369213325
-0.6093557173115869
-0.4706483664882626
-0.30486772936325224
-0.12007206116865632
0.07020047779613492
0.2650504592398022
0.4728240592703834
0.6982269740896623
0.9327795080693013
1.1548281993394909
1.3382028310171101
1.4642036789922486
1.530701202336484
1.5540550948633935
1.5629587527983233
1.5867273504435886
1.6427912294349802
1.728556787546399
1.8212751239899774
1.8865995274755392
1.8930386736418336
1.8266790830536603
1.6994899656597298
1.5460531524487777
1.4078798174098353
1.310872445061534
1.24807946227628
1.1834009223604198
1.0875441574177103
0.9989406535456737
1.0616692396349663
1.420552953677543
1.740460030227041
-0.8800868521243501
-0.8561058202844833
-0.6427204972317213
-0.4874664800179289
-0.3588752963698312
-0.22414878664858406
-0.08109116212872891
0.06662258130403131
0.22443310422291063
0.4031493898187932
0.6072846588692071
0.8271608429566584
1.0402005911710184
1.2201292131965147
1.3487778077756722
1.4245245602953247
1.4634418200443093
1.4925948057325336
1.53823800042721
1.6137404480450144
1.712311084675937
1.807947489363304
1.865006045191027
1.8533208464738224
1.7630338499683091
1.6123535791751422
1.4431238009343588
1.3035258237812428
1.2237213343625797
1.1968717808616987
1.1814938064982243
1.1367978258678022
1.084273367955916
1.148682296264269
1.4609699241304952
1.6947851202357924
-0.7817100963702615
-0.7458273515669589
-0.509217857233125
-0.3441968451287494
-0.2281785575955837
-0.1249160797372042
-0.023365642021616395
0.08152570979703455
0.20104621094091613
0.3485945583365577
0.5290148513035433
0.7320708512982543
0.9347763850096813
1.1109894035436678
1.2429840374639056
1.3292829142243399
1.385151177279658
1.435501985365173
1.503149992219079
1.597280659433645
1.7070917518173747
1.80380179843071
1.8511418212777189
1.8209921615572195
1.7081405190141705
1.537314894919831
1.3574474592098653
1.2226904730971313
1.166271259628786
1.1799361633659373
1.2152629279255507
1.2188518635746277
1.1952301986210614
1.251780844921086
1.5106171735819771
1.6638865808081391
-0.6627009672197346
-0.6159029873276722
-0.3622058880430359
-0.1915340024262946
-0.08852403385390062
-0.014373682556993117
0.049176837834139064
0.11450179019165319
0.19793099923236923
0.3152568624566925
0.4718883575504087
0.6574557892762072
0.8489667869912578
1.0206532832295876
1.1552623671604811
1.2513103630197921
1.3230117098402001
1.392904928862535
1.4802703372714827
1.5902164733666604
1.7082581177428384
1.8033446927997057
1.8391782795142542
1.790233362175103
1.656292705229541
1.4686196095252164
1.282828787898353
1.1582033261275484
1.1298471789768314
1.1867505401761207
1.2723716835291157
1.3201067640205792
1.3180512159301543
1.3585256872254377
1.5597436331288463
1.6409987904339687
-0.5347079445007239
-0.4795730326075045
-0.21487392099970748
-0.04171804898794562
0.049390739348154966
0.09878011369323758
0.1301784885856705
0.16171894925076913
0.21376348970341041
0.30407445533489863
0.43864346083666916
0.6072229531041575
0.78712222666392
0.9531824419843544
1.0887360770425332
1.192299936117604
1.277002385678907
1.3630120277719486
1.4661928493519705
1.5878490800521066
1.710234920721443
1.8005482908301165
1.8229781495760202
1.7549849961889699
1.601491744075723
1.4000999542902406
1.212527501086221
1.1022641635336612
1.1051510148191426
1.206291077880877
1.3402101875025778
1.42698312205016
1.4392787329425119
1.4569505447161646
1.5990276695188186
1.619459901033224
-0.4087115914246624
-0.34883979901428575
-0.07901412375258587
0.09419513547044289
0.17552863639622274
0.20575355424057307
0.21229778259787224
0.2174329506798358
0.24443403061064117
0.312463158233939
0.42795879481832166
0.5809218649873147
0.7491915794886195
0.9084384061285093
1.042744464516388
1.1507434765458209
1.2445911785681698
1.3422540412243285
1.4564478508342242
1.5850568918363863
1.7075507619342725
1.7898779496844315
1.7971457516505285
1.7100519689354217
1.5386325554437867
1.3264611716770958
1.1406544202129325
1.047945330655466
1.0838537285389833
1.2286841886782724
1.4075654052087714
1.5275585054576482
1.5473035577331302
1.5369589731513997
1.6207698913594868
1.5936552702678455
-0.293754348577977
-0.23334650016624892
0.0360125418219468
0.20734359565227578
0.2815531525776578
0.2987737105350732
0.28841945369438804
0.27530411033414026
0.28446512916969624
0.33581647355907407
0.436007349285509
0.5753183299519113
0.7322803583943056
0.8835906311744388
1.0142709829031233
1.1232573986649348
1.221944720399554
1.326373550217773
1.4464769377090707
1.5771698768490652
1.6956334288804464
1.7670349751165753
1.7577458451100005
1.6518267878758497
1.4642561847298108
1.2440822586084757
1.0630311493113211
0.9901113945031028
1.0595656977765913
1.2462084501658808
1.4656270390183295
1.6125439938336399
1.6332768702559406
1.5911388823510606
1.6195854261573004
1.5595756989132497
-0.1963024071419568
-0.13981864586742176
0.12381003008488278
0.29162232839121316
0.36146693389116535
0.37183393798181896
0.3525292559146038
0.3294023718261343
0.3281357473639801
0.36872626474675485
0.45774206588213495
0.5857083296603962
0.7319546783896693
0.874374025609659
0.9991224168352104
1.1056584934155829
1.2048841591995418
1.3112535095459545
1.4323360630361974
1.5605574311098822
1.6712997872367297
1.7293707521154928
1.7026668419661717
1.5786267796862097
1.376883498839737
1.1513638954087213
0.9775634598928988
0.925821538392519
1.0282637171202822
1.2537345487434663
1.5084232536382842
1.6756958570004485
1.691479162710948
1.615075762407855
1.5926591815377833
1.515028148784495
-0.12011069847812905
-0.07196981585798312
0.18105027904948656
0.3438435585408115
0.41186963199564275
0.4210775253112047
0.4002375001950753
0.37487052788821984
0.3702709372163291
0.40587471400777986
0.48785811586586547
0.6069139506672334
0.7432327856502545
0.876039731311885
0.992806934486304
1.0937437468097078
1.189549144999834
1.2934564151459005
1.4111094869058538
1.5329245823262356
1.6329482567327072
1.6759942528207359
1.631664717928118
1.490696113710226
1.2769951544687803
1.048702365900013
0.8842198675603896
0.8543173827832433
0.9882865433684884
1.2487218747682363
1.5328084483580824
1.7137843780519688
1.7192635572741892
1.607271989838182
1.5396554617491347
1.4595673832845932
-0.06645175441690299
-0.030754388025798107
0.20724276694159016
0.36357287566136165
0.4318971180647395
0.44486503428773005
0.4289864273660271
0.408270309712762
0.4067132824373587
0.4426078018943045
0.5214378456065063
0.6339649570585619
0.761267174667779
0.8840032855410842
0.9911178217749386
1.0837851202116089
1.172786375960643
1.2704972125383456
1.3810654802325288
1.4933560893419449
1.5805028581485645
1.6076318917723105
1.5461569255957315
1.3899523888615697
1.166747904187872
0.9381894039942793
0.7847244365068669
0.7767132308838427
0.9400223964867678
1.2308995872919013
1.538132792297091
1.7262483762390843
1.7166972370416147
1.5687868233891322
1.462382420214908
1.3942291375183231
-0.034575062039948534
-0.014848356895072357
0.20427574270138393
0.3527337997387008
0.42292322937322524
0.4435964332017477
0.4380038307031242
0.42766646795017493
0.4345253744942461
0.4752350081179699
0.5543198862207408
0.6625055748354436
0.7817561472083798
0.8942294566335132
0.990463713847604
1.072782644968865
1.1523095337847313
1.2409011108365875
1.341610053680307
1.4421704894450635
1.515177228772072
1.526314909595823
1.4488485685929877
1.2795672470874164
1.0495238408300889
0.8231414144839562
0.6820735603361534
0.6955039492279624
0.8854079178279193
1.2017543981931027
1.5257165617887836
1.714656839159204
1.6860178461867008
1.502705919116579
1.3643080861536419
1.3211447662251885
-0.0222797731735227
-0.021249813870554135
0.17582915210755345
0.31507290596317716
0.3881089490195109
0.41936645289470675
0.42807569927080635
0.4325167992427623
0.45198730367271267
0.5011160733365969
0.5832509368295478
0.6889834498973935
0.8011409785672923
0.903409840940788
0.9880020183978087
1.058533783822535
1.1266904340824733
1.2041085782240724
1.2931039716478563
1.380652820675584
1.4391312229727062
1.4349711392505862
1.34327218497861
1.1634670011136894
0.92940321702741
0.7075532010607102
0.5799760022542699
0.6139933434591285
0.8273441874883858
1.163932282767135
1.4982366150847213
1.682083269246533
1.631006453824682
1.4135352063087794
1.2500128110684727
1.2431084403697241
-0.026505671374707163
-0.045908217247983885
0.1267458272351405
0.25556788103176586
0.3318774358895098
0.3755279528882909
0.40120941773452756
0.42343680650294147
0.4584554196864161
0.5185990548411645
0.6058828367258444
0.7106821706286848
0.8166492405869745
0.90899330264992
0.9816355114738367
1.039579300738481
1.0952422524485657
1.1602893525095423
1.2366062044031383
1.310730825952393
1.3550868720656108
1.3369901779147098
1.2333126465485664
1.0458274360705682
0.8106377350111504
0.5955558027765484
0.4822983324573933
0.5357273632714374
0.7691157860637645
1.1206409690244072
1.4591116632686294
1.6324778366060286
1.5563588831997208
1.3065955259249904
1.1246466074351247
1.1631544554261382
-0.04387164744139227
-0.08431257750885379
0.06242960095966055
0.17984578459615363
0.25938072693625713
0.3162276774163928
0.36025051322130963
0.40190067089750414
0.45414281428304193
0.5268689934869357
0.6206731997641972
0.7256546768402616
0.8262407485282759
0.9091249745462169
0.9699271938996878
1.0150802341994345
1.0578490860151175
1.1101195714858227
1.1735979699428658
1.2346490575425995
1.265958620814653
1.2358176146827897
1.1227737801364737
0.9306205428218792
0.6971833649171408
0.49093887624772314
0.39257756173280534
0.46399515536243996
0.7138768423638311
1.0751175851804504
1.4119504489408712
1.570100221195048
1.4671158120185623
1.187474391718979
0.9934417764409318
1.084186792184937
-0.0711149969502003
-0.13199036430944489
-0.011680445096942549
0.09366138278807057
0.17600837170232353
0.2459648456208754
0.3085034019688422
0.3699288378759533
0.4398715268573916
0.5257567450238163
0.6267385747982566
0.7326057968665407
0.8285035333780066
0.9025402841803104
0.9519788669792537
0.9846703927662936
1.014785235047651
1.0545644219668415
1.1057288711430182
1.1546816285229828
1.1745379998576122
1.1346180866249211
1.0150263150346923
0.821252839931037
0.5923326074958828
0.3967779684652353
0.31364185504729036
0.40143941066509825
0.6642459847722222
1.0302036190182662
1.3601048121341535
1.4990543341318698
1.3681911937026143
1.0615716708431364
0.8613134679524137
1.0086877101900882
-0.1054068087471478
-0.18488933167816413
-0.09052928171900021
0.002467934574156061
0.08697206046340966
0.16920797433795087
0.24939254717990167
0.3297993253538394
0.41683396399447403
0.5155455378483715
0.6236974593871496
0.7307607115516652
0.8225358365125373
0.8884489565208427
0.9273071269282357
0.9483166612901992
0.9665549755831249
0.9946955126738406
1.0346127793174384
1.0729097798555889
1.0832575480424842
1.0360308000301193
0.9127598332767621
0.7203172443620804
0.4984676980664604
0.3151879577564447
0.24736059592554582
0.3497974268202029
0.6220318426468339
0.9880490274754692
1.3063495039433661
1.4229464673045698
1.2640197142881675
0.9337583274552799
0.7325647739630767
0.9385182112457642
-0.14453738371537384
-0.23963223898897468
-0.16974535118976064
-0.08890320315236977
-0.0030148830816756345
0.09009089965371686
0.18618668428583618
0.2838066915620914
0.38638833755876334
0.4968005119681642
0.6115284583908718
0.7197442726062162
0.8078383117334742
0.8664320908059479
0.8957384877117663
0.9062071924725937
0.9137710777975171
0.9315592885957653
0.9616877992344219
0.9910766423205009
0.9940445048424639
0.9420263391062997
0.8178460640315124
0.629464611767085
0.41693994155172964
0.24720722208150914
0.19452802122987656
0.30977702544938523
0.5880933614388297
0.9499500083983321
1.2526935273644142
1.3446718085570524
1.1583281185786518
0.8081525260437274
0.6106994939520973
0.8748115318981036
-0.18698035857710238
-0.29364883977552836
-0.2458206642602363
-0.17645133998576057
-0.08995738144984955
0.012196291449569685
0.12179650708954881
0.23408070725084684
0.34990135405948664
0.4702351870680106
0.5904577766154722
0.6994851417565373
0.7842297363458197
0.8363645409700868
0.8573344283602908
0.8586765430314481
0.8570791558269932
0.8661014362103518
0.8881430443210239
0.9105196972546141
0.9082626267402094
0.8538611150231613
0.7313080896805764
0.5493880001494529
0.3480670322639652
0.1928035276443607
0.1548709051923538
0.2810576221843988
0.5623253467828704
0.9163112078428028
1.2003142981381103
1.266321195233445
1.054022798885967
0.6880058126388349
0.49833527090231655
0.8179518445840586
-0.2318547837467122
-0.3452001767045658
-0.316182787113064
-0.25711133467967784
-0.17070250753482696
-0.06157528164553128
0.05864616661433075
0.18246693349168197
0.3086417349329196
0.43661932850758056
0.5608809069152874
0.6701495133702728
0.7517904229424032
0.7983657808498057
0.81234814217974
0.8061677929058642
0.7971258816520319
0.799143115847587
0.8149057532035657
0.832172137492287
0.8267310582273779
0.7721162541275239
0.6533803426561712
0.4799028916249486
0.2912302749561051
0.1509825979590902
0.12716067683084198
0.26239663773036526
0.543749590185552
0.8867132000874847
1.1495962078836897
1.189190616186977
0.9531771731657273
0.5756838998728426
0.3972024910978007
0.7676241789968117
-0.2788109215816803
-0.393317159567232
-0.37917715265439256
-0.3287697407143355
-0.24297954857760828
-0.12906018325458746
-0.0013885402555473547
0.13046399632598238
0.26372082626081195
0.3967254624846097
0.5233162680814787
0.6321021875610668
0.7108306353741551
0.7527756471273362
0.7612080667146223
0.7492250649376664
0.734562538948568
0.7313983512775469
0.7426758093513176
0.7566178843380291
0.7498027546073932
0.6968012930556665
0.5836378363028163
0.42010016296573216
0.24504717241995433
0.11997387181815444
0.10940391654716919
0.2518150357867768
0.5306855954553029
0.8600598588544557
1.100249129042595
1.113870184720696
0.8570969474302501
0.47272163130355693
0.3082100264828114
0.7229180857100346
-0.32786834279204413
-0.4376788729269947
-0.4339821003580937
-0.39021169738521166
-0.30537296188019525
-0.18882464773277974
-0.05698727524028868
0.07920745446119426
0.21607167426894058
0.351306460237816
0.4783837958031443
0.5858881124086541
0.6618767829862802
0.7001469536533235
0.7045190107584907
0.6885057394937875
0.6700714089376273
0.663518058473139
0.6719910073808135
0.6841814202511449
0.6774814702357227
0.627499666951167
0.5211697824884282
0.36854538520867
0.20759170488616618
0.0974648813452248
0.09908215900296291
0.24683281423464187
0.5209720323404454
0.834777428567385
1.051479702043622
1.0403867579959183
0.7664390214828813
0.37992965551984526
0.23155724930700217
0.6824664454486538
-0.37923452897439347
-0.4784565046205671
-0.48048013847528637
-0.4410196389668499
-0.3572469209229041
-0.24011227587681105
-0.10735195922286778
0.029487630400467424
0.16645537592950355
0.3010940574016754
0.426798995174285
0.5322251160329627
0.6056658973032576
0.6412448537588216
0.6430697497032252
0.6247998993779473
0.604400915910486
0.5961448300537453
0.6033052427085428
0.6150326240563657
0.6095555384508187
0.5635323629914989
0.4647722928217139
0.3234977171004664
0.17663443177295202
0.08085558701742634
0.0934119154333013
0.2447253241548335
0.5122101393146394
0.8090372380279973
1.002188415409961
0.9683745948871376
0.6813600828412518
0.2975307364908417
0.16687231718128714
0.6446016567870174
-0.43312927217789365
-0.5161467690606969
-0.5191076332137072
-0.4814441840269694
-0.39863988897940317
-0.2827626119469713
-0.1521479836573505
-0.018211687972822688
0.11548297383708217
0.2468076227511924
0.3693724560009479
0.4719981351903506
0.5431386156462054
0.5770427162362881
0.5778360462393196
0.5590448443217577
0.5383959976552251
0.5299633723605046
0.5370628278448243
0.5492880655920234
0.5457281745803999
0.5041178375654591
0.413136788218131
0.2831237627657267
0.1498768015469678
0.06750637998446418
0.08959828668965386
0.24277379972243907
0.5020028227897662
0.7809765104417181
0.9511679618212412
0.8972508597410922
0.6016732859033596
0.22530592371680314
0.11335899565779073
0.6075137262796488
-0.48963538596728995
-0.5514148479478536
-0.5507020362546768
-0.5122650850759953
-0.43014565744704214
-0.31711569396902206
-0.19143318204745796
-0.06366557963968766
0.06364225601717877
0.18916355544474683
0.30700593275260957
0.40624643804274585
0.4754222249446335
0.5087057876135279
0.5099697719771025
0.4923244710585674
0.4730123804670607
0.4657339768662996
0.47375489910346663
0.4870932511788464
0.48572733296112425
0.44850984409892697
0.36501451648050487
0.24568573585997855
0.1251581890437805
0.054957716901975484
0.08505986995573167
0.23848784304268023
0.4881675417855753
0.7488959982518537
0.8972825155028374
0.8263767904550434
0.5269952425840927
0.1627344352150999
0.06993771385839409
0.56939803223122
-0.5485903019375655
-0.584961830209977
-0.5763614651331181
-0.5346564276833874
-0.45279407782489045
-0.34391463378448606
-0.2255853493696236
-0.10686088491108947
0.011321091599377553
0.12887792631436223
0.2406783579229741
0.3361376933528827
0.40379781156546873
0.43755658725570534
0.44076769725039117
0.42584645376181396
0.4093068462573618
0.4043000988994894
0.4139478588021585
0.4286745811981576
0.4293826978805527
0.396099628880736
0.31934262358678256
0.20968852070220567
0.10061958928259251
0.04110487629623094
0.07760824700894631
0.2297831966678281
0.4689065992699497
0.7114185857631199
0.8396128133417733
0.7551903530330435
0.45687027249965695
0.10911550851187712
0.035370608202924814
0.5285842468529154
-0.6095266845684364
-0.6174260249674717
-0.5973265367841805
-0.5500659233060219
-0.46794082886759725
-0.36421475235102463
-0.25523583105747605
-0.14795610544086735
-0.04117808667169598
0.06665792316746355
0.17141812933682887
0.26292579421062734
0.32964875336551197
0.3650193507752663
0.3716171012239223
0.36089399075222817
0.348399679629697
0.34656550144700654
0.3582784743169231
0.3743547474748719
0.37666263480091716
0.346474459843256
0.27532296543845064
0.1739761590932829
0.07481398764473823
0.024317516815305584
0.06557157492489196
0.21510434692341995
0.442924580832873
0.6675989606358996
0.7775576486392168
0.6833016323128049
0.39086392795911706
0.06366512988893192
0.008364514275058355
0.48364163696237483
-0.6716638565108042
-0.6493219142652151
-0.6148893628366636
-0.5601136571305574
-0.4771714896017727
-0.3793040487087893
-0.2812131986334485
-0.18725141615760776
-0.09363480338020658
0.003180864680760731
0.10026124143193682
0.1878926526034479
0.25439122558331484
0.29254444264475227
0.30391916654397855
0.29875293230300176
0.291409791510935
0.2934410056657853
0.3074151215745503
0.32453044538083664
0.32766934616954424
0.2994301225077202
0.2324507387613831
0.13777436842046353
0.046759641634123605
0.0035000168239958107
0.04785812092413444
0.19348777542545115
0.40948883611202547
0.6169804148034288
0.7108880742423764
0.6105475505280253
0.3286227361876968
0.025585004497827413
-0.012350202434959101
0.4334593433771943
-0.7339460996391836
-0.6810153955318583
-0.6303300143578667
-0.566511481839683
-0.48222137063559956
-0.39063624228423066
-0.3044977019670796
-0.22516871624484835
-0.14591712367110077
-0.0609373923215113
0.028197912447018858
0.11227733384399324
0.17939066057924172
0.22151708317945773
0.2389947378180557
0.24061893916038973
0.23936709283555016
0.24576522390321917
0.2619892592866788
0.27961613773102056
0.28259559176383864
0.25494036733075903
0.1904955658579325
0.10068142097812743
0.01593835544859723
-0.02190551260994189
0.02396149948337012
0.16456752716260148
0.36843460965093655
0.559600329423958
0.6397558102719998
0.5370073316775006
0.269901483770127
-0.005894994138316179
-0.02796376693811453
0.3773029694076513
-0.7951191940122726
-0.712729729845762
-0.6448769319562189
-0.5710007568091271
-0.4849093474937689
-0.399774647532702
-0.3261843830831097
-0.26223896625629806
-0.19799475361028218
-0.12518025217803386
-0.043887048709298826
0.03719855135308853
0.10587085270715503
0.15315762272734978
0.17798007960944062
0.1874925738124238
0.19311016166049044
0.20420735321196865
0.22250516223141767
0.23996178890607806
0.24165074527790276
0.21309091699460267
0.1494424778039748
0.06261467384245312
-0.017754107460453694
-0.05196653417917618
-0.00608552489013281
0.12852979145612942
0.3201213059363397
0.49595055096668617
0.56466170198199
0.4629841030942714
0.2145628951451215
-0.03149663728964924
-0.039550392096884934
0.31485068808603955
-0.8538331710067268
-0.7445735450622806
-0.659684970396313
-0.5753035893000344
-0.4870816052106619
-0.4083429786730548
-0.3474507129411002
-0.2990921366350143
-0.2499532557732813
-0.18916815769505924
-0.11527305495312079
-0.03642157582889943
0.034824360836090945
0.08842266894479027
0.12172248383470027
0.14007260726056742
0.15317981478588352
0.16916287669111305
0.18923892095389272
0.2057556771561028
0.20496735162996643
0.1739892226026124
0.10940398447499147
0.0237239127917529
-0.054094365698268865
-0.08634670095188435
-0.04179782145935196
0.08602709554001287
0.26535012797193147
0.4269024005841615
0.48639331750359815
0.3889609099274196
0.16255701786576537
-0.05188917577027041
-0.04804581396206231
0.24621300199100915
-0.908757361276912
-0.7765805121838412
-0.6758231920349544
-0.581081305093619
-0.490559907825201
-0.4179780053893225
-0.36952353666313087
-0.33644409713890333
-0.30200303904675696
-0.2526892084976389
-0.18545374668808456
-0.10792366963413277
-0.033066153781446575
0.027917440638938543
0.07068675273248078
0.09865913245047775
0.11972065509405733
0.14065464666735897
0.16213951757659523
0.1769253735668963
0.17250150357125446
0.13766347306994564
0.07051687595422013
-0.015714757746590757
-0.09264076265188947
-0.12441809773254153
-0.08235175876565393
0.038065292153451225
0.20525577431538977
0.3536083055247836
0.4059427600431249
0.31554108136332104
0.11388891501741227
-0.06769408657487475
-0.05423340577436875
0.1719402520021731
-0.9586934647036287
-0.8087499731235539
-0.6942642172028854
-0.5898936201932656
-0.49708881224842116
-0.4302788536401252
-0.39364005361303356
-0.3750747800584495
-0.35447683723007684
-0.31571557661914773
-0.25417031674442414
-0.1769584207943138
-0.09748610193084008
-0.02817031502606958
0.024883618818587624
0.06307820444128286
0.0924029075144599
0.11825219357330702
0.14074529607122943
0.1530506287332696
0.14394115140689112
0.10396529177658272
0.03283844883805004
-0.055409601325898006
-0.13285074626524973
-0.16538418010665712
-0.12671141835019206
-0.014122309542198508
0.14118593565527604
0.2773929331980547
0.3244164450860012
0.24338329973016926
0.06858337324359809
-0.07949184741517001
-0.05873388465516882
0.09302105715926245
-1.002673493686416
-0.8410787913924196
-0.7158678521424235
-0.603152859271006
-0.5082771159598423
-0.4467486377518668
-0.42099849074789475
-0.415792932213078
-0.40781042603176854
-0.3783997597342792
-0.3214214048012719
-0.243507525114037
-0.1585182594859835
-0.08010565287459456
-0.016169952838872417
0.03263866337583606
0.07037586358860416
0.10102119898811826
0.1241283403338033
0.13330121184046392
0.11863587490742063
0.0724900784322797
-0.003743525876636622
-0.09515392863389804
-0.1741915534977534
-0.20839868280408824
-0.17375262175499984
-0.06919955597902394
0.07458201985025781
0.19964627973712012
0.24294800973083852
0.17314095241424354
0.026654351069396398
-0.0878250638369309
-0.06199505398467409
0.010873245341031179
-1.0400318720038513
-0.8735768648308522
-0.7413536976658293
-0.6220694315592539
-0.525530632031419
-0.4687258986167393
-0.4526959358080376
-0.4593846230723546
-0.4625032398859652
-0.4410466904371293
-0.3874448548480024
-0.30787275694488025
-0.2166369329154606
-0.12860399592654456
-0.05345082350281141
0.006129615704451519
0.052262101665685595
0.08751296411994106
0.11087722757696471
0.11641077450967448
0.09555975545103748
0.04252714726368105
-0.03957450172447324
-0.13490383638626535
-0.2162310578434028
-0.25266731743046056
-0.222371764258817
-0.12583822397837263
0.006872968994120043
0.12172954190121033
0.1626238179523085
0.10541354638759515
-0.011915011460928326
-0.09319427371838174
-0.0642800953850724
-0.07267325773159428
-1.0704444441698797
-0.9062618322626008
-0.7712602590656275
-0.6475874078765571
-0.5499759108815852
-0.4973058053965076
-0.48965328682840337
-0.5065452118458644
-0.519058157789932
-0.5040604162156768
-0.4526694208355895
-0.37063059439190016
-0.2726637231943384
-0.17478697114645222
-0.08838544596257983
-0.01813608948526043
0.036198494695900675
0.07580055374705248
0.09912549599424855
0.10069472242031238
0.07331594957970297
0.013048837641045419
-0.07526083898401165
-0.17482291369321895
-0.25869841496686974
-0.2975218000030937
-0.2715691234520259
-0.18280501943078953
-0.06060858828531046
0.044901991157519916
0.08442791991240739
0.040715365368512835
-0.04717858187845536
-0.09604528802884715
-0.0656553627823655
-0.15540438245204768
-1.093931323644938
-0.9391322011186389
-0.8058914235347743
-0.6803121511732968
-0.5823774959512775
-0.533253985189404
-0.5325301856262659
-0.5577974420085772
-0.5779027842803588
-0.5678672375083744
-0.5176378077302486
-0.43255324606422596
-0.32768517830996746
-0.22009623069826698
-0.12276046545990815
-0.042230918688313274
0.01992609083155787
0.06356433155418345
0.08662918689418447
0.084116105602657
0.05018761877832961
-0.017256131126315383
-0.11165563607547419
-0.21528760859486584
-0.30150785571201477
-0.34245938863246517
-0.32049987471230823
-0.23901834792662413
-0.12668201390915002
-0.02972625449633881
0.00921009603107592
-0.020536561478735393
-0.07921934471821146
-0.09674968831211572
-0.06598112014319213
-0.23476562999303496
-1.110824984566193
-0.9721220437150464
-0.8452546864709802
-0.7204351938430875
-0.6230543797077104
-0.5769188571665573
-0.5816358248961233
-0.6134014243191741
-0.6392977602982892
-0.6328205473647837
-0.582905957734532
-0.4945006260158372
-0.38293649403917296
-0.26616900727538473
-0.15859146561207516
-0.06847708282426047
0.0009265430678074837
0.04822511723008527
0.07089228603516629
0.06439897927603352
0.024235312827679573
-0.04990432177724122
-0.14980136303157376
-0.2568513702439924
-0.3447433180397914
-0.38714535890323853
-0.3684901839113568
-0.2935724202892578
-0.19034420613387937
-0.10121437853488402
-0.062322906267461065
-0.07801640346917793
-0.10813016236508588
-0.09558275444587139
-0.06491086435971738
-0.3079280855786237
-1.121709349428329
-1.005044146702346
-0.8889988022437763
-0.7676645537733435
-0.6718041560174868
-0.6281511145243606
-0.636844309709744
-0.6732651539194423
-0.7032406688148347
-0.6990958287757235
-0.6489269093538893
-0.5572914574638899
-0.43965927265279675
-0.31468320910276315
-0.19795741632502298
-0.09927358907458014
-0.023401794333918646
0.027118524268669064
0.04933413539205492
0.03918388290998842
-0.006563919799357332
-0.08649833238378557
-0.19083272457411005
-0.30017039082729347
-0.38860622616786755
-0.43138034411702697
-0.4150201046421458
-0.34573044299589206
-0.25076703959982893
-0.16878649993909178
-0.12959630068037598
-0.1314697336444084
-0.1339886280928937
-0.09270529645718284
-0.06190644497149833
-0.3718840560836725
-1.127339404080999
-1.0375316338510174
-0.9363612101565764
-0.8211710554127905
-0.7278455754962039
-0.6862411597915887
-0.6975254626900558
-0.7368665370281757
-0.7693766085484062
-0.766586993225371
-0.71593052902336
-0.6215649146818627
-0.4989448354236164
-0.36718359460302635
-0.24281234583983427
-0.13689734002153223
-0.05553933462360766
-0.002300457524856081
0.019488281334531843
0.006215405764775139
-0.044145138118404426
-0.12857543397528842
-0.23584786468197505
-0.3458983865594797
-0.43333323676640556
-0.47503884065594115
-0.4596792057166965
-0.3948926283296066
-0.3072724527323878
-0.23180877874924377
-0.19214276251283735
-0.180686949874719
-0.15683352125546435
-0.08815728165865266
-0.05627681527744244
-0.42357930909616925
-1.1285536593816232
-1.0689902173623977
-0.9861372616235258
-0.8795626062029953
-0.7897914477668238
-0.7498865110202786
-0.7625032482884979
-0.8031993420039836
-0.8369281613141473
-0.8348171515485717
-0.7838126044493348
-0.6876466963684704
-0.5615773634731596
-0.4249036299322435
-0.2947890878584977
-0.1832932727180443
-0.09762730076247433
-0.042237519257136924
-0.02078185688559553
-0.036452368252925416
-0.09016550255716693
-0.17743712369967002
-0.2857602318043795
-0.3945619919768807
-0.4790947927582616
-0.5179890423373554
-0.5021045161311966
-0.4405481695330655
-0.3592940403147491
-0.2897567146029978
-0.24957320173925268
-0.22547862620486114
-0.17665149262209923
-0.08187149139760663
-0.047247654497027725
-0.4600871588828568
-1.126193199941099
-1.0985740130475392
-1.0366836131071864
-0.9408984489809455
-0.8556637848288702
-0.8172011509193169
-0.8300540518759192
-0.8707557357688969
-0.904657971157647
-0.9028776896026849
-0.8520478852114935
-0.7554348468375753
-0.6278928902487466
-0.4885996952928771
-0.3550123105169123
-0.23987115105820955
-0.15125420092003028
-0.09434165853019205
-0.07306830970355804
-0.09025004638977863
-0.14581269339812664
-0.2339760077366363
-0.34114677850822916
-0.44643162177260287
-0.5258884835607522
-0.5600071554108665
-0.541913140284831
-0.48222281337204365
-0.40633615474049023
-0.34218309156166526
-0.3015527418103048
-0.2656621414767244
-0.19338251792953542
-0.07371448115043222
-0.03406708981015072
-0.47882636604765594
-1.12104081408836
-1.1251969992294448
-1.085966885475301
-1.0027539127064813
-0.92296149540541
-0.8857772442763867
-0.8979556407845717
-0.9375568750116097
-0.9708762377240432
-0.9694089220798934
-0.9196413977542054
-0.8243207334457512
-0.6976706085393837
-0.5584150793353745
-0.4239391183718154
-0.30732799008363687
-0.21726620738905633
-0.15951011702168783
-0.13822465868935585
-0.15590634601443742
-0.21163095251097852
-0.29851861223375264
-0.4021103275284992
-0.5014047381028877
-0.5734431700106235
-0.6007011291078665
-0.5786434480941853
-0.5194349225259991
-0.44794241971175097
-0.38869748486581557
-0.3477917700070279
-0.30106822583555726
-0.20695118078091923
-0.06355971144972727
-0.016149219586225172
-0.47781993708167647
-1.1137915898202664
-1.1475895294719294
-1.1316656576048842
-1.0623429582868624
-0.9887876661467843
-0.9528064463118113
-0.9635945995161652
-1.0012402293767568
-1.0335029319099067
-1.0326334382905098
-0.9851305582920442
-0.8931591477347207
-0.770071871134589
-0.6337904583212348
-0.5012450924863883
-0.3855149497855678
-0.29562101604901625
-0.23773568790928912
-0.2162131824777831
-0.23330094523808853
-0.28738461490765554
-0.37070341313772825
-0.4681746062582248
-0.5589190608282149
-0.621150311999485
-0.6394590452681035
-0.6117188270190388
-0.5516727157373058
-0.483685000224769
-0.42896725041719463
-0.3880604014919342
-0.33157390086910254
-0.21732790432709237
-0.0513938343491418
0.006747883713245528
-0.45598550674071703
-1.1050623280818854
-1.1644047773880857
-1.171329020705457
-1.1167008274248786
-1.0500384656211992
-1.0152631256724796
-1.0241353228261012
-1.0592078641735534
-1.0901904002057075
-1.0904494520195904
-1.0466471618215947
-0.9602984118624998
-0.8436395292651978
-0.7134351545585751
-0.5857715383629084
-0.47336571532373584
-0.38530318084129367
-0.3280150663489678
-0.3060120841973524
-0.3213758480622906
-0.37197795054420046
-0.4494123556801277
-0.5382294141307944
-0.6179121593719152
-0.6680377321987003
-0.6754360533315524
-0.6404464228678615
-0.5784035546281174
-0.5131838306341336
-0.4627473772747024
-0.4222316698603876
-0.35716466135556857
-0.22461989124172987
-0.03745186463964956
0.034319362915368856
-0.41344029839768837
-1.0954412698586111
-1.1743737091679236
-1.2025883846318948
-1.16292246375464
-1.1036490892169653
-1.070145329810277
-1.0767473555532527
-1.1088338757718166
-1.1385062915197885
-1.1405860618166461
-1.1020432575028443
-1.0236766405022406
-0.916365846546501
-0.795369367226382
-0.6755458885482182
-0.5688998046577769
-0.48431555391931314
-0.42833372761565025
-0.405598786164469
-0.4181213951498366
-0.46344724718494135
-0.5327712704288032
-0.6105405137120044
-0.6768409463750498
-0.7127980504712643
-0.7075906209666512
-0.6640600228052573
-0.5991226696172678
-0.5361612693726485
-0.48994252843323594
-0.45035429991357745
-0.37802378754103927
-0.2291859458325689
-0.02237059757774773
0.06550297116356774
-0.35179510578728923
-1.0855722521124562
-1.1764994437997984
-1.2234112938514272
-1.1984443754844847
-1.1468842047204078
-1.1147614901162264
-1.1188802318616915
-1.147721778691865
-1.1761696196261244
-1.1808154979726968
-1.1490783856880493
-1.0809840626278504
-0.9858312551889394
-0.8770418514838734
-0.7678817173146855
-0.669308953802044
-0.5897563391007443
-0.535737830905509
-0.5120203967464048
-0.5206482469803628
-0.5590363101216016
-0.618229862107754
-0.682834107023254
-0.7337698441329907
-0.7538792338480329
-0.7347760190572519
-0.6818112968115777
-0.6134436659611975
-0.5525324469699342
-0.5106991953125615
-0.47275025812992766
-0.39464067397877045
-0.2317628992985874
-0.007342593785153895
0.09828549139925258
-0.27440294848156555
-1.0762590134922903
-1.1702731826115382
-1.2323771800618601
-1.2213487349646925
-1.1776515292612544
-1.1470421479996915
-1.1485664134801201
-1.173994287543218
-1.2013246357392124
-1.2092095188391285
-1.1856579609878608
-1.1298838289338327
-1.0494089380630327
-0.955520412986858
-0.8595578667471973
-0.7711278978445404
-0.6979845359242391
-0.6464969956485125
-0.6215558624417437
-0.6253501171529026
-0.655360035842385
-0.702725450450175
-0.7524592786745963
-0.7865299302441278
-0.7896382582875257
-0.7558865281460214
-0.6931071990463575
-0.6212267489368717
-0.56252517391518
-0.5255194718562279
-0.4901258013635399
-0.4079234751015903
-0.23358458187811948
0.005754028396580679
0.12955853243477122
-0.18651987150497007
-1.0685667224016697
-1.1558850158276641
-1.2289459812402583
-1.2306594722665807
-1.1948081524651215
-1.1658470363894367
-1.16472408048846
-1.1865892099184192
-1.2128285847104254
-1.2244186419698089
-1.2101042229742394
-1.1682754675088027
-1.1045220386765915
-1.0277444654349148
-0.9470681067425755
-0.8704828141437364
-0.8048685105736428
-0.7563537567593608
-0.7299662736308852
-0.7281539859623427
-0.7486526734924741
-0.7829266171989095
-0.816623800010535
-0.8329434441737558
-0.8185510452576654
-0.7700501430823774
-0.6976837745912086
-0.6227332347315127
-0.5668161095300519
-0.5353810100020908
-0.503678021776949
-0.4192948483336494
-0.23646792639593173
0.014281025949401283
0.1550623529949462
-0.09532887578501459
-1.0638899235549388
-1.1343948504748482
-1.21368237399264
-1.2265918680185308
-1.1984209353053572
-1.171229554256339
-1.1674232301577714
-1.1855268678107347
-1.2105211122726338
-1.2259445692338042
-1.221432813086393
-1.1945767324874872
-1.1489318103745534
-1.0908203191530887
-1.0269240705606668
-0.9634019047854219
-0.9061035313975383
-0.8608465043550293
-0.8328207044458384
-0.8248453735163057
-0.8350882077268302
-0.8555437463555986
-0.8726895859474979
-0.8710990574300315
-0.8394630461611854
-0.7768510217147515
-0.6957984177181409
-0.6187871178444198
-0.566662568950207
-0.5418409261729735
-0.5151726736511932
-0.43074397298650524
-0.2428358013203109
0.014856116712849143
0.16946022899298896
-0.00977452483283514
-1.0639503087079447
-1.1078227356799175
-1.1883922470892685
-1.2107108956241603
-1.1899359264559095
-1.1646141458219326
-1.158071862103581
-1.1721076180649268
-1.1954360519348128
-1.2143689110583553
-1.219600544302045
-1.2079918400185523
-1.1810269912852753
-1.1423315596195245
-1.0959856119880271
-1.0461637203110135
-0.9975749696016205
-0.9556833430825762
-0.9258754046184627
-0.91144655052973
-0.911150523322215
-0.9176836784173847
-0.9185044275945717
-0.8996538410354091
-0.8518556893982332
-0.7765561946861226
-0.6884144521328217
-0.6109169687912654
-0.564002650945298
-0.5470956548539334
-0.5269643224026126
-0.44480439746998
-0.2556437343030211
0.0034963533569225547
0.16658585712286822
0.05984301642217815
-1.0706856326706884
-1.0791155674320407
-1.1561255226693845
-1.1859507883928018
-1.1722086783582597
-1.1488387154565949
-1.1394752878411332
-1.1489939038175443
-1.169911745877755
-1.191496271243901
-1.2056843886939177
-1.2087280258822908
-1.2000781013784287
-1.180629753886338
-1.1517850902531173
-1.115650693565632
-1.0757352800349889
-1.0371353247475295
-1.0054748572044527
-0.9846160286855508
-0.9740213505376545
-0.9672160365650129
-0.9527370991217481
-0.918128631666324
-0.8560951320101502
-0.7703129179829453
-0.6773445918284402
-0.6014451387956825
-0.5614912791859084
-0.5539650512086567
-0.5419277387443913
-0.464426893344708
-0.2781792027432459
-0.024078101903796778
0.13990067324482425
0.10255801065306969
-1.085994656287994
-1.0519504221521174
-1.121002337336023
-1.156450781168516
-1.1493493171729483
-1.1280156102795402
-1.115722367454019
-1.1201313370620198
-1.137555373231315
-1.1603682802844855
-1.181949409805739
-1.1981192172046402
-1.2064163682669413
-1.2050658976400719
-1.1928064585377633
-1.1696689667887803
-1.1379558058477492
-1.1024098425492994
-1.068935069329374
-1.0420291791124612
-1.0219453068458115
-1.0031100871956298
-0.9751744277425125
-0.9271553913823176
-0.8536222888855889
-0.7602764676003488
-0.6653144067471715
-0.5934872312988091
-0.5624374245812689
-0.5657686857657609
-0.5632713368746636
-0.49272086298779527
-0.31370926781369235
-0.07195673493902177
0.08318479308627502
0.10774031120234895
-1.1113144725809434
-1.0303458001691297
-1.0878300613251781
-1.127171757868524
-1.1263452065348432
-1.1071727883937683
-1.0918595685311168
-1.0904693298156083
-1.1030216337009087
-1.1251088452138909
-1.1517658184205963
-1.1786168195629472
-1.2014969614148399
-1.2161217827035742
-1.2186776471271266
-1.2071921379887272
-1.1828100274407234
-1.1499597187260804
-1.1148635341052753
-1.0826934142996834
-1.054524668782971
-1.025694288929028
-0.9869324488595375
-0.9286292223815025
-0.8470380262861852
-0.7496242701660236
-0.6559045425202825
-0.5908243184942776
-0.5706095592656624
-0.5860666967046768
-0.5942108907343027
-0.5325486604862135
-0.36496686887682017
-0.14336349805770965
-0.008537663176525712
0.06640717357868198
-1.1470285647125138
-1.0180733807006845
-1.0614991002107104
-1.103277978385492
-1.1084423067819102
-1.0916537318589938
-1.0733292404617032
-1.0654557429571945
-1.0715784581182461
-1.0905715213378997
-1.1193442482761142
-1.1536148132531032
-1.187811703802133
-1.215404303560316
-1.2302370042373205
-1.2284873741266082
-1.2102443966604532
-1.1796819204133655
-1.1433678048928257
-1.1071482234409729
-1.0728929992391016
-1.0367871307522094
-0.9905305195283347
-0.9257151333319555
-0.8400359326267903
-0.7424123125575406
-0.6533324693316658
-0.5976148547542124
-0.5898837989312398
-0.6182483965685606
-0.6374965139071946
-0.5859763480233369
-0.43349014845816214
-0.23981862134093035
-0.13787328718962044
-0.027196132837843834
-1.1917393945097956
-1.0178973437384116
-1.0461786355569984
-1.0892998035966457
-1.1002964076002755
-1.086282892673701
-1.065174727265891
-1.0503041288337585
-1.0484543073509514
-1.0617795215006538
-1.0892756500750949
-1.1270913520226955
-1.168629170310922
-1.2054762834010049
-1.229443061499829
-1.235088945176173
-1.221597807896302
-1.1929632963787
-1.1561069126381724
-1.1175017983219249
-1.0797177268040699
-1.0396487617671752
-0.9897785403175163
-0.9226617868676712
-0.8371385835490983
-0.7432351946835496
-0.6620424465801307
-0.6179242378204179
-0.6237238921412711
-0.6649708639470191
-0.6948098903132234
-0.6536140159843455
-0.518865017718781
-0.36020503681589844
-0.30381868919891986
-0.17384687835817658
-1.2414914990669104
-1.0307190607197754
-1.0443824624637443
-1.0881403114427144
-1.1049501085639335
-1.0943456622493741
-1.07105446895536
-1.049068851479376
-1.0379954052287061
-1.0431796757772673
-1.0658899916501312
-1.1030738628871148
-1.1475619724949482
-1.1895164919906733
-1.2191133487089019
-1.2295982699757673
-1.2194426367639153
-1.192540761302638
-1.1561484086265494
-1.1172634681465965
-1.0789886454661826
-1.038709685292261
-0.9894346585802225
-0.9243827311892829
-0.8432031809526706
-0.7566635182721626
-0.6860877957005016
-0.6550691921063958
-0.6745060221554695
-0.7274789258262899
-0.7660840839383241
-0.7339211055119108
-0.6179712537015689
-0.49986567823748373
-0.5005569201122171
-0.36760460480536494
-1.289103572666022
-1.054775457537346
-1.0560432026438207
-1.1000540946340323
-1.122753796879536
-1.1164909515227848
-1.092162850516786
-1.0636153282378444
-1.0427094499172753
-1.0377760313395115
-1.0524884992188959
-1.0849714094808576
-1.1279941122629538
-1.1708310887442224
-1.2025042388143419
-1.2153127921102111
-1.2072408100208634
-1.182161586755953
-1.1476101998617025
-1.1109462102505745
-1.0755635839657032
-1.0390469283897232
-0.9946055008968813
-0.9357815608994997
-0.8626804353625772
-0.7864531674887161
-0.7283141771378894
-0.7108033972192231
-0.7427362169567573
-0.804879310024063
-0.848847154554079
-0.8226095892388798
-0.7243993519730338
-0.6499353588092731
-0.7165324572906684
-0.5943594077261878
-1.3238647284412082
-1.085133358383473
-1.0778240081369859
-1.121813794762943
-1.1504322140043826
-1.1497435955065356
-1.1262302322573845
-1.092642682168858
-1.062337648597122
-1.0462692839605126
-1.0505598882313905
-1.0748690828501282
-1.112447719123523
-1.1522807977338516
-1.1827817978588229
-1.1957202665046793
-1.1888393193583227
-1.1660575808565738
-1.135092197317789
-1.1034377116043004
-1.0744657488950224
-1.0456011570340706
-1.0098846670169053
-0.9608226442641694
-0.8986382005367943
-0.8345521184160134
-0.7893881346086289
-0.7844119272393186
-0.8262560098919209
-0.8934974605331831
-0.9377555753413844
-0.9123528981338609
-0.828291871749002
-0.7972101430118528
-0.934159326824556
-0.8310763659187614
-1.3319752474232018
-1.1138436364171866
-1.103014260814092
-1.1463927236835332
-1.1806060051557523
-1.1869162734161876
-1.1668714864261176
-1.131007210256442
-1.093182144429477
-1.0664075241849957
-1.059164426603786
-1.0729467935508694
-1.1020305029492903
-1.1357448173735634
-1.1624853410038298
-1.1739422267761341
-1.1678727573955285
-1.148286674707947
-1.1229397781461614
-1.0991734350787965
-1.0799610543241727
-1.0621617529036484
-1.0382594817286304
-1.001385088775919
-0.95160029440936
-0.8999734138108124
-0.8667634862728164
-0.8718369969512878
-0.9195948834794194
-0.9865177453651199
-1.024566453413172
-0.993103704031796
-0.9169719148398485
-0.9249811897767586
-1.1306576248700821
-1.0463024921698434
-1.2982700614144278
-1.1312722663911927
-1.1225037631177486
-1.1636341043895015
-1.2022135688430922
-1.2168399332744855
-1.203674754207725
-1.1697103552551482
-1.1280239704065025
-1.0928546071553171
-1.0747633266962566
-1.0772714781949446
-1.0961851291770301
-1.1218159207505778
-1.143152863032526
-1.152272413815382
-1.14719763036328
-1.1320484911591109
-1.1144308094424673
-1.101192478969267
-1.0944896617276356
-1.0901924312449296
-1.0798623780296737
-1.0559860502991967
-1.0183027516897027
-0.977659524175067
-0.9537409654949442
-0.9650281016983513
-1.0137079737750128
-1.0741987236660293
-1.09890116530147
-1.0534416691442061
-0.976855514974659
-1.0154120719920456
-1.280685385258721
-1.2026956785964558
-1.209958624435444
-1.1293148251612593
-1.1275127210341225
-1.1625530304409608
-1.202446353823433
-1.2259914030776145
-1.2235733915144351
-1.197057482964368
-1.157100538417609
-1.1180075917420425
-1.0918874692999054
-1.08431982328878
-1.0930617144618964
-1.1100135203730588
-1.1253626885558106
-1.1320346214517372
-1.1285561222916556
-1.1191484894723658
-1.1110420551098912
-1.110218210319431
-1.1175854286375397
-1.1276290010032142
-1.1307032155481807
-1.1185217861770411
-1.090535958862631
-1.0575350633906737
-1.0388555148970795
-1.0517976793084927
-1.0964364505624644
-1.145066889576583
-1.1502795531455376
-1.083515605448838
-0.997306893909581
-1.0542216807359637
-1.3616388567800186
-1.2625663299018015
-1.0633525170995881
-1.107431192442391
-1.1149767765714387
-1.1361302927078896
-1.1710143497251408
-1.2022905876914933
-1.2142275913406024
-1.2016668886031994
-1.170774314158848
-1.1343468939841443
-1.105181375812748
-1.09072051290687
-1.090956933943687
-1.0999146742230437
-1.1095504428956815
-1.1140814880523635
-1.1127572619956254
-1.1098697664631345
-1.1120306115137737
-1.1239820586743008
-1.1449913132715892
-1.1678546343305243
-1.1815936060710328
-1.17725231446218
-1.1543230727302216
-1.1240331590463484
-1.105922336425749
-1.1165705610633267
-1.1541477190867226
-1.1886268576320163
-1.1720554808456427
-1.0803155912776674
-0.9772884862511546
-1.0386520343811299
-1.3627381798719398
-1.1976954780957385
-0.8748370258479099
-1.0827128290084147
-1.0967518530673033
-1.0897118916950035
-1.1078017622689913
-1.1420710132420027
-1.1703613259218173
-1.1782152128346297
-1.1647186300275507
-1.1390847250361276
-1.1135281094005904
-1.096862963995477
-1.0914098723735037
-1.0937389644280415
-1.0980864801520624
-1.1003727853627652
-1.1007724967212198
-1.103613856981724
-1.1146628043165947
-1.1371016158547604
-1.1682690924527606
-1.1991475808043788
-1.2175649763905199
-1.214349242999333
-1.1897839381983886
-1.156486886594621
-1.1351884910692434
-1.142543138639553
-1.1751546977764065
-1.2002850765832136
-1.1680633257462887
-1.0562117306893697
-0.9358838996929535
-0.9899545141540784
-1.2993004345798909
-1.0050117998146106
-0.6976800224470026
-1.1055207400271456
-1.1141170298392353
-1.0544284524332852
-1.03525957965212
-1.0615000343699421
-1.1042583155306147
-1.1370488456540215
-1.148675297122054
-1.1420915354234467
-1.127160666332486
-1.113205563886197
-1.1047175699052332
-1.1010835194653055
-1.099247674631954
-1.0972100198923158
-1.0962716533104526
-1.1007929384800264
-1.1155376490960975
-1.1419341389282636
-1.1753088031445031
-1.2050023801767793
-1.2181893871768352
-1.2064370314725466
-1.172150203811043
-1.1309019415575676
-1.1061725084236969
-1.115917474871253
-1.1556792008648245
-1.1893693438887567
-1.1629926042739953
-1.0519294077562336
-0.9280338626842877
-0.9719218845561954
-1.2339310978368303
-0.7300775628964402
-0.646665696509217
-1.2826127058601742
-1.2594193836729346
-1.1073988928435483
-1.0172156187492192
-1.014042155086031
-1.0619207954160856
-1.1190737383418536
-1.1601043176608528
-1.1783288203574784
-1.178897413221648
-1.170332324219089
-1.1588337364451036
-1.146690490546007
-1.133890105766909
-1.1208646116053842
-1.1102749566823604
-1.1065963580120979
-1.1135850712163347
-1.1309541473124227
-1.1522674985189951
-1.165848641864045
-1.1593363788774695
-1.1266859966393667
-1.074531880120503
-1.023770616851948
-1.0029306880492186
-1.0330472482756932
-1.1093147898216102
-1.1913387461713683
-1.2177457495886301
-1.1553977158400812
-1.0671246719416558
-1.1173292444048002
-1.3067408147526294
-0.5007532710419582
