Predicted value
-1.2799283978720952
-0.9929198101238366
-0.6478686987568292
-0.37954305071860617
-0.26909853307777043
-0.3063130482429606
-0.419596666306957
-0.5213646634147033
-0.5434688272917585
-0.4544148666772503
-0.25970221975101265
0.00899357623131114
0.30912997158720024
0.6015128968697736
0.8598674201907028
1.0744247244630976
1.250065010379684
1.4008118253384103
1.5430041386819693
1.6893239718718982
1.8451857197235966
2.008027233942424
2.169045816872679
2.316154959538597
2.4366195240332624
2.518098957183656
2.5477143104320357
2.510125217824741
2.3871352136294566
2.162485461492989
1.835427839004124
1.444262376966491
1.0948117430501876
0.9769358541117263
1.3323926559790085
2.3068994342116707
-1.0606214454709355
-0.9507779482888106
-0.7040179266358169
-0.44724429917689035
-0.2774422614734311
-0.21034361042130212
-0.2014816645199491
-0.1862292189983661
-0.11263776663339309
0.041955676432384625
0.2698674336482235
0.5423733854207351
0.8231554217768529
1.0806444502866495
1.2959587666957098
1.4652645687938226
1.5971870708554445
1.7070882240277323
1.8104987525637037
1.917794648193691
2.031498451121128
2.146593234968993
2.253226644656716
2.3404150105247616
2.3990540070214488
2.4228443643825335
2.4066740663183075
2.3434331983914443
2.221852874807275
2.029204160089674
1.7627474493674473
1.451562516380867
1.1843459966960745
1.1270867034725374
1.494950944962497
2.412503977643408
-0.9805350335395495
-0.9759104442984872
-0.7967924878868715
-0.5520133992808611
-0.3443338475830744
-0.20640600988228308
-0.11337861355123546
-0.017821333929177396
0.12001916265910384
0.31636474818883886
0.5623626750271243
0.8321725788773884
1.094858885370535
1.3251575490974306
1.510044505074072
1.6500835412681425
1.7562624258265043
1.8441509380384309
1.9276319953319232
2.0142146890762453
2.1031935692527366
2.1869024304037152
2.254288443958897
2.295266035783416
2.304020857122329
2.2797652987797186
2.2244244997136846
2.138227608594808
2.0158729039968817
1.8472769952705308
1.627089605474036
1.375032606237756
1.1632377593147125
1.135263417352924
1.4820984813916613
2.3104874451316775
-0.96507211264651
-1.01224316142749
-0.8788552797391174
-0.6482989986880054
-0.4214322904001073
-0.24072735289024005
-0.09495921770046778
0.05072470775929905
0.22707984880996385
0.4457578675239354
0.6974735267801311
0.9591182508902583
1.2043629923808108
1.4131043652664168
1.5768894057935685
1.6994335083932715
1.7930126260777373
1.872578290176771
1.9498121327545
2.0290534624772163
2.1062576332983522
2.1711057116317276
2.2113533910034233
2.2177423339615743
2.187522429276002
2.1249924761084373
2.038486700130446
1.9347881084843246
1.8137176930967267
1.667081608749146
1.4864395869484315
1.282164260777361
1.1105265579698074
1.0942193529326554
1.4025535002809741
2.1278035814620986
-0.9670745800381961
-1.0273517258715925
-0.9242356393730469
-0.7107241773780991
-0.48012862586184823
-0.27929770772008744
-0.10594433574721263
0.06585070013760819
0.26035679943380863
0.4860902946378309
0.7338419328649949
0.9830217572417597
1.21119785853924
1.4024415822925955
1.5518028168053162
1.6651532620658374
1.7552432559255613
1.8358330056487104
1.9160823288012434
1.9970629993631037
2.071453806584799
2.1264224492130985
2.148657258512171
2.129749359102984
2.069865331400897
1.9780362013636381
1.8684486624361254
1.7537325514935609
1.6380763545720889
1.5145215557877973
1.3711708262439717
1.209172625080207
1.0697505506900689
1.0563832558723938
1.3192443348206093
1.9394587684835871
-0.9594168806510702
-1.0057554220888645
-0.9221526461369484
-0.7283069677409932
-0.5060638474528252
-0.3026122512754293
-0.12101866068753331
0.05852213770669917
0.25572915974946286
0.47705643590762337
0.7136956277086696
0.9473209814576489
1.158754916400729
1.3354002077504572
1.4749318027575562
1.5845966311699362
1.6770240546853488
1.7644176103442346
1.8532814278228515
1.941481516901541
2.018612963043255
2.069571595877258
2.080180461498577
2.0429620515131903
1.9609005673151945
1.8474497741836269
1.722140041209666
1.6027975207438225
1.4972915504745374
1.399325790839077
1.2932691099900957
1.171262977477882
1.060378883767498
1.0465865697981476
1.2634670480241927
1.7842420260523235
-0.9291455695988201
-0.9436408794856344
-0.8721685459376732
-0.6999255618776841
-0.4948183816896207
-0.30152252094162524
-0.12580140666280082
0.04816464111618313
0.23700087566687636
0.4458758589497879
0.6665625913263667
0.8827208738864696
1.0778504469552672
1.2419701334224316
1.3746674407893258
1.4839651428078882
1.581957481412599
1.679094091412455
1.7792360895594812
1.8772259363366535
1.9598612064435734
2.0100755773671715
2.0130763693920475
1.9624321380318954
1.863870680955025
1.7349833509357895
1.6001653325822196
1.4818288738390883
1.3908906240893888
1.321208578281648
1.253214287158906
1.1703320290640584
1.0864352144925915
1.0717168483337045
1.245681784979636
1.676783265601074
-0.8729053836813763
-0.8447713810719846
-0.7804417855960821
-0.6308097915455735
-0.44856529840944603
-0.2739980896207077
-0.11368203996480458
0.04577382115821893
0.2189646793556507
0.4103119976694831
0.6122399287008989
0.8101052199563384
0.9895722578349224
1.1426747685564385
1.270342892425019
1.380928592272239
1.4857253041539773
1.5933651485044753
1.7051909251727828
1.8132909887430722
1.902014022795695
1.9526815620753748
1.9501576543167856
1.8891832271901718
1.7781627313529489
1.6385491196274302
1.4991404657797271
1.3863535827627036
1.313560884110784
1.274320582326501
1.2449835662418307
1.2006038383073157
1.1428507449479997
1.1278767188733068
1.2635711582219948
1.6166098150822585
-0.7934288094111718
-0.7173727564380433
-0.6568831274331485
-0.5298734587586119
-0.37351159835757186
-0.22263147505808215
-0.08336107615923705
0.05635257638240011
0.20982111748438229
0.381069187073378
0.5631604226216933
0.7428616886178743
0.9075515629871911
1.050779023473559
1.174368992504121
1.286682996703184
1.3980677276434277
1.5153779336648951
1.637645306502594
1.7545327950759655
1.848325660727041
1.8991009650387491
1.8916554060777417
1.8220239841994372
1.7012146852879444
1.55426449488112
1.4139205233820646
1.3100435661391634
1.257904759954596
1.2503539970324051
1.2595686044729018
1.2526241650225933
1.2200045710390874
1.2055426203425994
1.3078938236773365
1.5947759032292412
-0.6968981608703677
-0.5718175786007793
-0.513047950327307
-0.40773075755316857
-0.2779797578053691
-0.1527462553515897
-0.03696259927263927
0.08080356218781688
0.21307580974162038
0.3636877072689697
0.5262739670442542
0.688735932581154
0.8397754449373511
0.9740466938153423
1.0939251552219584
1.2075665898198327
1.32431971417075
1.4493801097125452
1.5797330739289346
1.7029808090763385
1.7997466106385478
1.8492304136986837
1.8364260310441982
1.7587676879286196
1.6297783747466317
1.477792952441055
1.3390563789082428
1.246329239703216
1.2162543321036339
1.2406049130363193
1.287335267683934
1.3159698885641613
1.3068378573054038
1.2931419254165268
1.3665862460402085
1.5985548521326836
-0.5910172402991791
-0.4189562187654181
-0.3606235891987536
-0.2752648208977068
-0.17100568808449457
-0.07099166284642118
0.021392080403967603
0.11738220938071312
0.22901602619661426
0.3600345368064777
0.5045390862707857
0.6513083440327669
0.790032801474744
0.9161403581859313
1.0322998528772689
1.1463302130251884
1.2666039398840387
1.396831779091212
1.5322538675580837
1.6587931281846806
1.7558116246713376
1.8019852632579896
1.782746933340315
1.697010402529273
1.5607038713657568
1.4051614240861416
1.269674756441806
1.1893744562568844
1.1817757269700158
1.2372439502036896
1.319499421733426
1.3809710457166866
1.3928655210363015
1.3794002625817967
1.4274946742032153
1.6146083457957556
-0.4836541624718197
-0.2689666433157533
-0.21039284283567078
-0.1426377781371669
-0.061349818859038355
0.015673194394058662
0.08664088316888671
0.16279675895461926
0.2558490510062415
0.3694690548573584
0.49810131401793134
0.6311685354339128
0.7590679079267352
0.8777377593510123
0.9899552713262898
1.103138158618649
1.2247587402549982
1.3572548145032068
1.4944417081636665
1.6209458537651038
1.7152550195585052
1.755849520113835
1.7288130618296347
1.6345892366713526
1.4913773631770098
1.3331982341304078
1.2019389353170802
1.1345847099506763
1.1490513780665352
1.2340008260764295
1.3489437010748528
1.43969138374677
1.4693540116598116
1.4547521209723253
1.4800567780278457
1.6309805294242066
-0.38193826372662665
-0.13061504973784754
-0.07157398024181831
-0.018650011890921456
0.04316446362226098
0.10068547702655187
0.15354247593383283
0.2130259024486717
0.29056923592186984
0.38974756205217387
0.5052199110863227
0.6268472726672636
0.7455002141861768
0.8574228332843459
0.9653745205225723
1.0763587477935914
1.197061948303784
1.328882863693056
1.4645372525787457
1.5877269010593726
1.6764285055221153
1.7092231733481102
1.6730220439363304
1.5698161496452423
1.4199168035912935
1.2597057879779474
1.1332154398086716
1.0787863237203872
1.1142915621173004
1.2264293316377117
1.3705582244789818
1.4863683952434183
1.5298857089211793
1.5120564401226475
1.5161975093900504
1.6382061043700125
-0.2917125405224029
-0.010836888183677292
0.04854594289093651
0.08962807840072713
0.1360559313212589
0.17834090917273387
0.2172041281308492
0.2639113917824231
0.32960775225480904
0.4177178171121585
0.5229918401862554
0.6355530294286881
0.7465563270280131
0.85239665796877
0.9557365472971714
1.0631902392099932
1.1807972679298324
1.3091603444160276
1.44021437393625
1.5570879418359218
1.637578996126205
1.6606289449813167
1.6141153040789287
1.5015609704824722
1.3452062007555647
1.1834570706660588
1.0620450051682437
1.0201852452630142
1.0752953280648718
1.2118855419010357
1.3812520705851092
1.5174749666945226
1.5704887831731609
1.5468141885914488
1.5306558573116529
1.6297703140688578
-0.21725909390055403
0.08543717108312679
0.14475355447824048
0.17701523370481162
0.2123925550405225
0.24406610655136418
0.2734258242343212
0.3115720587173729
0.36930846868073824
0.4498444490357236
0.5479117234993318
0.6537501825877001
0.7586499210566258
0.8590432254443862
0.9574532631853166
1.0601566572770502
1.172698337559268
1.295126667890602
1.4188989366137548
1.5268945649149366
1.5970293221607423
1.6088248844823327
1.551225803915428
1.429239235521032
1.2668299268078602
1.1040839660224442
0.9879933712947251
0.9581895067042905
1.0312543955856155
1.1893234317737533
1.3797514047839143
1.531531435114967
1.5894754505720396
1.5570462913197782
1.5209176243024585
1.6021141054736492
-0.1612288905766269
0.15527288948474768
0.21388451815526807
0.24022162500011585
0.2688483270820058
0.29454491677420347
0.3189011703757526
0.35267674221234435
0.4062647894925639
0.48259777195698594
0.5762983461833746
0.6776077852756016
0.7778372260480354
0.8733767390906437
0.9665949979154919
1.0634994300671916
1.1692965450183903
1.2837123397123689
1.3980074494519565
1.495103852400655
1.5532930778217637
1.552856621921108
1.4838694027788484
1.3527456691618596
1.1849523870031151
1.0219079886101603
0.911438534792528
0.8931588540215819
0.9824712921621631
1.1589878681052388
1.3662739201920062
1.528768447998611
1.587100841521718
1.542957086464387
1.4868935536788597
1.5543391768884052
-0.12471905716456064
0.19759329002949738
0.25467867723092935
0.277737045000911
0.30364894543397614
0.3277345609661175
0.3513079516886217
0.38460637120829677
0.43754538811306765
0.5127319011053538
0.6046118308352634
0.7033415252114269
0.8001694355178678
0.8913907776616573
0.9792238859614634
1.0694839940993073
1.1671916040208044
1.2719661286840471
1.3751253221946438
1.459890016555016
1.505145583883234
1.4920730611470578
1.411905912974634
1.2723622142332658
1.1001753690190423
0.9377497899899397
0.8333355358217172
0.8261280582811554
0.9300444447906485
1.1220647140742566
1.3421472124672393
1.510717040338278
1.5651286464648426
1.5064802272096967
1.4304515188966789
1.487734504024407
-0.10745114440374891
0.21295084156855074
0.26755328559970926
0.2896398547528071
0.3164381502741856
0.3428006357991896
0.36931495580472357
0.4055296279440531
0.46083129652450916
0.5374728713447425
0.6296806163863309
0.7274666169949604
0.8219585816702575
0.9093248522245783
0.9916498864078278
1.0746354467812305
1.16325857781902
1.2572268399829936
1.3481383842007526
1.41973217981641
1.4516658067777197
1.4261214761465444
1.3354873423970561
1.1886600780730725
1.0133949975269252
0.8527423510030795
0.7549872490285385
0.7585365505117956
0.8755576999208803
1.0803310547949878
1.309420380017468
1.4797822934963918
1.5263678096886169
1.450780078455727
1.35488551630108
1.4052177262966112
-0.10801255217874367
0.20324519452560824
0.25432535410924917
0.2773549218505251
0.30809047650256965
0.3399945352701356
0.372526643796862
0.41441198651905314
0.47448252238031796
0.5546334496273517
0.6488535801249768
0.7469757335113074
0.8399698643988235
0.9238603446042646
1.0006205513954824
1.075913626149461
1.1548011480238862
1.237249083276243
1.3153268467523966
1.3734734952470073
1.3922587021417592
1.3549320383712435
1.2550042343452323
1.1024079459341878
0.9256720853271421
0.7681637285750638
0.677839602159904
0.6919858777365988
0.8207994029664817
1.0358349100984179
1.270503091371265
1.4388403742225242
1.4742263450010678
1.379761713588863
1.2643823885075243
1.3107609658543447
-0.12413078961780227
0.17141389264493748
0.21790802435259182
0.24338327209764998
0.28049121853639747
0.32049237751902826
0.3613832152866601
0.41097427216958415
0.47754904723355185
0.5626682904568957
0.660089819998385
0.7594534246456963
0.8515508727118231
0.9322553163418414
1.0034531494416226
1.0708354188384586
1.1396582163757443
1.2102895213157865
1.275427725295556
1.3203573128929489
1.3266635638752216
1.2786974485835456
1.1710361201239234
1.0144930032415465
0.8381234681916327
0.6852982462972933
0.6033118077815157
0.6280376937104266
0.7675263489711812
0.9906228516528883
1.2278541869568929
1.3908852516103056
1.412313416686147
1.2976261483411566
1.1635290878653517
1.2088507685778174
-0.15295663199454665
0.12111774439102566
0.16200073956173175
0.19102158535557004
0.2363003167159926
0.28621089248720544
0.3370303956005499
0.3956140317731424
0.46973852126598226
0.5606808149783031
0.6619965676237205
0.7631365980944178
0.8547063876275491
0.9324260017966212
0.9981160973001475
1.0575504149306818
1.1162691615706053
1.175158180230676
1.227669638131296
1.2600437435784557
1.2549512910972869
1.197850300775837
1.0843086118801641
0.9258574107810496
0.75183733413795
0.605329790367624
0.5326662395199965
0.5680582396073176
0.7172802723689307
0.9465253283488761
1.1837322121154914
1.3387405711036242
1.344108767490015
1.208494045625706
1.0568884424726301
1.1040154589562954
-0.19133768150241115
0.05643767423403651
0.09078865946430446
0.12408584332886072
0.17871351116030437
0.2396127821711544
0.3011707084196731
0.36930078141528483
0.45135104500485723
0.5483915289542632
0.6538242559673084
0.7569293682599829
0.8481263225535964
0.922981759003953
0.9832656632931706
1.0348750420247488
1.0837020452218153
1.131238285458054
1.1717826424508082
1.1926085268834856
1.177511798825388
1.1130388227571961
0.9956573270070384
0.8374501286057803
0.6678123359562921
0.5292671129713351
0.4669182204678074
0.513110232309883
0.6712587598597122
0.9050028979937668
1.1400127714214514
1.2848436747118641
1.2727090163631118
1.1161104075531614
0.9486594174500337
1.000439881520051
-0.23606847703965833
-0.018404246504307047
0.00866312769598521
0.046650246499234035
0.11123133207439531
0.18351166843304761
0.25590594719313625
0.333454459966903
0.4231899715376452
0.5260762842486469
0.6354267674365738
0.7403797590423692
0.8311736800136853
0.9032196820017759
0.9582434057105406
1.002289844356269
1.041648588437252
1.078477568291743
1.1079851615363157
1.1185253715083436
1.0950318830497143
1.0251004991989825
0.9059974239037673
0.7501922488766288
0.5869181625941317
0.45789849821613027
0.40678295194529057
0.4638894845410171
0.6302382586448082
0.8670516657670999
1.0980719403252153
1.2311022720918403
1.2006529562747874
1.0236343894336994
0.8424284089409272
0.9016768836570456
-0.2841072458843231
-0.09929038373682156
-0.08002806973008321
-0.03719015735383706
0.03744418789428332
0.12088477516203854
0.203578902471481
0.28981504633405936
0.3864565490744562
0.49448210508180473
0.6071942075002881
0.713625240452015
0.803839043913475
0.8730848356621428
0.9230396541435483
0.9599044729960607
0.9903896644604999
1.0173539023705225
1.0369499268616638
1.0386327253554988
1.0084635211753066
0.9350325945281308
0.8162968399266651
0.6649530643800796
0.5098740207801201
0.391771582130753
0.35265485664978125
0.42070118248466504
0.5945439525410572
0.8331627693551611
1.0587308860002491
1.1788194933620668
1.1298224495051588
0.9335120055321691
0.7410108344420991
0.8104566314279528
-0.33275274788338405
-0.18241350138787657
-0.17119451737448532
-0.123526948673887
-0.0391601252029146
0.054699851760327274
0.1466210387494676
0.24031018918676678
0.3426353481244085
0.4547275365313223
0.5699650752883256
0.6773137734405053
0.766667966679307
0.833102036803311
0.8782284031236355
0.9083950886901941
0.9307352366272577
0.948818334537422
0.959751056957844
0.9540860940579448
0.9189826821025406
0.8439585851312281
0.7275511781919592
0.5825337819792444
0.4372409482188846
0.3311933340453501
0.30461352784013734
0.38346931930820416
0.5640594569880233
0.8033284825884661
1.022254079229723
1.128679723972604
1.061411564908014
0.847424855716531
0.6463768857704385
0.7285886233062138
-0.379777515511452
-0.26443938478333484
-0.26117713211569876
-0.20881165535299878
-0.11536181972900292
-0.012238549757542173
0.08741165928040028
0.1869267661349172
0.29337669291127255
0.4081939392503267
0.5249243440942539
0.632506837373652
0.7206675523779467
0.7842851715291477
0.8248791599768901
0.8489191389639139
0.8639429986466212
0.8742189490350122
0.8777947940405525
0.8662974268419096
0.8279390962930667
0.7530898355374134
0.6407584356129344
0.5036559259138531
0.3694238725990148
0.27624502189431427
0.2624500764058229
0.35177212830664656
0.5382683318246224
0.7770862144479747
0.9883917930491994
1.0807854932217182
0.9959539755892897
0.7663048206784193
0.5596515124585897
0.6569467858886696
-0.4235162117665441
-0.3426245629999755
-0.34688024812259116
-0.2899923128821059
-0.18834417764200814
-0.0774195487190579
0.02815308268452018
0.1315914655825323
0.24038167265866903
0.35641367907294064
0.4734936470119854
0.5805707432325737
0.6671985003637343
0.7280301249217748
0.7644514850844948
0.7830127641036648
0.7916203496446148
0.79520944655507
0.7927369125904846
0.7768636146416983
0.7367979757693199
0.6636823855507771
0.5568922669414013
0.4289519238307314
0.30667969766092185
0.2268072413099161
0.22570778428619942
0.3248963017984986
0.5163191428140465
0.7535911632530681
0.9564567759153813
1.034734544399773
0.9333971082239922
0.690402711303136
0.48117625166532474
0.5955250359787122
-0.46290987043837245
-0.4148893994104007
-0.42586143346351896
-0.36461210742299294
-0.2557962982193756
-0.1387303575549914
-0.02923457204235455
0.07606471517116636
0.18529469030719103
0.30096068690331923
0.41721942804557055
0.5230623326040782
0.6078587960878242
0.6659974392737916
0.6986781131034933
0.7124763389601413
0.7156146815475031
0.7136467475029298
0.706390313411502
0.6874867037595946
0.6470752775745141
0.5769893487199993
0.4768731258023139
0.3589560085962612
0.24912831088487275
0.1825906519248563
0.19373146134162017
0.3019031680893485
0.4971060565681493
0.7317084742669044
0.9254248747938036
0.9897258628564264
0.87321090263462
0.6193978994023941
0.41061918831976074
0.5435489353069836
-0.49750849631381244
-0.47984837930228497
-0.4963800601346551
-0.4308702169045161
-0.3159826936918787
-0.19453285491719577
-0.08319627474731614
0.02185152610456586
0.12960787367848853
0.2433483515282534
0.35766452390447917
0.46161488284033036
0.5443650691176635
0.5999907608950591
0.6294425948744047
0.6392538123044362
0.6378972103442496
0.6314822766463062
0.6206267520003624
0.5998889436563378
0.5602686906721767
0.4942100698679794
0.4015373200563497
0.29409430068935055
0.19676415901663985
0.14316881835438447
0.16572063954425267
0.28170069630825595
0.47935758729030065
0.7101162919623467
0.8940498060280424
0.9446837075603782
0.8145191206486239
0.5525358096877876
0.3471189119946939
0.49962833143064944
-0.5274359226001294
-0.5368007435037043
-0.5574068735741291
-0.48764609645245643
-0.3677799330566787
-0.24371146277147124
-0.13260078852117602
-0.029867944279664396
0.07458099971877016
0.1849391276351598
0.2963081570392676
0.39782965153994176
0.47843735025540474
0.5318369478435467
0.5586573135603254
0.5653115213017921
0.5604457004631392
0.5506518049215168
0.5372769676689313
0.5157262010751509
0.4777870316647605
0.4164377809841592
0.3316046894619874
0.23467367688215077
0.1494668382391593
0.10801040106417917
0.14078261860830302
0.2631160948278693
0.46172700607710654
0.6874119651703962
0.8609830890688731
0.8983894319479396
0.7562417763158917
0.48878064549861694
0.28944865271365783
0.4619359772593591
-0.5533219764148941
-0.5856857216838561
-0.6085978647056134
-0.5344894634849203
-0.4106814942280487
-0.28569238823225634
-0.17677418363865482
-0.07828610412609946
0.021179850667140385
0.12686957737010052
0.23445872946329316
0.333177980658124
0.4116925301766918
0.46327336989518353
0.4881474807157053
0.49252200832160864
0.4851313823790405
0.4729687792767473
0.45803364131818525
0.4365035416242404
0.40088111105083635
0.34460797719444153
0.26764619930404576
0.18086971551931638
0.10700992320620574
0.07650880456588594
0.11798231425237374
0.24496476874123713
0.4428789715213421
0.6622147426826269
0.8248912493597231
0.84961196073517
0.6972383050269836
0.42697170274310725
0.23618766507220357
0.42839787950902614
-0.57620791003673
-0.627007524579764
-0.6502366505530192
-0.5715791355473658
-0.44477287329666826
-0.32043516545026474
-0.21550801001425493
-0.12299273336135548
-0.029964873242958344
0.06999381111455241
0.17318310393589678
0.26891823557806954
0.34555124340145954
0.39584742811327744
0.4195462967497684
0.42255803648911083
0.41361513036348474
0.4000259423729553
0.38436159059015523
0.3634968754575627
0.330579345664031
0.27945006935247285
0.21005320051895168
0.13271458722348853
0.06906795729067565
0.048008204308748685
0.09638678423463212
0.22611242798730377
0.42156805857385665
0.6332594947483061
0.7845636592456925
0.7972290990346077
0.6364424254315114
0.3659729662219904
0.18588824669410547
0.39688239030533284
-0.5974317286247917
-0.66173597013243
-0.6831503246135332
-0.5996546637915086
-0.4706798181720001
-0.34839827289174796
-0.24904283055850018
-0.16397656296681482
-0.07857681241305292
0.014847456280072417
0.11325524849076833
0.20603108114792967
0.28116217645824704
0.33083265591420546
0.3542058652325414
0.35680148648358556
0.34725754474157666
0.3331097224262538
0.3174193995380907
0.2976844701356204
0.26763142447818355
0.22144503235992596
0.15901040506542047
0.0900861969255134
0.03522210394420443
0.021825591554163897
0.07510316363224587
0.20552812849282368
0.396705981726586
0.5994772349326684
0.7390057338777927
0.7403332938818394
0.5729811713411528
0.3048072663063855
0.13722839935473743
0.3653766918226382
-0.6185004919593352
-0.6911891481235601
-0.7086043456719249
-0.6199253840118394
-0.4894932966754346
-0.3704813989824442
-0.27802866027889184
-0.20160418185500317
-0.12473100419854496
-0.038366625356982764
0.055126215105042974
0.14517570781578581
0.2193469399889154
0.26916494768084054
0.2931276913555547
0.29627112788654836
0.2870469766197271
0.2731313622435557
0.2579962756138228
0.23969184723375297
0.21246317628275968
0.170791746411341
0.11447474786478949
0.05270015654226773
0.00496538819812887
-0.0027309364215878937
0.053309489249565994
0.18232693696563212
0.3674153741274775
0.5600594348441403
0.6875135624719347
0.6783169673628009
0.5062721932925645
0.24276800475957
0.08914196223756438
0.3321412142122213
-0.6409568921077842
-0.7169048707752368
-0.728182489106635
-0.633962067417072
-0.5026754652775338
-0.38794767075140363
-0.30346467169789837
-0.2365777032984372
-0.16882928884752238
-0.08977061102824424
-0.0010835560326256286
0.08666863715350984
0.16056767154804544
0.21140151433137666
0.23691569006815746
0.2415724108096678
0.23354875777531348
0.22057806818933295
0.20646733950699
0.1897531064308205
0.16514544185438929
0.12738452096764602
0.07616224812164603
0.02010626709815091
-0.02229127752027585
-0.026346976520518997
0.03027850616207365
0.1558017018401497
0.3330689554021766
0.5145042731159852
0.6297273780059504
0.6109340308107853
0.4360950784175408
0.1795032545847445
0.04091997557979166
0.29583457113625283
-0.6662474117365491
-0.7405078092477666
-0.7436581801052373
-0.6435767831605137
-0.5119514590760859
-0.40232982778235327
-0.32662129558969244
-0.2698734784545857
-0.21155554522053943
-0.13978270584417726
-0.05556964207677078
0.03048568432720363
0.10491847611442237
0.15770411458306077
0.185753604963244
0.19287144239548198
0.1868779774564018
0.17548661560689624
0.1627698019279251
0.14769107754837496
0.12537923279870916
0.09080390733259598
0.0435447480747446
-0.008308885063798635
-0.04721099252966605
-0.049688770280311725
0.005395011527498406
0.12544406645671025
0.293313769261485
0.46264400425909025
0.5656625075935819
0.5383356202694678
0.36263405372203206
0.11506883248457811
-0.0077210073443936406
0.2556037087297227
-0.6955991485744306
-0.763579172576712
-0.7568636535483364
-0.6506968699205506
-0.5191922584095496
-0.4153248962705429
-0.34894854308356626
-0.30266495183923703
-0.25381313871751643
-0.1890685529983568
-0.1088078312446934
-0.02371343223513909
0.052140697568805586
0.1078469886603056
0.13940762715460542
0.14989422950908896
0.1466971113899539
0.13744087558867868
0.12640159219782401
0.1129179112043895
0.09249878517274905
0.060322362860084154
0.015858010087901893
-0.03331185141137935
-0.07051946819492376
-0.07339124957273808
-0.021832403384331123
0.09095536471370441
0.24808088003226914
0.4046535485386846
0.4957175702338086
0.46107942597409934
0.28649097528459233
0.04994867897621091
-0.056606014949917245
0.21113607001210255
-0.7299119495983828
-0.7875355403232335
-0.7695633297360253
-0.6572390391267575
-0.5262941832397527
-0.4286823721860632
-0.371974974502107
-0.3362334834597594
-0.2966478085679606
-0.2384757141272362
-0.16149920686862423
-0.07653943031427354
0.0016608836414835604
0.06124876525229089
0.09725384145283573
0.1119511203045615
0.1122386922012441
0.1055936634741281
0.09644300927518676
0.08445681301106095
0.065493316356984
0.03492565309759185
-0.007877884899987819
-0.05580378132236942
-0.09298932243087421
-0.09804615968793455
-0.051764198642960196
0.05224839251019583
0.19758147750358113
0.3410411769912163
0.4206606777859387
0.3801131952252255
0.20866892891881628
-0.01495748288985183
-0.1051046712165892
0.16267261714282105
-0.7696718342442602
-0.8135230078053522
-0.7833375481055769
-0.6649895824236649
-0.5350607033615568
-0.4440912347066097
-0.3972022145622753
-0.37187158422870803
-0.34115997558497546
-0.28895473799065197
-0.21449919117443522
-0.1288093957011461
-0.047350800808465376
0.017026463395845258
0.058328956134447746
0.07798520422437888
0.08235205500044752
0.0787121913568356
0.07160090450770257
0.060984640664354724
0.04304740227360905
0.01335009876667985
-0.028825545059184044
-0.0767929424575916
-0.11541940746788848
-0.12418941474068203
-0.08462629170580509
0.009441256860500428
0.1422907529342079
0.2726227911182113
0.34159523750456217
0.2967340505521009
0.1305280511174962
-0.07837773693032155
-0.15216892401698437
0.1109824789240748
-0.8148908020582701
-0.8423321399389951
-0.7994823537456959
-0.6754964166080518
-0.547092211805976
-0.4630712580641336
-0.42600023570185386
-0.4107834946626385
-0.3884110809731547
-0.34147109499031
-0.2687344901968638
-0.1814679161906104
-0.0959049999616036
-0.025931388446809978
0.021401636019076527
0.04664227606913508
0.055572040560474566
0.055245278025377174
0.05027381871424471
0.04089405812837445
0.02359894733672669
-0.005865071518318128
-0.04828511875146343
-0.09735842163753973
-0.1386089584472535
-0.15228712604544362
-0.12050910703921106
-0.037155417868684704
0.08292118402748033
0.2004817773458103
0.2599076469123784
0.21252617365287993
0.05371630589814162
-0.1387399933243283
-0.19640272324390673
0.0573017607601784
-0.8650770230164503
-0.8743383564214859
-0.8189303778962451
-0.6899782590929965
-0.5636891739206938
-0.48687405048812904
-0.459508775771429
-0.45398835234522655
-0.43932903899175996
-0.39691286855773616
-0.3251126195928368
-0.23549787346385156
-0.14510465565217498
-0.06887649974544091
-0.014939298848564717
0.016358880317306545
0.03020643666684292
0.03340937521789657
0.030635428528941584
0.022372919635014955
0.005412763148383553
-0.024311874772729652
-0.06763819796662936
-0.1186057800850796
-0.1633268700860159
-0.18272011502789684
-0.15936856092282686
-0.08705668136036968
0.02038701748604349
0.12591676107794667
0.1771997175464449
0.1292801574914386
-0.01992108579744725
-0.1942684492559065
-0.23615950492068255
0.003240637497592994
-0.9192381094316476
-0.9094712917240129
-0.8421969919394553
-0.709255578290657
-0.5857736224437509
-0.5163990049022914
-0.49855020041768405
-0.5022313142650511
-0.4946181704920098
-0.4559995280370829
-0.38442925876774037
-0.29182603398680274
-0.19604856753074437
-0.11310228432142613
-0.05218448018650418
-0.014536027559425282
0.004437931884039622
0.011289454900277442
0.010732653967756143
0.0034975833003216008
-0.013333152379798376
-0.04363670306585733
-0.08828275663723376
-0.14161610964102386
-0.19027696475424286
-0.21576714692160048
-0.20102855270427808
-0.13962572350122757
-0.04423821647043587
0.05037980827050638
0.09520907200039716
0.048897927169525124
-0.08844907537875622
-0.2430995144088861
-0.2696621558756049
-0.049335778009668235
-0.9759186842344745
-0.9472153983842141
-0.8693548482904787
-0.7337071036128497
-0.6138333110890452
-0.552128883722968
-0.5435588455021045
-0.5559079027091498
-0.5546790532269129
-0.5191973303067533
-0.4472790433336021
-0.3512290678476424
-0.24973263117437233
-0.15984058880655785
-0.09179684175317265
-0.0477110908539633
-0.023564509446817997
-0.013050085731061369
-0.011406113333406116
-0.017664024881089334
-0.034452391639970895
-0.06545569780852327
-0.11156184030779824
-0.167390589028797
-0.22006067097694756
-0.2515875660103417
-0.24518485387121242
-0.1940996760799513
-0.10976935988125022
-0.024592258057013077
0.015721041715941395
-0.026712417637641685
-0.14996196084199367
-0.2834114257683693
-0.29513916071485014
-0.09844615442704026
-1.0332718161525742
-0.9866426087258297
-0.900038661425966
-0.7632546128605985
-0.6478919634017124
-0.594089071466139
-0.5945313674978486
-0.6150065096651436
-0.6195435556645418
-0.5866468822623528
-0.5139755330688092
-0.41424588098861237
-0.30695473259268186
-0.2101596989896794
-0.1351037088462044
-0.08472014834636563
-0.05553062316919009
-0.041450062418727965
-0.037657939245903986
-0.042944516597366554
-0.05965045323244525
-0.0912663357644203
-0.1386893762965734
-0.19679323152569358
-0.2531390488718944
-0.2902044423755274
-0.2914106147156036
-0.24961802711806833
-0.17496074954613985
-0.09745072245808081
-0.05952423289721401
-0.0957471689286958
-0.2027087291158923
-0.31356116557802616
-0.31096987562442524
-0.14214371275188797
-1.08916212125888
-1.0264762639863547
-0.933480646360494
-0.7973774520293382
-0.6875079648579278
-0.6418336127745747
-0.651001883220104
-0.6790734126606913
-0.6888298970094369
-0.6581081222113224
-0.584485959051511
-0.48110214279281566
-0.36822939246505937
-0.2648698606400061
-0.18319443625517873
-0.12689372583275635
-0.09297640062868344
-0.07554275182192437
-0.06969325202940144
-0.07396979626733755
-0.09042564548537955
-0.1223597485475926
-0.1706770042648317
-0.23049500831432906
-0.2897965410187971
-0.3314897188975951
-0.33916401264812995
-0.3052531444795914
-0.23855922853611647
-0.16670934347357463
-0.12892571559110633
-0.1566181209083153
-0.24521868061794247
-0.3322218721912836
-0.3158313357974464
-0.17867086392734302
-1.1412964757675146
-1.0651837960998483
-0.9685754477262974
-0.8351568042940674
-0.7318025578563069
-0.6944600170005653
-0.7120446955544663
-0.7472038201577509
-0.7617218876016616
-0.7329274308127958
-0.6583859407714129
-0.5516526048310119
-0.43371808503720216
-0.32444249079167575
-0.23682994031382132
-0.1752408522492491
-0.13710064718933074
-0.11664607243248319
-0.10887084618403228
-0.11205828582721253
-0.12797598890426934
-0.15973867036413766
-0.20826619775004396
-0.26892288816112164
-0.33010915803601204
-0.37515314185586207
-0.3877988149132138
-0.3600425994961569
-0.2993576009464932
-0.23101760602625993
-0.1911126066438931
-0.2080592744486719
-0.27642128633127794
-0.3385136923417879
-0.308838687074558
-0.2066091421543108
-1.1873764012600405
-1.1010938520779168
-1.003971698256879
-0.8753481416022126
-0.7795171346541616
-0.7506534701517125
-0.7763061892495429
-0.818061381297533
-0.8369755495925844
-0.8100307551210835
-0.7348386608014478
-0.6253462225142674
-0.5031806858206995
-0.38894889101603186
-0.29637020470166997
-0.23036745400970401
-0.18869687217986145
-0.16567199675357283
-0.15614614439130378
-0.15813252581567086
-0.17311765522222813
-0.20404606488833435
-0.25187012308092
-0.31221751998395375
-0.3739199949471401
-0.4207369376619364
-0.43657879232278285
-0.41302312312277717
-0.3562471981333618
-0.2892303257822729
-0.24502894692229307
-0.2492241947275353
-0.29575420052693374
-0.33212096126936513
-0.28967123922132165
-0.22501574447512507
-1.2252643375925225
-1.1325317421724037
-1.038185590694741
-0.9164786057428973
-0.8290976167856088
-0.8087595780773105
-0.8420660609047327
-0.8899272772685611
-0.9129551062522466
-0.8879455255873694
-0.8126019890452473
-0.7012182028483793
-0.5759527183047706
-0.45802359135401755
-0.3617252533447994
-0.29241708605381617
-0.24808642847538864
-0.2230551614911347
-0.21199861647400842
-0.21264886317412493
-0.22622034114713174
-0.25550939168819486
-0.3015296334000018
-0.36020327093927423
-0.4208249886631333
-0.4676182346748004
-0.48469697392726085
-0.46326609291087456
-0.4082682995096716
-0.34047115310892695
-0.2900080335941115
-0.2797691751004328
-0.3032534544444631
-0.3133887114852038
-0.25867627041758745
-0.23353814480923174
-1.2531542911449212
-1.1579653422675853
-1.0697300947304964
-0.9569643305025883
-0.8788022077289168
-0.8668831104720156
-0.9073264522221336
-0.960778485448077
-0.9876988788569412
-0.9648527791778071
-0.890065768944252
-0.7779119117762316
-0.6509519716062809
-0.5308564470185781
-0.43233416814919484
-0.3610389317335909
-0.31507808031813933
-0.2887069865529783
-0.2763836783807301
-0.2755504363152286
-0.2871645469190334
-0.3139051122664398
-0.35688749863215613
-0.4123740952795001
-0.4701716454415069
-0.5150211004086523
-0.531300654290821
-0.5099144195676895
-0.45465716947466445
-0.38418759112782686
-0.32583310425962453
-0.2999175299658725
-0.29962008327142414
-0.28339180140051357
-0.2169430742678385
-0.23249869346285296
-1.269735832366561
-1.176151974331558
-1.0972517776042112
-0.9952410010169132
-0.9268270688273899
-0.9230084760812612
-0.9699258305147798
-1.0283931109073507
-1.0590139744632792
-1.0386692975831602
-0.9653199341312064
-0.8537320982372292
-0.7267166579917945
-0.6062162848871578
-0.5071754855072657
-0.43538684356313045
-0.3889581031029818
-0.3619996248180316
-0.348713491661568
-0.3462478515859317
-0.3553249990090334
-0.3785473900340526
-0.4171844109101121
-0.4678982318565651
-0.5210730735771947
-0.5620397548493172
-0.5755228402692758
-0.5522205634578615
-0.4948884223780211
-0.42019518481591017
-0.3527808853783158
-0.3105005809572775
-0.28625779004532864
-0.2439704248482344
-0.16634033949492277
-0.2229418534197402
-1.274339228519996
-1.1862754282443475
-1.1196656860722491
-1.0298993343399296
-0.9714427718261093
-0.9751359023958462
-1.0276726646489558
-1.090478864856494
-1.1245968310993524
-1.1071577664642906
-1.0362523484449098
-0.9267291560258291
-0.8014755932432824
-0.6825072701247651
-0.5848107460986528
-0.5141517115985115
-0.46851361372349326
-0.4417827448122516
-0.4278698539074339
-0.4236308091112675
-0.42958341766486047
-0.4483040008624048
-0.481279471615758
-0.5256440025440701
-0.5724390423647367
-0.6076740217603464
-0.6165204452210631
-0.5895851574264013
-0.5287113043400495
-0.44870855275255206
-0.3716447611343077
-0.3129712157884903
-0.2652767302784931
-0.1977264198412997
-0.10951080052154077
-0.20663777886035495
-1.2670487643927901
-1.1880612930441348
-1.136277527980571
-1.0598157566931348
-1.0111328160948228
-1.0214256008822058
-1.0784921527522264
-1.1448189032009104
-1.1821747688376067
-1.1680610128339424
-1.1006733016167567
-0.9948121894591747
-0.8732489490106344
-0.7578572649658035
-0.663461122687319
-0.5956276567125138
-0.5520901117035193
-0.5264345111351542
-0.512250823633828
-0.506112487956295
-0.508372489105584
-0.5216412450107872
-0.5476967631556247
-0.5842280113645757
-0.6230249543186639
-0.650877392395044
-0.6535190062787148
-0.6215953443167272
-0.5561782868818878
-0.47035692407022733
-0.3837345063481906
-0.30938629586181005
-0.2394591212958351
-0.14797565401402227
-0.04981821223154577
-0.1860373312080746
-1.2487711735553413
-1.1818582731394154
-1.1468815811724473
-1.0842674656651738
-1.0447241732767172
-1.0603406712058612
-1.1205775615379185
-1.1894274040034674
-1.229661751704293
-1.2192543517129035
-1.156461509260297
-1.0558865304030074
-0.9399759943297005
-0.8302353259780361
-0.7411149495631357
-0.6778104867888719
-0.6376822099894569
-0.6139461991552063
-0.5998508821217882
-0.5917067606091478
-0.5897512764290122
-0.5966981524733431
-0.6146982493840307
-0.6420858369276956
-0.671498575015572
-0.6906172106983602
-0.6858630253435294
-0.6480614665229583
-0.5776641144067715
-0.4861818233375001
-0.3908497561767992
-0.30235468377886665
-0.21218315933875587
-0.09865284676920058
0.008756890743863257
-0.16417538212103805
-1.221246743534501
-1.1686733325438277
-1.1518225027132822
-1.1030204366367171
-1.071498863985688
-1.0907782530632322
-1.1525362453338333
-1.2227055613191637
-1.2653196895399113
-1.2589080557342025
-1.2017243375766402
-1.1080091442260296
-0.9996639790047832
-0.897593192820751
-0.8156616793548982
-0.7585245742461599
-0.7230542947254226
-0.702037701736482
-0.6883723366296565
-0.6781363084722366
-0.6715104232985878
-0.6713885302003624
-0.680381659190025
-0.6975638932013714
-0.7165231367557533
-0.7259454680623119
-0.7130702385860546
-0.669050192580391
-0.5938731577403769
-0.4976145384259795
-0.39522468031269314
-0.29494828098547926
-0.18730269329863924
-0.05416652454750004
0.06177445761608641
-0.1445214077935631
-1.1869922593678957
-1.1501495158631316
-1.1520096798441306
-1.116378918981466
-1.0912751274311254
-1.1121776097986205
-1.173519254427671
-1.243587224490763
-1.287914912396709
-1.285650056205267
-1.234962896808535
-1.1495531501235454
-1.0505499973332748
-0.9580232371868029
-0.8850453689852349
-0.8355718787971015
-0.8058854361296057
-0.7882988126088506
-0.7753633660941064
-0.7629675016002887
-0.751303415200637
-0.7435274533475257
-0.7428002278591057
-0.7490295433137368
-0.7568540545866755
-0.7560775538498465
-0.7348872365214665
-0.6849115658821459
-0.6058326329593388
-0.5064310451296532
-0.39944172532931754
-0.29057424536090454
-0.16898129464276698
-0.019203436121548168
0.10454491503365806
-0.13077898046823067
-1.149167723274833
-1.128477338958182
-1.1488741449519484
-1.1251857477327663
-1.1044469838082085
-1.1245935824314028
-1.1833227662058576
-1.2516623566010612
-1.2968580642792227
-1.2987173145260364
-1.2552307384166197
-1.179370575100316
-1.0912654078779873
-1.009922959952602
-0.9474283351068444
-0.906894332823903
-0.8839303553280808
-0.8703486761814541
-0.8583756702340138
-0.843765551599725
-0.8267979251500126
-0.8109767111364438
-0.8000992550677286
-0.7949948403083528
-0.7914450164246809
-0.7804750940273392
-0.7513429348629543
-0.6962968600883437
-0.6148689952958933
-0.5146821942247015
-0.4063128330651016
-0.29280754693255173
-0.161480828358569
0.001516269142188222
0.13238907584804122
-0.1266388674846428
-1.1113629693044533
-1.1062339487516704
-1.1442605825517367
-1.130764571775671
-1.111972101713687
-1.1287243666233882
-1.1824495495618201
-1.247265984806184
-1.2923147404939324
-1.2980830127646066
-1.2622732850629443
-1.1969405888825537
-1.120990294539927
-1.052153861554766
-1.001353228006093
-0.9707383297204806
-0.955185730578146
-0.9460032678153222
-0.9351321917579531
-0.9182610279316303
-0.8958389617416552
-0.8718015550968714
-0.8506624576664639
-0.8342475057379253
-0.8195576989450053
-0.7989277883540835
-0.7627954978810748
-0.7041635861597726
-0.6225646728621483
-0.5245972524199843
-0.41872729633580613
-0.30518427850869084
-0.16890643204630235
0.003529411597483389
0.14094213879800896
-0.1354941235415373
-1.0773061415479648
-1.0861490690954918
-1.140250823593083
-1.1347980956313
-1.1153000831913653
-1.125884042402085
-1.1721194969878521
-1.2315205528241013
-1.2752739083859075
-1.284545967549526
-1.2566339772508475
-1.2024889785794888
-1.1395836778640778
-1.0841804998693738
-1.0458895794911465
-1.0258077294451795
-1.0180487161893375
-1.013438321729278
-1.0036929439352325
-0.9845164449021012
-0.9566132531567487
-0.9244289552775214
-0.8932591381569039
-0.8659810270252335
-0.8408679002871614
-0.811628007146715
-0.7699675195813772
-0.7097635944753318
-0.6306923405848568
-0.5384594039847613
-0.4394664513934439
-0.330957742724168
-0.19491202616747152
-0.01704086086450683
0.12649237882988532
-0.1601298892132827
-1.0505038099229633
-1.0708033525113738
-1.138920713745276
-1.1391408992578753
-1.1162368066920734
-1.117912955658293
-1.1542201477158653
-1.2063207699505696
-1.2475617031982227
-1.2597686614269403
-1.2397126162624095
-1.197063689025885
-1.1476738873425274
-1.1061739478539763
-1.080749034022317
-1.0713897629435247
-1.0714523849188695
-1.0713328862127407
-1.0626047170429302
-1.0410793992383376
-1.0078021563474453
-0.9677955594397354
-0.927181363133584
-0.8899141614101794
-0.8555595702234988
-0.8192309298783529
-0.7739636697135122
-0.7146100465003501
-0.6411242440768654
-0.5584526568394952
-0.4709868210083084
-0.372821379307963
-0.24237319976828423
-0.06312674090689119
0.08634089134971905
-0.2024056834967697
-1.0338325733274845
-1.062273447764668
-1.142039647017055
-1.1455716162741874
-1.116745588890576
-1.1070231659728
-1.1311913228449948
-1.174252414836496
-1.21178980243342
-1.2262512241299626
-1.213761724388404
-1.1825510732114408
-1.1466928729517765
-1.1190628495133281
-1.1063521453982186
-1.107436643077492
-1.114961048064433
-1.1189768098076143
-1.111018503473442
-1.0871068072562897
-1.0487085120726056
-1.001471802640018
-0.952358777139013
-0.9063888014879978
-0.8643971783836115
-0.8228923169937932
-0.776264726151764
-0.7204192065876278
-0.6557147771539787
-0.5864808652654817
-0.51517522171027
-0.43260518475897003
-0.31303765118678784
-0.13634261006866938
0.019163747207884496
-0.26295391120366185
-1.0291146896805565
-1.0617492009438465
-1.150731691630534
-1.1554975207269256
-1.1186929330596558
-1.0955820187541534
-1.10584276999329
-1.1384403555564568
-1.171230502774617
-1.1872308222610228
-1.1818081603151538
-1.1616182879213452
-1.1388384794955457
-1.1245150513452646
-1.1238290098328267
-1.1345847629738217
-1.1488072386422676
-1.1563241227589756
-1.148757041572614
-1.1224433194696097
-1.0793414316473948
-1.0257472829530057
-0.9694375148527913
-0.9164342292225306
-0.868766232140133
-0.8242757407888345
-0.7786920771633914
-0.7290236579123492
-0.6761557255223853
-0.6239614097204302
-0.5730818609966288
-0.5109555377011139
-0.40716743861996557
-0.2366161774894136
-0.07464798819520975
-0.34092522509239587
-1.036725949671149
-1.0691622930985227
-1.1651294484366321
-1.1696352301686972
-1.1235558464316173
-1.0858447809477636
-1.0811103691033328
-1.1023265776133326
-1.129615130058081
-1.1464994961671453
-1.1474899765558357
-1.1375692798940404
-1.1269500687378968
-1.124833586942899
-1.134936331703619
-1.1540932969803566
-1.1738517682826937
-1.183973674755812
-1.1763141255026555
-1.1476361659005816
-1.1004421813532708
-1.0416617792734757
-0.9798090893444473
-0.9217854284972227
-0.8706717004321658
-0.8255214200030533
-0.7833375423095705
-0.7422548302970955
-0.703805463487672
-0.6715986112761616
-0.6446407224083522
-0.6070124230858369
-0.5231922563776885
-0.36184893512747374
-0.19270186389666072
-0.43381943357387215
-1.0553030810041237
-1.082882671675998
-1.1840669509722792
-1.1877046429472293
-1.1321194835664545
-1.0796575383375084
-1.0597653104064118
-1.069386584823621
-1.0908588103353354
-1.108138812056377
-1.114802871576164
-1.114105312270425
-1.114285617279944
-1.1227528714179693
-1.141875028647915
-1.1676850546243227
-1.1914489200419291
-1.2030587477619525
-1.1947674807060695
-1.1638687190124515
-1.1134343310896497
-1.0509663392147652
-0.9855753211217482
-0.9248435308261505
-0.8726848038512149
-0.829169887683972
-0.7924549074475912
-0.7617948169029045
-0.7394961028019037
-0.7291453740668375
-0.7283907365726194
-0.7181031139429435
-0.6573989649756119
-0.5076379967161754
-0.3304109254109948
-0.5374499928019594
-1.081640870257372
-1.0995597794464154
-1.2048764501228004
-1.2081897864004976
-1.1442085903497152
-1.0781645592621958
-1.044102078583022
-1.0428025011207862
-1.058723253976586
-1.0761770999785218
-1.0877568855613584
-1.0949862835524002
-1.1041928366548817
-1.1211246044900682
-1.1469954538960492
-1.1772748415177217
-1.2032007766064197
-1.2150289333487987
-1.205588306463592
-1.172796190883059
-1.1202823864609452
-1.055999934566151
-0.9894365518407999
-0.9285678496059215
-0.8778303048530058
-0.8380357787200772
-0.808312099470836
-0.7890005499362169
-0.7833263384153274
-0.7951660366694746
-0.8212165552103047
-0.8394776093569829
-0.8036898543408527
-0.6670997405507618
-0.4809430605856283
-0.6461009527380138
-1.1108963917852779
-1.1142102803315495
-1.2233762680965508
-1.228240389164151
-1.158514299564564
-1.0815704871673697
-1.0356454540770115
-1.0251239323128245
-1.0364404214651144
-1.054184879310042
-1.069952559872158
-1.0835965255263433
-1.0996732799740452
-1.1224884006215492
-1.1523820507153446
-1.1845746492233475
-1.2105881941520786
-1.2213106272249052
-1.21033331088803
-1.176269372152674
-1.1232454865422423
-1.0594695207469904
-0.9944928040937024
-0.936291556064411
-0.8894093107562214
-0.8550302833445478
-0.833006666950288
-0.824707725761673
-0.8344527346598992
-0.866819189285727
-0.9181343969115082
-0.9641187538219615
-0.9534508196564496
-0.8308455497604541
-0.6353731470159671
-0.7529477480050546
-1.13724974422
-1.1206832184190658
-1.234163533365169
-1.2438121682299463
-1.17259971351436
-1.0890274690173727
-1.0349344966626235
-1.0179635566188274
-1.0263341478556107
-1.0448367200576851
-1.064097002148133
-1.0824286978499895
-1.1028471714829524
-1.1285299063361618
-1.1593160919181615
-1.1905710548674389
-1.2144713338849222
-1.2228373587811103
-1.2102095107582969
-1.175936466214687
-1.1245167098082431
-1.0641252253153601
-1.0039514785447619
-0.9514571329356437
-0.9107569489326031
-0.8829355335904406
-0.8682524368753758
-0.869027666117876
-0.8908986925304321
-0.9396865199073461
-1.0121566572393617
-1.0826692126681667
-1.0955810132456312
-0.987171570837405
-0.7831113185300818
-0.8508276668101157
-1.1552080582791098
-1.1126678523898443
-1.2313570334420663
-1.2501725383566975
-1.1831938864852314
-1.0987411291379399
-1.041463065448914
-1.0217939463019958
-1.0294944353492013
-1.0494836711884354
-1.071494580742853
-1.092512223116322
-1.114338208724519
-1.13943950567664
-1.1676244635034883
-1.194878618227779
-1.2144603044368516
-1.2194481801920618
-1.2055085704022133
-1.172719196789707
-1.1257444044571128
-1.0723281381834
-1.0207409246077295
-0.9772736064690173
-0.944940379153465
-0.9241406566795777
-0.9151521658736789
-0.9211578506563918
-0.9494086063203275
-1.0076828577406536
-1.0942790366019168
-1.1835286131989944
-1.2167478633222208
-1.122538049795478
-0.9126957371454307
-0.9334624500805341
-1.161782835732292
-1.0854493479372782
-1.2099721959595229
-1.2429322432117418
-1.186914810817205
-1.1084176654586444
-1.053882346884298
-1.0359357601251888
-1.0455806475538512
-1.067799961471232
-1.091564756985972
-1.112828858981409
-1.132612262375654
-1.153198064699301
-1.1749346254852222
-1.1949842091486067
-1.2081667294240446
-1.2091618595496922
-1.194916373421332
-1.1661678253111174
-1.127440093749427
-1.0855161225678234
-1.0470371137395225
-1.0163055300637467
-0.994410792749773
-0.9803577573002419
-0.9739800060168151
-0.9792364613269174
-1.0053850560549615
-1.063093782176321
-1.1536461298835272
-1.2531874709019597
-1.301945908026481
-1.2224297396887303
-1.013055697266263
-0.9972545490636218
-1.1598205284379595
-1.0386636894348653
-1.1681529188203745
-1.2198028474284381
-1.1815983734856128
-1.1162078215424605
-1.070601638258588
-1.0588557044471085
-1.0728557584484995
-1.097591435017942
-1.1214613304579593
-1.1397779503426426
-1.1533221917790437
-1.164832969532281
-1.175871358790404
-1.185411505249994
-1.1903603496601889
-1.1873470603809464
-1.1747152542281871
-1.153710893761634
-1.1282882812328399
-1.103583582410968
-1.0837210495614071
-1.0700141310548443
-1.060633663091889
-1.0523470246880713
-1.0440090000128444
-1.0402832754528082
-1.052959620423417
-1.0968007856469244
-1.1779660632446614
-1.2768803222793061
-1.3354549955015071
-1.2727074152244495
-1.0753710103512388
-1.043800410760369
-1.1628233284664447
-0.9803562329473845
-1.110534245166658
-1.183325729022107
-1.1684525827143517
-1.1223426558987155
-1.0909598371120568
-1.0889260941462746
-1.1085846650246136
-1.1348816510070654
-1.1558936366181105
-1.166778147994207
-1.168733396393606
-1.1657084501568047
-1.1612501541816627
-1.1568528278939072
-1.1520715475436887
-1.145824484834608
-1.137911292984954
-1.1298298297381402
-1.1243873074058703
-1.1242046135980122
-1.1297978633595003
-1.138284325733769
-1.1437349398969872
-1.1396938770102771
-1.1234329789460489
-1.1002839968608307
-1.0852633933080966
-1.0987703741947872
-1.154262206882006
-1.2396591277220546
-1.3023133916340244
-1.2615820206172572
-1.0956767589745149
-1.083289102619542
-1.201662117130378
-0.9327089506392952
-1.05306638722932
-1.1448708251860529
-1.1553053037063785
-1.1317015123192515
-1.117182324704527
-1.1258370468790302
-1.1499659449553428
-1.1744253215331928
-1.1872815513841979
-1.1841214617881142
-1.1673317638552767
-1.1429393710450524
-1.117345623537397
-1.0953375284570983
-1.079701426783164
-1.0719565845628383
-1.0733377627403327
-1.0852064695417174
-1.108467735668892
-1.1421458715902202
-1.1818251979372139
-1.218987879907678
-1.2422175372583444
-1.2406979643006837
-1.209449561004134
-1.1544930205278363
-1.094981937481914
-1.058903047368172
-1.0700706201655283
-1.12800986749071
-1.1904445907647943
-1.1823677865488977
-1.0783890370850964
-1.138982996338107
-1.3336571566425182
-0.9398703391088059
-1.0296950555957416
-1.1302636059998497
-1.1612699679168275
-1.1576050548435237
-1.1573868528191182
-1.1728979494749416
-1.1958089493590034
-1.210838389375609
-1.206413116574169
-1.1792300161884444
-1.1337479217265207
-1.079047865726333
-1.0253416595211329
-0.9815328299540202
-0.9542263159197951
-0.9478044135378645
-0.9648087130710655
-1.0059135641683925
-1.0691560543742669
-1.148636281443178
-1.2334189433555833
-1.3076533013780764
-1.3528228027916682
-1.3524543957870172
-1.2985918788874815
-1.1980511167350558
-1.075301636637056
-0.9683612388470224
-0.9152161121322826
-0.9321607414231647
-0.9936035471855753
-1.0371991834319854
-1.0409576073185316
-1.2530095014809008
