R2 score
-0.004186783863823373
0.7063604728049355
0.7566835914563053
0.7999836051080518
0.8137177173798004
0.8196633030034316
0.822892744484154
0.827847713250109
0.8338499643927051
0.8368460332869747
0.8393835287912348
0.8393294621485256
0.8434288456859458
0.8487944463011269
0.8478613847309189
0.8484833344226645
0.84538934791099
0.8553382913827977
0.8528064812858185
0.8526271725628005
0.8522330237185809
0.8560806422716085
0.8430347877481661
0.8494126565463278
0.8451922344344264
0.7745293675968903
