R2 score
-1.666586665027836e-05
0.7129709966574878
0.7317381817363715
0.8157308422555873
0.8083508978405406
0.8052177358299217
0.8318519811072773
0.8257041277376012
0.8349674113301381
0.8320176474923484
0.8419287580705891
0.8275767820249526
0.8463870980251931
0.8323984122236221
0.8291360786423887
0.8282695100119933
0.847285140194935
0.8776753828276663
0.8721262635654343
0.8596864153513488
0.8405468957295632
0.8523751485286397
0.8154675844358487
0.851747497755524
0.8330887599840607
0.8030764394599176
