R2 score
-1.666583445536496e-05
0.7129710780040723
0.7317385012378541
0.8157302962918969
0.8083522270956904
0.8052164447205745
0.8318574336693348
0.8257014769905613
0.8350080680131264
0.8319843141001999
0.8419904562038885
0.8279763523784275
0.846060118127757
0.8328407046025699
0.8287926872500093
0.8260297788743449
0.843186087258851
0.8734803422769541
0.8659857612713109
0.8611464854215173
0.8535571676433603
0.8552413466124125
0.8200933603952181
0.8650982035588938
0.8304080189184118
0.7836824194453768
