R2 score
-0.004186779248783468
0.7063604873141742
0.7566836226765548
0.7999836114267536
0.813717827209461
0.8196632604905287
0.822893443866234
0.8278498904852518
0.8338531347077919
0.8368573207327498
0.8394274656235433
0.839460135757026
0.8437015578092038
0.8493679122663522
0.8489396070423438
0.8484895504703744
0.8481579132632497
0.8522495186915904
0.8568338670106835
0.846230602997877
0.8128205922740348
0.8589062612182421
0.8567842085448305
0.855925015637731
0.8379701037764773
0.7758138794063787
