Predicted value
-0.7563871655025944
-0.6517993381441582
-0.5991320968776581
-0.5604993460377432
-0.5141902623929842
-0.44956619978454637
-0.36312130854046026
-0.2555230396910623
-0.1294735475295223
0.01174647952314195
0.1651733195511473
0.32860338409149015
0.5006817255523385
0.6807251419993808
0.8683624414231381
1.0630689343656061
1.2636674111740704
1.4678632072377535
1.671875945423696
1.8702246486362941
2.0557156160546897
2.219673233228135
2.3524422179060367
2.4441751693209475
2.4859011677038785
2.4708490421662823
2.395972267806428
2.2635907460639673
2.083027445029923
1.8720745076942564
1.6580734550543461
1.4783369966892792
1.3795751929014735
1.415915768913161
1.64502674195503
2.1217586654724516
-1.0486857602604673
-0.8920758868951665
-0.7823099151287755
-0.685140373469761
-0.5814557421981699
-0.46244543764767054
-0.32587586569318083
-0.17329874312695506
-0.008037839574932079
0.1661791182935314
0.34605989335010057
0.5291616263307861
0.7139716367909086
0.8997392686978367
1.086136334020781
1.272818368344258
1.4589542915878422
1.6427876434338398
1.8212878161211308
1.9899441159318751
2.14274852805269
2.2724042166075917
2.370785541610928
2.4296611964491617
2.4416744423450933
2.401552819161415
2.307493623936777
2.1626403487912333
1.97652863736352
1.76633763282448
1.5577333298235216
1.385034186542759
1.2903652804308594
1.3213951812399727
1.5271689467690057
1.95146069929928
-1.2074300461502938
-1.0210284904804072
-0.8760946522153316
-0.741694887307208
-0.6010458256852446
-0.44693834117645653
-0.27822193432790093
-0.09717550898247543
0.09238440462457664
0.28638625819835484
0.4812884155198422
0.6744644679627793
0.8642764120307307
1.0499148975435404
1.2310792850971244
1.407565058494108
1.5788217010697034
1.7435399432917578
1.8993228017706347
2.042489535947878
2.1680550273168926
2.2699186161386686
2.3412855913251804
2.375330799547074
2.3660966987549745
2.3095971082596347
2.2050723813697095
2.0563112264115144
1.8729184068272269
1.6713655400410112
1.4756136669709612
1.3170406585229046
1.2333433412045942
1.266012940219884
1.4559025341167036
1.8363161693444459
-1.2631058058796532
-1.0637924407412298
-0.9004975119592619
-0.7453049432753454
-0.5835134763965824
-0.4093106220381617
-0.22245834280192897
-0.025820987470617084
0.176408806345502
0.37990976731260234
0.5809638918420849
0.7768138415951408
0.965728525371109
1.1468513490992327
1.3198992487940984
1.4847755673191616
1.641155575704808
1.788099452661792
1.9237433008920772
2.0451137749014867
2.1481056013366024
2.2276531684765306
2.2781169254827387
2.2938920434218546
2.2702301280012565
2.2042442174701864
2.0960423273141635
1.949904895282303
1.7753861150100745
1.5881778031085356
1.4105266021595817
1.2709404596597045
1.2028579196665758
1.2418832987979027
1.4211117703848832
1.7639802290676574
-1.2418221014754485
-1.0420278775232008
-0.8729064298135405
-0.709289836243295
-0.5383366103336247
-0.35544671435463837
-0.1611415838955422
0.04125601820712601
0.2472821703759401
0.45245098289331026
0.6529349153588764
0.8458948671791069
1.0295381440626017
1.2029742547517952
1.365932217012647
1.5183981293029043
1.6602276736210622
1.7907844348766786
1.9086509317926696
2.0114545329259848
2.095844457949203
2.157648317946366
2.1922266082163904
2.195030712020953
2.1623537829353605
2.092243826035009
1.98552387315098
1.8468348239306915
1.6855817815175413
1.5166240283918404
1.36050164336823
1.2429376339968021
1.1932928287406808
1.2415811193762822
1.4135744451583423
1.7234396454844794
-1.1656585534955217
-0.974156051618386
-0.8082179959364515
-0.6451803744465172
-0.47386141372571905
-0.29070881688937894
-0.09686723817957253
0.10399512691822196
0.3072364864050776
0.5082826269180564
0.7032570550707664
0.8892843550304779
1.0645404798004325
1.2281155933231147
1.3797488914656566
1.5194900312667396
1.6473378685897107
1.762903623613609
1.8651418404768676
1.952188060941951
2.0213364712477015
2.0691833854339388
2.09195277643454
2.086007637215041
2.0485352272533466
1.978374713801782
1.876931831699851
1.7490964391042614
1.6040447184402946
1.4557677412310102
1.3231216613024643
1.2291414022685045
1.199298841242259
1.2583176404775593
1.4250795211867056
1.7050703881855802
-1.053020523101968
-0.8756133134490355
-0.7189963443537911
-0.5627887827876631
-0.39728938093114685
-0.21984718014596574
-0.03210960670339866
0.1620093351504647
0.3577724485548709
0.5505849186161057
0.7365756548060088
0.91287445941126
1.0776545508202082
1.2300019109753317
1.369666815923702
1.4967482261394869
1.6113579382460224
1.713308011004735
1.801861455038646
1.875581996793759
1.9323133717867902
1.9693115493168296
1.983544019606116
1.9721582638555508
1.9331062570283397
1.8658928013846483
1.7723921349558367
1.6576490823431367
1.5305474945269437
1.4041893388537534
1.2957820291024822
1.2257789075950085
1.2159576857816534
1.2860535956754218
1.448487481003575
1.7006435430659796
-0.9189955154101997
-0.7591155642069451
-0.6156511938704012
-0.4703059002086578
-0.3146992469164462
-0.14695235213640953
0.030890164329174727
0.21475547214677282
0.39988298482902906
0.5817167196440673
0.7564391932431352
0.9212229207010689
1.0742650518507249
1.2146626527324056
1.3421801007467244
1.456955488768855
1.559189305128023
1.6488554520529417
1.725471364006064
1.787960068351436
1.834631973097114
1.8633074490978292
1.871592376171489
1.8573072231484193
1.8190554100095815
1.7568981350536723
1.6730800205375018
1.572722315533809
1.4643674739200951
1.360220177525607
1.2758847785957155
1.229347170958024
1.238889744667079
1.3195608135389219
1.4777442079374195
1.7032900755157143
-0.7757051052597426
-0.6349269085536354
-0.5066282477064221
-0.3744183756280573
-0.23109604571261189
-0.07544117024582732
0.09019609458114289
0.26165916882167845
0.4342261688552575
0.6034314143867111
0.7655532098618498
0.917840175679702
1.0585378589064847
1.1867693530391468
1.3023176808012356
1.4053532220554343
1.496145979759815
1.5747994495530668
1.6410397721021752
1.694090180858605
1.7326559904205223
1.755038981363264
1.759391505252744
1.7441094376710284
1.7083487265344885
1.6526321968471203
1.5794909603792329
1.4940577186692565
1.4044969192882222
1.3221186075570928
1.2609783879409107
1.2367146502351338
1.264315604483028
1.3544421843929626
1.5078580009353697
1.7074337348654118
-0.6326475940156662
-0.5111271748574078
-0.39860610437663757
-0.2804395304170352
-0.15048050692651993
-0.008069283764232764
0.14421713111250928
0.3022023267917859
0.46125584417371707
0.6170461722194687
0.7659837331677549
0.9054225349634194
1.0336786041100818
1.1499153304087002
1.2539399356506153
1.3459509003716754
1.4262728253177912
1.4951123463962144
1.5523658426653713
1.5975062554236763
1.6295718517688063
1.6472736971879065
1.649230427880513
1.6343281136841104
1.6021890557415548
1.5537157484945896
1.491654432282757
1.4210961498466137
1.3498014764527113
1.2881975982497704
1.2488526459052616
1.2451816296336604
1.2890804464864025
1.3871187203034527
1.5348481681018686
1.7087002429722122
-0.4970274408114874
-0.393873822902449
-0.2966947047117523
-0.19244844545322215
-0.07593290940138353
0.05303608511456669
0.19172133652433693
0.33598012040343367
0.4813173238694678
0.6235722578436267
0.759318154276486
0.8860396215789548
1.0021427396134064
1.1068445047613664
1.1999824648669613
1.2817810923341102
1.3526082104045698
1.4127520917379186
1.4622471689277554
1.5007731125952755
1.527647823276392
1.5419291275361129
1.5426321456784238
1.5290588871459008
1.5012231092950699
1.4603363247656627
1.4092995412087408
1.3531193437746696
1.2991357645615134
1.2569125032620612
1.2375969485977885
1.252507579865065
1.310649181117259
1.4147913562405101
1.5556725705252585
1.7038098423646002
-0.3740682763940735
-0.28765454266110974
-0.20463114174680547
-0.11343265005259326
-0.009706347079706806
0.10632858210449694
0.2318303126719749
0.3627336830001619
0.49471463295075857
0.6238131473899281
0.746790568243975
0.861283332412722
0.9658045666281843
1.0596370029232667
1.1426548488384511
1.2151080339182752
1.2773991375082463
1.3298807614311263
1.3726986238736971
1.4057026968256119
1.4284447677551853
1.4402753559574095
1.4405454342415502
1.4289083764137933
1.4057044494290294
1.3723934752094122
1.3319804800302377
1.2893537081303945
1.2514237798895984
1.2269165026022297
1.2256293726423193
1.2569126207304986
1.3270792261559685
1.4353841402491911
1.5681404932185248
1.6904592907307805
-0.26730700503684574
-0.19552756368166774
-0.12496939408265374
-0.04543054114397602
0.04667487036556493
0.15078502050247095
0.2639988707024902
0.38236381623199334
0.5017549349300267
0.6184363692727357
0.7293777547833151
0.8323847222296124
0.9260918329723565
1.0098583353242023
1.0836013339277628
1.1475968230340077
1.2022760272352624
1.2480420987539755
1.285129917883891
1.3135290116986769
1.3329859247588682
1.3430972233356295
1.3434971707037195
1.3341344544106655
1.3156196561788525
1.2896089103165567
1.2591688762772235
1.2290432343880582
1.205710879843574
1.1970903179016927
1.211702931903634
1.257059284338676
1.3369768987653377
1.447474536056014
1.5708163012271166
1.667198476125646
-0.17886713245780525
-0.11934734551865477
-0.059261211869909305
0.010329653472933176
0.09231525789273214
0.18584147964630388
0.287984226311694
0.39493031535953094
0.5027750249619285
0.608024217156707
0.7078711866066724
0.8003044155077877
0.8840916977807031
0.9586781126017304
1.024029557666388
1.0804494754055276
1.128393499765235
1.1683044961916056
1.2004883422045411
1.2250482794753914
1.241892239715923
1.2508226850152808
1.2517116876016148
1.2447546834304697
1.230784047587159
1.2116078363097218
1.1903191995670523
1.1714975686378706
1.1611932441047905
1.1665519301782739
1.194894560372169
1.2520199163402723
1.339442535226328
1.4502157102525477
1.5629184935485343
1.6333059884778345
-0.10971002792215473
-0.05997390802973713
-0.008225990379443384
0.05329693144851016
0.1268495737641558
0.21132648842124785
0.3038083309888059
0.4006408216399941
0.4981540770241909
0.5931077752625863
0.6829297349644183
0.7658014218745148
0.840633122507517
0.9069635219745107
0.964812672238196
1.014513316317604
1.056542722577201
1.091375060252388
1.1193723918583829
1.1407300491766796
1.1554889761871499
1.1636230436888293
1.165202845502947
1.160628554152234
1.150912523835455
1.1379769594398224
1.124912601330991
1.1161204858050415
1.117229909453746
1.1346512313578643
1.1745815690577137
1.2412342617301635
1.334008666001056
1.4432548954161857
1.5442179928568867
1.5886672151923749
-0.059863339333884796
-0.017464588890531582
0.028091988182111352
0.0834725933201458
0.15034797602785244
0.22739398730109817
0.3117163430132912
0.3998324923911669
0.4883161993841314
0.5741880509798526
0.655117085414696
0.7294845638449162
0.796350070457628
0.8553520972839692
0.9065695302049482
0.9503664808876623
0.9872401847303539
1.0176896864035325
1.0421212413255927
1.0608042524794343
1.0738886164359598
1.081490049375444
1.0838437823630676
1.0815184342147919
1.0756703690587155
1.0683039032294694
1.0624838215035592
1.0624232749662446
1.0733417410700437
1.1009538097756366
1.1504095971323136
1.22446105833155
1.320574855228286
1.4266512076444122
1.514938802522313
1.5336578292574792
-0.028626233735136734
0.00875251305489702
0.05018007577099551
0.1012948382396112
0.1632267564985381
0.23445822789435472
0.31213369348029946
0.39294921760435014
0.4737257783678882
0.5517474237630964
0.6249272798365831
0.6918501182521156
0.7517292802111769
0.8043076909107966
0.8497269626481792
0.8883846543954761
0.9207971102400897
0.9474834175905648
0.9688843875598647
0.9853285435310836
0.9970543886598323
1.0042941880471095
1.007418625600849
1.0071334582679692
1.0047081704360517
1.0022021079492294
1.0026351234308244
1.010026871530267
1.0292010333882222
1.0652174031161021
1.1222554144886954
1.201726802425932
1.2993421602662418
1.4007956493840057
1.4756635214516987
1.4690349046678521
-0.01475153484483364
0.019723733376366605
0.05892824039928841
0.10753392595697887
0.16616602752703855
0.23313229010654257
0.30562371004999467
0.38051660641036283
0.45487807263232427
0.5262540899577312
0.5928012605904096
0.6533087226051819
0.70714581884886
0.7541629877433687
0.7945676040375189
0.8287926012387348
0.8573731337636419
0.8808447648513138
0.8996751750595801
0.9142396547875244
0.9248481518106386
0.9318278703534242
0.9356598408320258
0.9371599781511545
0.9376844004095445
0.9393246681309494
0.9450406057676114
0.958655961294714
0.9846148253019495
1.0273639471664704
1.0901873317345325
1.1732742545215837
1.2707495758367617
1.3663354435222432
1.427245629245013
1.3958373235628772
-0.01660517668748175
0.016833636771677676
0.055514825718511907
0.10319855636487932
0.1600353252420118
0.2241714712180862
0.2928473218334646
0.36311651468500966
0.43228705612275353
0.4981617079205114
0.5591368069211965
0.6142041020120786
0.6628891162294239
0.7051513884003467
0.7412661975766854
0.771703503675742
0.7970173282902375
0.8177571296392442
0.8344113741776265
0.8473919535380687
0.8570658183215295
0.8638366788533863
0.8682743364580294
0.8712816361487077
0.8742786519564008
0.8793700085058859
0.8894436859633674
0.90812772920252
0.9395044650389633
0.987449602741497
1.0544254318162976
1.1395127163521739
1.2354142960852794
1.3241043198648996
1.370729936452426
1.3152966296378883
-0.03230369059754561
0.00168705597758372
0.04130707389288373
0.08945377118199976
0.14582773153132467
0.20842242580463854
0.2745259802353867
0.34136248400375246
0.4064720950746621
0.4679060239629157
0.5242938195871844
0.5748257286501085
0.6191817291116004
0.6574306283811193
0.6899168469166193
0.7171486570574516
0.7396991942102291
0.7581299820249126
0.7729454940176271
0.7845858902913889
0.7934629986504345
0.8000413335726632
0.8049609432722429
0.8091916235251211
0.8141980161184839
0.8220817987955297
0.8356500514737168
0.8583374293923399
0.893883466768319
0.9456346535818908
1.0153033523509043
1.1009716302580697
1.194077153844248
1.275059907747111
1.307282134722689
1.2287590305119087
-0.059830694542917576
-0.023991248363786515
0.01777611314213603
0.06755038295889239
0.12460280319372508
0.18677860788507156
0.25140859006278593
0.31587710941119984
0.37794468017603844
0.435899884642314
0.4885965246665628
0.5354171314476196
0.5761926810399542
0.6111000891268771
0.6405532623520834
0.6650996441314856
0.6853317894075125
0.701822014339476
0.7150870725206462
0.7255885880497733
0.7337731067363885
0.7401525889597376
0.7454214403050808
0.7505992381427765
0.7571786428694839
0.7672450606714032
0.7835179294711576
0.8092425102571577
0.8478352613414831
0.9021547323239364
0.9732329167303783
1.0582586265171887
1.1475541769651634
1.22022897599974
1.238127976744664
1.1376188552173871
-0.09713356140106423
-0.058440154212143956
-0.013574128415561552
0.03876568191395044
0.09743832782624609
0.16014228436298816
0.2242429501715937
0.2872720464509798
0.34719611674032486
0.402527712148537
0.45233382894337165
0.49618122604961473
0.534046868019858
0.5662133935136001
0.5931636793251243
0.6154847346122797
0.6337887982713606
0.64865810345216
0.6606187960864354
0.6701484280868608
0.6777197696365203
0.6838808778055345
0.6893668996759653
0.6952324563031074
0.702984128265142
0.714680023328274
0.732947130955375
0.7608466360872378
0.8014920549012253
0.8572944471768403
0.9286725325459613
1.0120227703516183
1.0966948341576814
1.1606609012171105
1.164502263492907
1.043263429208082
-0.1422016091519971
-0.09993000081619248
-0.051264818878095184
0.004354958544364104
0.06539069951061292
0.12939314912219038
0.19375195074989532
0.25613110399719446
0.3146868008399357
0.3681402343735718
0.41575876458967115
0.457283731667926
0.49283170848257446
0.5227875594575934
0.5477018016376083
0.568200924945654
0.5849170011491267
0.598441574125948
0.6093079566885314
0.6180051405580446
0.6250250351601409
0.6309421668102034
0.636520771645666
0.642837882419563
0.6514020200675579
0.664234934874746
0.683867978172948
0.7131846028684459
0.7550156688086063
0.8113641461180023
0.8820999452449393
0.9629234356321432
1.0423472247351988
1.0973894346336053
1.0876075137864247
0.947029035651937
-0.19312728353159722
-0.14681584086227054
-0.0938878235240328
-0.034486793102435256
0.02946352061437288
0.09536336743659837
0.16061456242027006
0.2229966460314962
0.28083747520832547
0.33305001710118337
0.37908770743706177
0.4188554794553453
0.45260194627877387
0.4808097084860288
0.5040948386172048
0.52312274444444
0.5385453121516446
0.5509629581640465
0.5609144533245748
0.5688966045043876
0.5754145656335282
0.5810611816192268
0.5866198237581608
0.5931791331195054
0.6022394280522649
0.6157787325276173
0.6362309225392642
0.6663088473264949
0.7085809398302625
0.7646802656165083
0.8339896505776325
0.9116049541269022
0.9853301954060731
1.031402574308079
1.0085819359487007
0.8501673856781304
-0.24815189512555352
-0.19757740244768096
-0.14014002751086407
-0.07665376277532948
-0.009416113578906888
0.058818718052216445
0.12545147807507756
0.18835934001147372
0.24602266272628287
0.29752814000286587
0.34249983835800313
0.3809941939841082
0.4133832848293044
0.4402420887007927
0.4622494619782211
0.48010870512590514
0.49449129977019657
0.5060061867354816
0.5151962841836507
0.5225632989518437
0.5286207414062852
0.5339728937005175
0.5394137823187323
0.5460344472736631
0.5553184613880324
0.5691942127932995
0.589997401203873
0.6202779927434482
0.6623620081871544
0.7175494645131859
0.7847950287049722
0.8586769548841549
0.9264121401601157
0.963620130127986
0.9284761108083793
0.7538218190729775
-0.30569753078663575
-0.2508471145384703
-0.18884748514509744
-0.1211496751396825
-0.050414305759663734
0.02044537278446294
0.08881512912946878
0.15265113926802543
0.21056631485704835
0.26180218816823936
0.30613713854773883
0.3437661426439835
0.3751753364972469
0.401025970935361
0.422056301662206
0.43900606103314477
0.4525658888591238
0.46335293374305564
0.4719132535028367
0.4787511222493072
0.484384371739115
0.4894229347862094
0.4946642978660024
0.5011940876575446
0.5104719912157833
0.524372120822553
0.5451322614058273
0.5751476598163571
0.6165216102835948
0.6702565381131558
0.7349350632104784
0.8047001153941991
0.8662960537725319
0.8948783917710542
0.8482376267951729
0.6590122980596492
-0.36438678623466103
-0.3054275916912562
-0.2389805570896632
-0.16710054802544014
-0.09280076448620694
-0.019158241859928194
0.05118369107887524
0.1162412693433164
0.1747395848765661
0.2260555941233697
0.270105064202509
0.30720789469546445
0.3379542111167614
0.36308481046299473
0.3833934279247419
0.39965436596292836
0.4125767615731477
0.4227856437623893
0.43082943011701763
0.4372131079231366
0.44245552068506644
0.4471674141490166
0.4521436661515811
0.4584579108508549
0.4675400492361888
0.4812063933253323
0.5015979002193617
0.5309635932708082
0.5712033201032258
0.6230559401754826
0.6847853470857969
0.7501768919333606
0.8056102628737749
0.8259211715928626
0.768702778856195
0.5666281376432685
-0.4230519653577878
-0.36029998737030816
-0.2896612245821463
-0.2137608422861688
-0.1359537243795108
-0.05948512228959264
0.012958616272317022
0.07943490072830961
0.1387605385512476
0.19042825909108863
0.23447393162071548
0.27132830971079286
0.30167493881356666
0.3263269317518333
0.34612912674596036
0.3618881737432737
0.37433082621477926
0.3840896263284853
0.39171474057098477
0.3977104095438584
0.402593798883333
0.4069724571148812
0.411633579833536
0.4176333269700371
0.42636702013697636
0.4395906392222774
0.45935012058409624
0.4877570124759734
0.5265265457682555
0.5761666087058609
0.6346729524278365
0.6955466783452557
0.7449041483053127
0.7573963928353529
0.6905943507355575
0.47742733394741627
-0.48073536468406197
-0.4146246127828667
-0.3401637712347642
-0.26051400241918177
-0.17936020101704067
-0.10011956471602422
-0.02553481794836515
0.042474130471313626
0.10279554543761281
0.15501830401477573
0.19928095750234995
0.23611078160129545
0.2662738221706176
0.29064788787002993
0.3101241646745569
0.3255391098968164
0.3376360040363971
0.3470544765677152
0.35434595575242744
0.360012801794327
0.36456834621809264
0.36861365732273876
0.37292406101055
0.3785337472971233
0.3867996644423166
0.39941582397984343
0.41833559003940607
0.44554198432404624
0.48258398300126476
0.529769692663829
0.5848746484895212
0.641184757852779
0.6846480959897009
0.6898573259656711
0.6145244422163063
0.39204130440202317
-0.5366822113419709
-0.4677351823960746
-0.3899100008821303
-0.30686837791091126
-0.22261240592075443
-0.1407339158182795
-0.06404448274874586
0.005540859998042122
0.06696204960764467
0.11988474799280405
0.16453283857985967
0.2015156967553745
0.2316707388222506
0.2559325666134678
0.27523365486005347
0.2904374550824209
0.3023024922452363
0.31147498775992044
0.3185072337102033
0.3238988474892502
0.3281576324462217
0.3318755377201305
0.3358126282639655
0.340977523206701
0.3486859162394215
0.360569034718822
0.37849070373120974
0.40431453652727944
0.43944115259679795
0.48400870827733716
0.5356178912567937
0.5874043587100404
0.625236868180124
0.6237675397483811
0.5410012766101192
0.3109838379575593
-0.5903277521864634
-0.5191279907963532
-0.4384601168441619
-0.3524494848410023
-0.2654011285358839
-0.1810828643790657
-0.10238643310509928
-0.031238856399079768
0.0313323967322125
0.08505088164651457
0.13020871707229176
0.1674830203890109
0.1977713650922995
0.22205705965141379
0.2413085756772923
0.25641331651902
0.26814359416920475
0.2771516517590113
0.28399031003583364
0.2891558081152655
0.2931491305585699
0.29655104352169986
0.30010368142650723
0.3047873113935451
0.31187433462324093
0.3229331410926363
0.33974159542279403
0.3640531766417851
0.39713760189433867
0.43899161300619377
0.48708397427336253
0.5344610989883534
0.5669955701113228
0.5595086262185813
0.47043892648828545
0.23466306708797036
-0.6412799032409844
-0.5684472509149832
-0.4855003264874204
-0.39698951821166933
-0.3075068547114458
-0.2209959146461397
-0.1404385288436351
-0.06778941118765308
-0.004061607525948502
0.050508092961728424
0.09626336120557023
0.13393490143138428
0.16446926171802148
0.1888902763532399
0.2081969543922294
0.22329742105390418
0.23497616214871514
0.2438907956925836
0.2505943782990418
0.25557932593022287
0.2593388682014059
0.2624410417478301
0.2656080402508736
0.2697897556578922
0.27621404599045485
0.2863871289938446
0.3020050068109367
0.3247204539403684
0.3556893280367037
0.39479426970350784
0.4394127223933216
0.48255910593588974
0.5101873961420977
0.49738977745032736
0.40316892476881305
0.16339531359646495
-0.6892987648049675
-0.6154677334805143
-0.5308281577071469
-0.44031496037410256
-0.3487893375290802
-0.2603686392031452
-0.17813313233747322
-0.10407958633509334
-0.03922371755690444
0.01621991069400044
0.06263039057669871
0.10077818052375384
0.13164775141366525
0.15629526786365947
0.17574470815058696
0.19092154003421416
0.20262067261612776
0.21150437539324016
0.21812567393192553
0.22297287617156827
0.22653083333920698
0.22935377389442954
0.23214254690017153
0.23581535180501292
0.24155499390039586
0.2508068677563373
0.26518971381611717
0.2862651951185183
0.31509198088992074
0.35146478058233627
0.39270812490175383
0.4318581185483805
0.4550223718509454
0.4376583342956168
0.33945278120070943
0.09741972454564984
-0.7342741911083164
-0.6600757444778454
-0.5743363835227346
-0.48233305240956803
-0.38917626899220814
-0.2991532522430824
-0.21544932660003474
-0.14011619594732588
-0.07418812605799009
-0.01787394709737507
0.02922539185010339
0.06790669539163696
0.09918152241674225
0.1241302268263383
0.14379613058238283
0.15911854906674633
0.17090094340153225
0.17980943497805227
0.18639676304258157
0.19114697586828114
0.19453619887871818
0.19710419815367974
0.19952963411688804
0.20269835695223182
0.20774831149465242
0.21606607406831188
0.2291982160725469
0.24862505811982222
0.27532442328386947
0.3090281975948685
0.34704433939633617
0.38248092562976305
0.4016663616124182
0.38051049049556895
0.2794944984090526
0.036912700388150546
-0.7762024768682039
-0.702249364003833
-0.6159963499897645
-0.5230178059977639
-0.42865162269107837
-0.3373489759339876
-0.25240503876685166
-0.17593773556665693
-0.10901443822987314
-0.05185369703061285
-0.004051201448200838
0.03520330035013633
0.06693790961807526
0.09224914130781545
0.11219402189734737
0.1277221324989577
0.13964350795299743
0.1486272452794887
0.15522554029924684
0.1599181385202805
0.16317233458873484
0.16551316280100903
0.16759676843932553
0.17027661510140965
0.1746466458204747
0.18203725468884238
0.19392841998169583
0.211729078501093
0.2363522630989044
0.26749116016521124
0.30247155036034096
0.33452055309857276
0.3502496823340358
0.32610141712889856
0.22345227437502835
-0.01799877803266106
-0.8151630891273836
-0.7420387488185254
-0.655841393690482
-0.5623961357773885
-0.46724415070945957
-0.37499259565851795
-0.2890493862559951
-0.21160828565750447
-0.1437829281487848
-0.08581592004321778
-0.03731155303685291
0.0025415494115657794
0.03477783279507319
0.06050210533697482
0.08077948089033683
0.09656616041479538
0.1086766772726678
0.11778214883275888
0.12443395465185544
0.1291075788951248
0.13226159073191174
0.13440637027720265
0.13617569831572607
0.13839119461972355
0.14210429122728843
0.1485924426602674
0.1592750838034863
0.17549992711493123
0.19813102306392813
0.22684607027574696
0.2590212338708535
0.28804669099966895
0.3008747506636227
0.2745541696549126
0.17144868691518242
-0.06722569611831074
-0.8512962339356345
-0.7795471747080367
-0.6939509207801456
-0.6005345890822049
-0.5050164253439803
-0.4121495169054492
-0.3254554888488295
-0.24721185097952517
-0.17859020520382732
-0.11987037824154695
-0.07067823429776848
-0.030212967225126577
0.0025564072379720163
0.028735320441403957
0.04939140617360516
0.06548379250425317
0.07782934533873928
0.08710016323240044
0.09384650564089335
0.09853969678576534
0.1016298637656444
0.10361311951797009
0.10510146780825014
0.10688576766789504
0.10997702769218325
0.11560358542128468
0.12513084273394914
0.13985565385988982
0.16060867733749057
0.18707448608267815
0.21671045976706016
0.24311094000317046
0.253622290476326
0.22596685022061133
0.12357877778530929
-0.1107080638478787
-0.8847819063853403
-0.8149133661080795
-0.730435602547444
-0.6375270438285663
-0.5420547202758474
-0.44890555010000205
-0.3617139121460518
-0.2828472477293977
-0.21354535590260612
-0.15413724441649743
-0.10428239309111159
-0.06320159822067857
-0.02987671692743783
-0.0032091399775712403
0.017865788595784568
0.034306395726935106
0.04692962499897175
0.056407425276675034
0.06328858377512891
0.06804040016663335
0.0711049876602726
0.07296484960803346
0.07421119517311028
0.07560570401441336
0.0781216068707507
0.08294249544311859
0.09138669014844183
0.10471075722739394
0.12372735640702959
0.14814949592031243
0.1755449522436616
0.19975055650479612
0.20855573721087156
0.18041761882560747
0.07991558685823476
-0.14840897840891557
-0.9158209318370122
-0.8482955318947311
-0.7654240253016269
-0.6734836388458377
-0.578459929275324
-0.4853595622898944
-0.3979268289374025
-0.31862357913355493
-0.2487665621312138
-0.18874471171232773
-0.13826222058927506
-0.09657183490797834
-0.06267718676825164
-0.03549369124301203
-0.01396508541279784
0.0028623986389442867
0.015803436175556067
0.02552859281347692
0.03258476333177359
0.037435364170011656
0.04051503221607505
0.04229354825442999
0.04334265934106242
0.04439689946832574
0.04639488125565619
0.0504803321249797
0.05793185556708348
0.0699764907516915
0.0874241009539024
0.11003692213745385
0.13552072662540857
0.15799048217574213
0.1657235930373968
0.137967275766072
0.040512827802797816
-0.1803120298633923
-0.9446183684792067
-0.8798574004395253
-0.7990510177355359
-0.7085210966878667
-0.6143396259403613
-0.5216170489634647
-0.4342029075854848
-0.35465627020293666
-0.2843781337142409
-0.22382689369028458
-0.1727616037663481
-0.13047661363819243
-0.0960058062962699
-0.06828557016163092
-0.04627336152070496
-0.029023758019314207
-0.01572679589458533
-0.005714643022432896
0.0015571923364452707
0.0065483600720239584
0.00968662962733519
0.011430131275815965
0.012332783595689243
0.013104409743398932
0.014652627448418718
0.018086645086838774
0.024653087815438044
0.035560392635908336
0.05163062848494601
0.07269529608449991
0.09662422141200121
0.1178435553373282
0.12515960929602424
0.09865927190131249
0.00540454321518099
-0.206422228924323
-0.9713695092682014
-0.9097564265578966
-0.8314477693408011
-0.7427544995500128
-0.6498012779805823
-0.5577845979735987
-0.47065286317322297
-0.3910635662257858
-0.3205078334654451
-0.2595218711178062
-0.207928802276936
-0.16507354179788797
-0.13002823922178944
-0.10175694883926398
-0.07923608192605858
-0.06153237997776762
-0.04784314035406142
-0.03750474804240717
-0.029975740192468087
-0.024800174580759633
-0.021556510166284473
-0.019797058317331095
-0.018983848052967076
-0.01842898867555288
-0.01725182939840944
-0.014371928921157804
-0.00856657929977723
0.0013651011753359136
0.01627216111652008
0.03607463912807701
0.058830947949697
0.07930891524748837
0.0868807975377741
0.06251714009547929
-0.025398273385069888
-0.2267704730693393
-0.9962485973944518
-0.9381342304617717
-0.8627337515775217
-0.7762904869507316
-0.684946546764849
-0.5939651431849245
-0.5073855405090749
-0.42796333988408725
-0.3572843194584113
-0.29596969384604593
-0.24391494524758142
-0.20052383344542218
-0.1649143340845977
-0.1360846050940973
-0.11303516072193208
-0.09484876237567978
-0.0807326362046828
-0.0700290200559019
-0.06220024800824929
-0.05679412006559763
-0.053394698692148704
-0.05156344363101511
-0.05077626278328362
-0.05036414076605386
-0.04946902903954747
-0.04703316312092347
-0.04184943431148153
-0.03271340648005148
-0.018734553694115894
0.00011417720283576083
0.02210278267851156
0.04236872367432526
0.05088339521901949
0.029539478073819087
-0.05191395149188805
-0.24142140378835064
-1.0194002563336182
-0.965109226867172
-0.8930103619342125
-0.8092217619277075
-0.7198665298633449
-0.6302538406602765
-0.5445043407326194
-0.4654700012418673
-0.3948344845874172
-0.3333101067217391
-0.2808721085938589
-0.2369907093753753
-0.2008368230327314
-0.1714488992034946
-0.1478566201385166
-0.1291626686116179
-0.11458699809943657
-0.1034795071218583
-0.09530726533356931
-0.08962198069531614
-0.0860127557549735
-0.08404887765908403
-0.08321794192070399
-0.08286654511473103
-0.08215461748297254
-0.08004072383359442
-0.07532486103884184
-0.06678794379660584
-0.05348381805108829
-0.035260794491059975
-0.013615873786572879
0.006983438387952612
0.017137034039031003
-0.0003072527105648765
-0.07419902876935305
-0.25048434636192607
-1.040933535868353
-0.9907713136144416
-0.9223561323631002
-0.8416227232545177
-0.7546377437419032
-0.6667343475641843
-0.5821037578240038
-0.503691265877679
-0.43328044024020895
-0.37167974022245964
-0.31895070947490706
-0.27463699593831103
-0.237969127822022
-0.2080317910708265
-0.18388882326690476
-0.16466678297015014
-0.1496012930533606
-0.1380519125642222
-0.12949158496911975
-0.12347626223020795
-0.11959963496240858
-0.11743752983664332
-0.11648698736522103
-0.11610682715044723
-0.11547016452376868
-0.11354538317567911
-0.10913101380175208
-0.10098233989310446
-0.08808386950588669
-0.07014259707961762
-0.04840275306388618
-0.02691402218270711
-0.014422524541193978
-0.02709771838577847
-0.09235932009251316
-0.2541268668036207
-1.06091839182142
-1.0151784161406507
-0.9508232804494381
-0.8735459872131993
-0.7893185982156534
-0.7034752460945782
-0.62026576040239
-0.5427245117276318
-0.47273587167493974
-0.41120849201551535
-0.3582959440131637
-0.31362164972808876
-0.276482001927475
-0.2460136290139541
-0.2213194370459499
-0.2015538733931647
-0.18597132677168582
-0.17394322726191203
-0.16494975835430087
-0.15855166201836846
-0.15434692817501713
-0.15191673269666822
-0.15076534408942166
-0.15026037925209632
-0.1495832740841087
-0.1477056661532718
-0.1434160850613149
-0.1354334324848016
-0.12265972904771831
-0.10464503012489106
-0.08236278830811986
-0.05942478751507373
-0.0439016135101165
-0.05095797886191311
-0.10656260801045116
-0.2525903310815743
-1.0793843522295825
-1.0383546295092319
-0.9784353366798098
-0.9050195263693199
-0.8239460863493585
-0.7405263342674174
-0.6590557404094335
-0.5826524473777106
-0.5133014900915561
-0.45201482752854494
-0.39904300004881516
-0.35409494390876617
-0.3165387485995525
-0.2855684538653949
-0.260330872592535
-0.2400124141372142
-0.22388949100590516
-0.21134784103875828
-0.2018765083033787
-0.19504181970622173
-0.19044599179861443
-0.18767452431927695
-0.18623680460076447
-0.18550588099907148
-0.18466668490927088
-0.18268761063109556
-0.1783388212723478
-0.17029245795052456
-0.15735560969963186
-0.13890697363539684
-0.11563312000352999
-0.09069069565791998
-0.07145727321420783
-0.07207640252466797
-0.11705226714826841
-0.24620671207077277
-1.096321078919455
-1.0602896660594254
-1.0051855569218393
-0.9360441371976688
-0.858532405811543
-0.7779145048810197
-0.6985177562223646
-0.6235378262033056
-0.5550593230218661
-0.4941997484927497
-0.4413108010743887
-0.3961920790962494
-0.35828878387289165
-0.3268575925441409
-0.30109398098514745
-0.28022044891161496
-0.2635388532896656
-0.2504519132722224
-0.24045943105000378
-0.23313439915080145
-0.22808345677121686
-0.2248956366060294
-0.22308353027742409
-0.22202241578498152
-0.22089605532320022
-0.2186633072719329
-0.21406792308205463
-0.20572543907949242
-0.19233644582100498
-0.17309524448037567
-0.14838750174952467
-0.12090051283103598
-0.09730559720228811
-0.09071450487233756
-0.12416102275650495
-0.2354157624858107
-1.111680513529579
-1.080939306696112
-1.0310358283247671
-0.9665909559069141
-0.8930612428570606
-0.8156389560859002
-0.7386688260359092
-0.6654169745082936
-0.5980656231408368
-0.5378392208860446
-0.48519408321346064
-0.4400250299447145
-0.4018593635503197
-0.37002136631904226
-0.3437598339793506
-0.3223375260336258
-0.3050853201850029
-0.2914258307195085
-0.28087180947810564
-0.2730043140399393
-0.26743492186503853
-0.26375571233755496
-0.2614808518348594
-0.2599849210490433
-0.2584461397311487
-0.25580789274033966
-0.25077996368579625
-0.24191215947392783
-0.22778808164311778
-0.20740618940821318
-0.18083952577290016
-0.15029506282554392
-0.12172908633857508
-0.1072169039686401
-0.1283239466300646
-0.22078155991327786
-1.1253803035658472
-1.100226570007482
-1.055915801905403
-0.9965987750189453
-0.9274834907366013
-0.8536655242903747
-0.7794920806014627
-0.7082919602740747
-0.6423422385327694
-0.582974920371682
-0.5307536767770314
-0.48567251052285837
-0.447345366649667
-0.4151688132420438
-0.3884494934500021
-0.3664946107753015
-0.3486677773938847
-0.33441465063442805
-0.32326342660637625
-0.3148049732942956
-0.30865668913449523
-0.30441358809020014
-0.3015901594686729
-0.2995577511031455
-0.297485098979795
-0.2942946958508481
-0.28865547676478964
-0.27904332168915214
-0.26391565542602435
-0.2420654837508328
-0.21324406306664195
-0.17917057978479936
-0.14508223604374743
-0.12201952118681891
-0.13008971456238727
-0.20300733561142734
-1.137308239688435
-1.118043358382208
-1.0797220387054898
-1.0259709747815886
-0.9617122430201793
-0.891920005250459
-0.820928665224091
-0.7521213148991498
-0.6878663774383325
-0.6296032468065442
-0.5780049601601993
-0.5331680398087036
-0.4947971273232589
-0.4623654242948123
-0.435241773227323
-0.41278197902003466
-0.3943862073687272
-0.3795265221265177
-0.3677493601352702
-0.3586575101946073
-0.3518754836024683
-0.3470015580046913
-0.34354976505676804
-0.34088619655430785
-0.33816674415540376
-0.3342882855235932
-0.3278729055900038
-0.317315516593147
-0.300939735530223
-0.27732561357030244
-0.2458963097629132
-0.20787958195095188
-0.1677945520900231
-0.1356551121128497
-0.13012909098286218
-0.18294742458102037
-1.147327502716088
-1.1342524167077606
-1.1023170412029204
-1.054571975940364
-0.9956170016833586
-0.9302804347331713
-0.8628683919015058
-0.7968093360005342
-0.7345588201704328
-0.6776626822907108
-0.6269045792387513
-0.5824862157923754
-0.5442064354485254
-0.5116190212728442
-0.4841591250306155
-0.46123522320376087
-0.4422879099969435
-0.4268192010038629
-0.41439685776810775
-0.4046380739570305
-0.39717620919757834
-0.3916136377254311
-0.38746371679871827
-0.38408589525057857
-0.3806205965264575
-0.37593524399786804
-0.3686001701899335
-0.3569236867309666
-0.33908980925415094
-0.3134605520796855
-0.27912785220605385
-0.23682857186698017
-0.19037018459169047
-0.14875519226586428
-0.12923957105472578
-0.16161512314362342
-1.1552826204063626
-1.1486895496756766
-1.1235281602389824
-1.0822232463744017
-1.0290171724482522
-0.968568438713612
-0.9051392862525565
-0.842194147567977
-0.7822707828269921
-0.7270197221545666
-0.677335682598643
-0.6335274653624665
-0.595490985551342
-0.5628640639354416
-0.5351519390129894
-0.5118196588947803
-0.4923521071471031
-0.4762849256512946
-0.46321054168991516
-0.45276340677747995
-0.4445879321433597
-0.43829198117144846
-0.4333886734310545
-0.42923018912175165
-0.4249397577272227
-0.4193525913549715
-0.4109837025557624
-0.3980508492943153
-0.37859479710671556
-0.3507572012557522
-0.31329921080853324
-0.26647190293682366
-0.21338339030516035
-0.1620474280904856
-0.12834510089538467
-0.14018521450055657
-1.1610061725366945
-1.1611661908064226
-1.143146522695321
-1.1086990562219687
-1.0616750884046502
-1.0065399372766328
-0.9474963530344851
-0.8880348771190518
-0.8307698242553342
-0.777453797840032
-0.729092114489482
-0.686101729971716
-0.6484777470699352
-0.6159448670864193
-0.5880817416213265
-0.5644136108755515
-0.5444733999563663
-0.5278341064345322
-0.5141163716375056
-0.5029751057908386
-0.49406845406444155
-0.4870117677676279
-0.4813191032923237
-0.4763356318531032
-0.47116672654133634
-0.4646139206242935
-0.4551349233040995
-0.44085495723153184
-0.4196703668713798
-0.3895032592649919
-0.34878839975729276
-0.2973012157755286
-0.23746908269084582
-0.17634759808710912
-0.1284898153296674
-0.11998992509565537
-1.1643264607793502
-1.1714726026443436
-1.1609263191260015
-1.1337223769907183
-1.0932890099684012
-1.043875698851916
-0.9896101011965749
-0.9339985306061143
-0.8797254120444892
-0.8286418374369121
-0.7818622359444983
-0.7399117766401924
-0.7028859588048949
-0.6705984376274929
-0.6427040016563231
-0.6187912838380888
-0.5984447713189394
-0.5812785012968734
-0.5669450120304228
-0.5551231805512665
-0.5454880426235775
-0.5376650769660918
-0.5311712656296677
-0.5253460366290421
-0.5192774743881479
-0.5117334691993096
-0.5011142896434352
-0.4854529226965409
-0.46250295598314967
-0.42997129625485386
-0.38597514859819393
-0.3298299430355444
-0.2633078100014802
-0.19254529458068192
-0.13082478230739758
-0.10250710767637708
-1.1650765799419331
-1.1793822157706209
-1.176585026130395
-1.1569615623752134
-1.1234867973728195
-1.080172494725316
-1.0310556271713889
-0.9796474072833223
-0.9286950277467277
-0.8801433762923042
-0.8352133126625216
-0.7945370927674357
-0.7583107193384605
-0.7264379098524343
-0.6986515221962387
-0.6746061874001762
-0.6539410877118117
-0.6363148082366299
-0.6214155022631833
-0.6089497651440114
-0.5986131301450339
-0.5900445029309289
-0.5827666602477869
-0.5761156738226164
-0.5691643034476568
-0.5606485545814849
-0.5489132365041379
-0.5319020080355089
-0.5072305799906296
-0.47239897782774193
-0.425220575270806
-0.3645725109828881
-0.2916046165562678
-0.21158263609466624
-0.13658682641829964
-0.08933951334905615
-1.1631055919424862
-1.1846578869474573
-1.18980541805003
-1.1780287346978902
-1.1518212437429003
-1.1149359005478208
-1.0713033560719225
-1.0244282011618504
-0.9771119986664899
-0.9313874392289399
-0.8885777186106155
-0.8494196340974987
-0.8142084558522344
-0.7829378669337023
-0.7554197040333829
-0.7313763907009386
-0.7105043568754317
-0.6925099038291022
-0.6771204230932013
-0.6640741324955562
-0.6530910730229211
-0.6438275377533047
-0.6358158995099052
-0.6283924880946244
-0.6206182618909051
-0.6112010432084385
-0.5984345629016528
-0.5801790084554063
-0.5539207118205397
-0.516965569724421
-0.46684228090295815
-0.4020180326262796
-0.32306139394598166
-0.2344253962030725
-0.14706862342806726
-0.08218411726367217
-1.1582928160129022
-1.1870611764484535
-1.2002405491954578
-1.1964811336579078
-1.177768394979859
-1.147576134414858
-1.1097128872521527
-1.0676642856724914
-1.0242765960120017
-0.9816627700956473
-0.941242559487691
-0.9038530506209755
-0.8698859087352512
-0.8394231903028045
-0.8123553180728181
-0.7884732309498056
-0.7675323435616586
-0.7492892984949076
-0.7335140887042748
-0.7199804894660604
-0.7084373893659262
-0.6985630691167667
-0.6899042664171786
-0.6818025055110936
-0.6733121825200131
-0.6631188029165261
-0.6494720866169775
-0.6301579100178485
-0.6025457638101579
-0.5637650915046082
-0.5110850572127666
-0.442598493281956
-0.35834251979919585
-0.26202612968812156
-0.16357941604785248
-0.08279060344982758
-1.150566610684675
-1.1863661140566337
-1.2075232638660438
-1.2118270660236548
-1.2007305697934811
-1.1774087126213972
-1.1455317859080838
-1.108553076325501
-1.069352339590721
-1.0301133862383076
-0.9923447227980576
-0.9569774178143658
-0.9244946712623326
-0.8950634790495321
-0.8686508223667003
-0.8451154955910226
-0.8242725371777765
-0.8059307664253856
-0.7899056760910189
-0.7760104074943022
-0.7640272619010477
-0.7536617005527342
-0.7444805766263327
-0.7358369465985458
-0.726785746874176
-0.7159984150457165
-0.7016907047059562
-0.6815870092629258
-0.6529569946325126
-0.6127767639340428
-0.558087660313682
-0.48665167769516127
-0.3980338145327147
-0.2952790934427101
-0.18739590084391072
-0.09290829636711714
-1.1399294377154923
-1.1823793449313924
-1.2112822195248443
-1.2235385286475295
-1.2200462318703424
-1.2036621470207671
-1.1779016086548924
-1.1461708151162187
-1.111369900152733
-1.0757418876311111
-1.0408738139279194
-1.0077819530178922
-0.9770337750443261
-0.9488755311719144
-0.9233467067135235
-0.9003715418150254
-0.8798239053019584
-0.8615655435639947
-0.8454596335035744
-0.8313621675291396
-0.8190935102567607
-0.8083920119221435
-0.7988513634236076
-0.7898439533412032
-0.7804343591332357
-0.769290793924678
-0.7546083577978283
-0.7340668291996596
-0.7048579989182229
-0.6638337169777024
-0.6078464126839125
-0.534379380844692
-0.4425951238183699
-0.3349670204338162
-0.2197030799031217
-0.11422105253821013
-1.1264914678721714
-1.1749690231670544
-1.2111668912407623
-1.231073065324395
-1.2350093589656281
-1.225495404635787
-1.205873950921609
-1.1794876227801296
-1.1492414945548073
-1.1174234554540865
-1.0856859429057022
-1.0551187015466583
-1.0263633155155885
-0.999736880106642
-0.9753448466477521
-0.9531723126066378
-0.9331493583307958
-0.9151899734185672
-0.8992061904227084
-0.8850997723313138
-0.8727337039789927
-0.8618853371394632
-0.8521828554647481
-0.8430272795915235
-0.8335040455574191
-0.8222917820848005
-0.8075818052222922
-0.7870305632106555
-0.7577793211851195
-0.7165912953664801
-0.6601767506537892
-0.5858017849378021
-0.49230715893212496
-0.3817001127937559
-0.2615251612019937
-0.14826989781012112
-1.1105155160034546
-1.1641053549973597
-1.2068845655194966
-1.2339079631662742
-1.2449015032634434
-1.242028403398121
-1.2284398601663717
-1.2073962233610618
-1.1817892287404144
-1.1539340354521903
-1.1255318870672715
-1.097730736925187
-1.0712326700383794
-1.0464139360672986
-1.0234364017903275
-1.0023387579766225
-0.9831023955517851
-0.9656910203514093
-0.9500653255115598
-0.936174906573674
-0.9239296076098162
-0.9131521480282345
-0.9035137201242871
-0.8944547878236578
-0.8850950783488525
-0.8741402616519004
-0.8597985783214811
-0.8397292262169596
-0.8110561702305907
-0.7704967192580205
-0.7146742405917141
-0.6407092754676758
-0.5472136013183164
-0.4358479773391869
-0.31364693119002623
-0.1963635169468169
-1.0924766807236166
-1.149916287850299
-1.1982529315217727
-1.2315904989338262
-1.249040346273613
-1.252389430234143
-1.2445765739410861
-1.2287583625295637
-1.2077914617160552
-1.1839968200721258
-1.1591037732479728
-1.1342990370403814
-1.110327476877091
-1.0876088949234153
-1.0663484035327602
-1.0466277760860387
-1.0284720043214162
-1.0118896659709626
-0.996888138820111
-0.9834657081150004
-0.9715827244872716
-0.9611137001713406
-0.9517821031810996
-0.9430801432169928
-0.9341775603160178
-0.9238268485620172
-0.9102779934671624
-0.8912241938434111
-0.8638116980304618
-0.8247623311599316
-0.7706770456396782
-0.6986134121629909
-0.6070599042102656
-0.4974656361414439
-0.37652641450136215
-0.25947707500291156
-1.0731407148931165
-1.1327624984348734
-1.185272540020457
-1.223808612758367
-1.246849222430454
-1.2557840417814905
-1.2533162183327486
-1.2424736192836268
-1.2260519428602088
-1.2063518227539904
-1.1851051019934538
-1.1635128756312354
-1.1423402189359222
-1.1220302502755697
-1.1028138464954145
-1.0848014542505624
-1.0680505443811827
-1.0526068589385311
-1.038520222810511
-1.0258368549810317
-1.0145703392136864
-1.0046532213028434
-0.9958711109096549
-0.9877817013223238
-0.9796228011748006
-0.9702168191514308
-0.9578846769225833
-0.9403903679234351
-0.9149488510304981
-0.8783451896336995
-0.827232338971396
-0.7586992688172498
-0.6712307056069078
-0.5662152087945304
-0.45020008155994223
-0.3381402768721046
-1.0536658695341465
-1.1133365553538972
-1.1682241278858196
-1.2104871185151136
-1.2379528210393087
-1.2515907464183127
-1.2538418428882028
-1.247576052689233
-1.2354972176364603
-1.2198540804642048
-1.2023496782288354
-1.1841693089836065
-1.166069994370121
-1.1484924796289455
-1.131670829742579
-1.1157251169128852
-1.1007300712678723
-1.0867574045148385
-1.0738923361340138
-1.0622261745644561
-1.0518271525976763
-1.042691607789836
-1.034677556055948
-1.0274232506448786
-1.0202549703376658
-1.0120915608892913
-1.001358683371154
-0.9859338230936295
-0.9631544041208556
-0.9299363579588015
-0.8830697317283411
-0.8197819119529995
-0.7386883059218677
-0.6412853843574365
-0.5341823677513435
-0.4323160551538269
-1.035733738465251
-1.0927919219933995
-1.147796601018862
-1.1919153593773606
-1.2223050788881662
-1.2394895716254264
-1.2456169753980997
-1.2433649337821548
-1.2353086057054248
-1.223606829202451
-1.2098958204594308
-1.1953081435835093
-1.180557859581704
-1.166051275748338
-1.1519970899614458
-1.1385004792038833
-1.1256333388793067
-1.1134779601123643
-1.1021444571319758
-1.091763746961962
-1.0824583599101327
-1.0742933426808126
-1.067209527262223
-1.0609419989847175
-1.0549282272341765
-1.0482135431624284
-1.0393669812889754
-1.0264284670611135
-1.0069194511583173
-0.977963884517074
-0.936585416639758
-0.8802704046612247
-0.8079152628050804
-0.7213113821937025
-0.627361830407528
-0.5412718196454803
-1.0217154863886866
-1.072908326247895
-1.1252523340847227
-1.1689130864008797
-1.200356148312934
-1.2196304955886101
-1.22855575648278
-1.2295766902634566
-1.2250959331492988
-1.217136874406927
-1.2072230965043
-1.196389644411107
-1.1852650013040849
-1.1741815620000422
-1.1632871323276062
-1.1526410632859747
-1.1422865741507648
-1.1322961495989545
-1.1227901333625436
-1.1139303058093912
-1.1058908461153665
-1.09880916225999
-1.0927191448737188
-1.0874699849145348
-1.0826353111800433
-1.0774205726945003
-1.0705818339735773
-1.0603769889888492
-1.0445813532544728
-1.020614183765934
-0.9858414244605751
-0.9381434013675103
-0.8768648175959848
-0.8042987447018739
-0.7278968946973435
-0.6634458069543305
-1.0148807720253104
-1.056300957610248
-1.1026373837400985
-1.1430422799664182
-1.173266270384286
-1.1928496689925399
-1.203241662396128
-1.2066061407876756
-1.205121149646749
-1.2006203265275843
-1.194459780594897
-1.1875231881383326
-1.1803019360746698
-1.17300646835874
-1.1656800981945783
-1.1582979628932972
-1.1508420390890155
-1.143348724724521
-1.1359289516797348
-1.1287626400640274
-1.1220700629536244
-1.1160628796532295
-1.1108777373222267
-1.1064959559558813
-1.1026544211765013
-1.0987559339940143
-1.0937924275655115
-1.0863021789444969
-1.0743929397885017
-1.055877304913859
-1.028585152374437
-0.9909411443224698
-0.942923595209967
-0.8875550138340176
-0.8331148292441892
-0.7963117385408558
-1.019657682772943
-1.046681961893496
-1.0830452259088923
-1.1168736511541781
-1.1431754027799002
-1.1609423747678198
-1.171203847451581
-1.175786119073126
-1.1765809845727881
-1.175167894144554
-1.1726702470133745
-1.1697560833342537
-1.166717949998748
-1.1635864553889437
-1.160247514667613
-1.15654504196155
-1.1523593897087105
-1.1476576894242103
-1.1425159331210828
-1.1371146715245415
-1.1317111149688226
-1.1265907263891741
-1.122001614043667
-1.1180756854458727
-1.1147421343856019
-1.111641920786425
-1.1080569894211254
-1.1028755791051847
-1.094625619839373
-1.0816224224011366
-1.062295154016266
-1.0357794859028664
-1.0028918145945263
-0.9676341199442834
-0.9394183495112197
-0.936245732562651
-1.0419530808737478
-1.049183791968205
-1.070943719647257
-1.094317655246019
-1.113538549426821
-1.1270027727366292
-1.1352612375858717
-1.1397356883666072
-1.1419588957567104
-1.143180025487162
-1.1442126119071807
-1.1454328734924084
-1.1468610819302314
-1.1482788595090998
-1.149351152161043
-1.1497337285839506
-1.149155910328223
-1.1474743644966334
-1.1446977107022347
-1.1409839280824956
-1.1366136174040773
-1.131942598537369
-1.1273376257586283
-1.1230997033758918
-1.1193811029983203
-1.1161052423028246
-1.1129036043223282
-1.10909137701237
-1.1037139960725024
-1.0957108006317
-1.0842600823782818
-1.0693924449502505
-1.0529871128270571
-1.0402991585040884
-1.0422050743123374
-1.078400221793211
-1.0895439258227753
-1.0707551420012469
-1.0725761728613623
-1.0810310251573139
-1.089537916752992
-1.0958416552691557
-1.0999456864191461
-1.1027883265784655
-1.1054577436195763
-1.1087833666661722
-1.1131781101068356
-1.1186366108817307
-1.1248201216435354
-1.131179296820616
-1.1370823748021712
-1.1419287183472053
-1.1452368478173234
-1.1467025088730698
-1.146226478780355
-1.1439142543730663
-1.1400510009357474
-1.1350556957318778
-1.1294187935342732
-1.1236284952401268
-1.1180923353996988
-1.1130638411802296
-1.1085889748509055
-1.1044944752361345
-1.1004505816686228
-1.096154477706313
-1.0916986521837235
-1.0882107629742002
-1.088879025070537
-1.1005101501731023
-1.1358059608322904
-1.21659050925166
-1.1725513863416002
-1.120641445378579
-1.0964486412069696
-1.0849110912992521
-1.0785842819831966
-1.074494701820564
-1.0720167673532859
-1.0715127242768538
-1.0735258842394613
-1.0783612639766749
-1.085924950300685
-1.0957248424958848
-1.1069613438544714
-1.118657607342239
-1.129795607641561
-1.1394371340011098
-1.1468182963558093
-1.151412831991397
-1.152963912541331
-1.151486802245199
-1.1472461290928502
-1.1407122216527026
-1.1325014569616594
-1.1233063797634029
-1.113823011547009
-1.1046857901844693
-1.096425488419377
-1.0894727729452511
-1.084240306256341
-1.0813299817818702
-1.0819295399519824
-1.0884849597158885
-1.1057621775652722
-1.142444375234603
-1.213449818880047
-1.3432005476059072
-1.3040108902868128
-1.2109632553943501
-1.1539169335177029
-1.1166914987725098
-1.0909213049611637
-1.072835067175347
-1.0610821223820366
-1.0553401843006327
-1.055490720166283
-1.0611923808697163
-1.071720732392385
-1.085974386343192
-1.1025740316749695
-1.1200023492408326
-1.1367498666680573
-1.1514450040058455
-1.1629563916687573
-1.170462532275331
-1.1734885479969617
-1.1719126259111428
-1.1659463665211245
-1.1560940759866163
-1.1430966416327846
-1.1278665138931454
-1.111422006921536
-1.0948321456047165
-1.0791881495459497
-1.0656248756965816
-1.0554256616128792
-1.0502575417346371
-1.05260127054601
-1.06646249991309
-1.098477344222702
-1.1595579470979955
-1.2672620583646066
-1.4491155605116455
