Predicted value
-1.2236001588734924
-1.156509286528495
-1.0849368160352455
-0.994974407284908
-0.8777980543817243
-0.7288805129722631
-0.5472547796306313
-0.3348286232996571
-0.09575016878802889
0.1641754676766083
0.4380184908385747
0.7182056867491355
0.9969506310455036
1.2666328451738882
1.5201259005565682
1.7510744707030192
1.9541203312650632
2.125077308036062
2.2610551728941464
2.3605324876894827
2.423378396075572
2.4508233632845964
2.445378863846788
2.4107060172538497
2.3514331715664007
2.2729224349654658
2.1809851552479973
2.0815463472664444
1.9802580683123385
1.882061741443943
1.7906994267579095
1.7081740406050026
1.6341585227498352
1.5653539514746546
1.494796606627161
1.411113980612373
-1.1264335207786598
-1.0614743621525964
-0.9951046206448559
-0.9130467917790721
-0.8061120698958595
-0.6694138773030001
-0.5016324454816057
-0.3043304483482516
-0.08131968757306418
0.16192117004623086
0.41877780315428437
0.6819803943521511
0.9440327366553456
1.1975902878959368
1.4357871730686769
1.6525121346211755
1.8426334306880991
2.0021726812694207
2.128427662352691
2.2200440479793633
2.277036100255136
2.3007563073043555
2.2938139691684323
2.2599427316483123
2.203817068090972
2.130817709119963
2.04674602030998
1.9574873278054779
1.8686231918833176
1.7849926284594524
1.710202278539649
1.6460855256142501
1.5921105609969692
1.5447373971077267
1.4967238286995066
1.4363803420292873
-1.0284368532817805
-0.964478339182488
-0.9021229106005126
-0.8267379334292628
-0.7287834681109224
-0.6030269006075906
-0.44780862542839595
-0.264358780712572
-0.056165035368501925
0.17160857173128496
0.4126517404991459
0.6599869663253932
0.9063975447154055
1.1448045238707731
1.3685926052144768
1.5718849918601103
1.7497671850251346
1.8984597283881721
2.0154399003903345
2.0995123544805923
2.1508287073051733
2.1708560748410104
2.162294556473214
2.1289436670165878
2.07551771668118
2.0074101389818724
1.9304067665920048
1.8503480551410376
1.7727402549562532
1.7023155307484847
1.6425410292418987
1.5950768947477978
1.5591832326824715
1.5310760210290772
1.5032319697435632
1.463642328104621
-0.9314370203946698
-0.867450993842314
-0.8080203685390366
-0.7381712217980203
-0.6480259523409191
-0.5320190130899554
-0.3881636960159818
-0.21736996904250816
-0.022813365005692088
0.1906450773297126
0.4169878201984363
0.6495187817068192
0.8812902386489684
1.1054786772669545
1.3157095919550394
1.5063312319079523
1.6726372957131939
1.8110385738873775
1.9191835393566112
1.9960278858809173
2.0418530144226787
2.058233467459141
2.04795331123893
2.0148714659826243
1.9637359840273527
1.8999472759154337
1.8292702844270536
1.7574956065569758
1.6900495634352937
1.6315532181922128
1.5853303417668794
1.552864326660237
1.533204048631923
1.522318676341209
1.5124014289319643
1.4911222815616645
-0.8370153764436621
-0.7720731727540935
-0.7145735279298631
-0.6492148780666191
-0.5657952386560896
-0.45842903919912903
-0.3248150098747242
-0.16555512026497787
0.016475429863958224
0.21670716772498144
0.4294042526171682
0.6481413289769504
0.8662293273733276
1.077090213447105
1.2745806847941827
1.4532648157928736
1.6086356503752608
1.7372857427425905
1.8370266460247031
1.9069573488835005
1.9474816600604519
1.9602745408681332
1.9481973856258081
1.915162250039041
1.8659450275233507
1.8059475734718984
1.7409087774672145
1.6765645834369627
1.6182569577537396
1.5704918052789079
1.536445833350478
1.5174223637150108
1.5122560924035682
1.5166667975517
1.5225619951634668
1.5172885428194895
-0.7465236596872282
-0.6797926953628695
-0.6233226843077073
-0.5614978750752586
-0.4838049847306305
-0.38405113528451373
-0.2596328421831444
-0.11085605485423189
0.05969275069115576
0.24772442720073817
0.4477739594672101
0.6536762155584623
0.858990645991843
1.057374930852454
1.242907574855483
1.4103594503525743
1.5554142882822377
1.6748381170642892
1.7665976494383377
1.829927617246296
1.8653470541589414
1.8746245263465058
1.8606923110933047
1.8275095233564005
1.7798741902683108
1.7231842735837426
1.6631476400703706
1.6054409798436522
1.5553176726456783
1.5171646020680543
1.4940079177188352
1.4869677453334766
1.494661844829837
1.5125582163072182
1.5322766539894266
1.5408392481118875
-0.6610994392159659
-0.591839809644215
-0.5355873597876109
-0.4764254106456409
-0.40354227197279124
-0.31045028053350165
-0.19425589041306868
-0.054980815384526815
0.10506577666851347
0.2818640172730724
0.47020903883202836
0.6641856240333959
0.8575918032036348
1.0443113996049957
1.2186355226769057
1.375533009221387
1.510869812532519
1.6215773394699258
1.705769735476316
1.7628101175390436
1.7933257550957191
1.7991721988838492
1.7833463577345163
1.749848523310095
1.7034933427860062
1.6496697394765047
1.5940497814045091
1.5422464978154626
1.49942064363524
1.469836411872074
1.456366093962544
1.4599436880615775
1.4789674552765004
1.5086514238451314
1.5403258412578893
1.5606865743239595
-0.5816811151349661
-0.5092422010941364
-0.45248132086236836
-0.39519393418591653
-0.3262826409373547
-0.23897732119148074
-0.1301063273571681
0.0005812716348034819
0.15104239408796305
0.3175155972403987
0.4950456769090421
0.6779572150779933
0.8602770754308833
1.0361058468272661
1.1999382347230572
1.3469324005350038
1.4731282489491937
1.575614663173598
1.6526456881346556
1.7037056616178905
1.7295232933525693
1.7320346920403924
1.7142953403282244
1.6803410177248612
1.6349976714618322
1.583640235298243
1.5319003962696511
1.4853233093809797
1.448973260243473
1.426988275655678
1.4220836821284752
1.4350046123541382
1.4639274596194345
1.5038102801627566
1.5456921434753017
1.5759414305462807
-0.5090224720285814
-0.4328395550013644
-0.3749271494823363
-0.31880572657802464
-0.2531046800205008
-0.17078356806422867
-0.06840440743887521
0.05454498064191693
0.19627657241578733
0.3532766914509651
0.5208295064696016
0.6934894771151455
0.8655027476637543
1.0311774886797398
1.185203186615055
1.322918881352816
1.4405303516948598
1.535276248793338
1.6055431775263531
1.6509297258176248
1.672259441900198
1.6715427595241843
1.6518878711085443
1.617360548836904
1.572792913697407
1.5235411524666078
1.4751921826373993
1.4332192652909765
1.4025865659128394
1.3873026631528298
1.3899230055292109
1.4110013160767751
1.448489944938994
1.4970891699042141
1.547545444885861
1.5858985963467207
-0.4437067857075432
-0.3632976720019938
-0.3036703674176162
-0.24808303334740778
-0.18490416743704507
-0.10683494730267551
-0.01018262630467115
0.10581501862263454
0.2396141870852706
0.3879385032879765
0.5463014120365883
0.7094775226844631
0.8719229010229423
1.0281443091158478
1.173017393078018
1.3020538187978798
1.4116173556040583
1.4990889078760223
1.5629804945987662
1.6029981768615302
1.620053933300559
1.6162264834858937
1.5946710592522018
1.559478123973646
1.5154810397827898
1.4680126827335345
1.4226110059081036
1.3846735504680523
1.3590609046493243
1.3496491107013369
1.3588310197701121
1.3869665947254326
1.4317821609320478
1.4877186049649094
1.5452285212684433
1.5900223067598587
-0.3861604832384886
-0.3011221369165469
-0.2392931139026242
-0.1836817511151012
-0.12240776648006291
-0.047925704470053176
0.04370056630122843
0.1534723034282397
0.28007928900697077
0.42047217587233865
0.5703837817796285
0.724799331529967
0.8783756470398345
1.025809285354614
1.1621536246061746
1.283084897914498
1.3851171752333349
1.465766293139902
1.5236627325686163
1.5586134444888633
1.5716126235268073
1.5648014295312334
1.5413766570834277
1.5054483529510978
1.461846381486326
1.415875937967562
1.3730220098856507
1.3386027861738976
1.3173720143821743
1.3130703057950541
1.3279253884939912
1.3621013083635343
1.413096578041575
1.4750912738136344
1.5382430804511893
1.5879322839940384
-0.3366663562558436
-0.24667154086937781
-0.18222737656304577
-0.12610466733221193
-0.0661862740628889
0.0053083381085734516
0.09254750037982618
0.19676068881089726
0.3168608207966066
0.4500154994830192
0.5921672061279317
0.7385024404053981
0.8838698086542933
1.0231470600709094
1.1515570708455936
1.2649327762434213
1.3599310506289068
1.4341955354347466
1.4864684150746077
1.5166511407999452
1.5258141025008607
1.5161552484509975
1.490907652996471
1.4541960321888392
1.4108422073621052
1.366119516653761
1.3254561744698679
1.2940875788941686
1.2766575670412463
1.2767686183537088
1.2964810058434186
1.3357608952767577
1.391877392303925
1.4587485375322768
1.5262362495437003
1.5793902158560247
-0.29537632755611654
-0.2001702566904875
-0.13276777562515552
-0.07571425329677917
-0.01666742254350284
0.05237697071439529
0.13580846623790133
0.23507413617668527
0.34929977972056925
0.4758600656950325
0.610897623100745
0.7497910795971457
0.8875720479300561
1.0192910603033278
1.1403324506945292
1.2466781851146707
1.3351206398119635
1.4034243274196168
1.450436571047673
1.4761471263188786
1.481696751348591
1.469334724668725
1.4423253110957348
1.4048031755426313
1.3615777447750397
1.3178865171112903
1.2790973200665505
1.2503595159409888
1.236204155351981
1.2400930787103464
1.2639169656406333
1.307442332345421
1.3677074769136848
1.4383673725731727
1.508987508886836
1.564286680893293
-0.2623237709745361
-0.16172076759969745
-0.09108390140753464
-0.032745010453003154
0.025851765168707352
0.09292323232057376
0.17306934176619326
0.2679443330562541
0.3768768273590515
0.49743886823504124
0.6259639103554286
0.758013756164795
0.8887944404877599
1.0135210630796814
1.1277315691213927
1.2275494776579772
1.3098955579815788
1.3726484539582475
1.4147542562988282
1.4362850227738784
1.4384462463726286
1.423533271405978
1.3948366575535256
1.3564964918546392
1.3133056486435655
1.270461997428567
1.233269558715108
1.2067886077730665
1.1954347263479939
1.2025268023163995
1.229783977285083
1.2767715421344974
1.3402957805061515
1.4137477602340476
1.4863960727201544
1.5426285202539294
-0.23743538454409663
-0.13131554917322452
-0.05723220509515947
0.0026846300271339274
0.06119306722380058
0.12671149339556198
0.20403966643520333
0.2950287582931015
0.39920034598679344
0.5143143505545766
0.6368859239531519
0.7626512838992965
0.8869824966555802
1.005251207760113
1.1131413207003367
1.2069106235308433
1.283601363435243
1.3411997692320572
1.3787445218246548
1.3963841725952262
1.39538350974279
1.378078872565239
1.3477824136854257
1.308635309221278
1.2654099168999584
1.2232608821160582
1.187425191933825
1.1628711770334335
1.153896461601288
1.1636748611643635
1.193752228368586
1.243491246701244
1.309465172157445
1.3848005228506026
1.4584687165669594
1.514526656264156
-0.22054261693697264
-0.1088485045926113
-0.031167442795868805
0.030560854379864555
0.08928560115976225
0.15361598542406307
0.22854116200861774
0.3160991939494666
0.4159949416714528
0.5261669001208809
0.6433029838422046
0.7633052599987512
0.8817036293374908
0.9940184550978317
1.0960721398644617
1.184249650364222
1.2557079902070187
1.3085346205707717
1.341854828830399
1.3558880451308415
1.35195310690412
1.3324224713304327
1.3006253757432884
1.260699945978677
1.2173942526682755
1.1758163154766925
1.1411330552827503
1.1182181943048008
1.1112491041700814
1.1232526019281077
1.155599694008101
1.207449268120453
1.2751407331022295
1.35153560670671
1.4253080513369651
1.480184357723469
-0.2113926471883225
-0.0941259531760581
-0.012753672879221245
0.0509634601032678
0.1101548089485922
0.17360977714558823
0.24649669997434742
0.3310306839298425
0.4270903940895918
0.5327837894253675
0.6449628060589326
0.75968698846182
0.8726360685991459
0.9794714930174626
1.076146897876644
1.159167531925815
1.225798627423309
1.2742227190006705
1.3036459104706895
1.3143530895794735
1.3077120907025601
1.2861268054850608
1.252939241425846
1.2122805284057663
1.1688708731599085
1.1277684616938912
1.0940673096441964
1.072544060582536
1.0672537322642601
1.0810744108207953
1.1152008928961283
1.168587275727317
1.2373384951690487
1.314050811662225
1.387101244146594
1.4398859519174074
-0.20965891770245815
-0.08687717219213109
-0.0017748065977221117
0.06405529652850595
0.12391188876002479
0.18675419751064992
0.2579197156931876
0.33979093932211235
0.4324110530602827
0.5340485637096988
0.6417108816462903
0.7516068501987455
0.8595582229713773
0.9613600891110219
1.0530902465179803
1.1313675230009932
1.1935590453762528
1.2379364565104531
1.263781080307876
1.2714380346415135
1.2623192922282307
1.2388556894479608
1.2043978831069395
1.1630662551449757
1.119549765286762
1.078853751637216
1.0459966792208646
1.025655836465261
1.0217619796284438
1.0370429251704245
1.0725160900687216
1.1269299800779247
1.1961546259332985
1.2725209674984237
1.344109185856873
1.3939859833479247
-0.21495122054141014
-0.08676449195584413
0.002055288009560119
0.07007215210867956
0.1307436734428573
0.19318870535456578
0.262904069265099
0.3424301904563012
0.4319656817963349
0.5299308754094882
0.6334803022900122
0.7389641198600021
0.8423384874713129
0.9395248898515074
1.026718408493851
1.1006449409913335
1.1587673683147337
1.1994406700347198
1.2220159874879852
1.2268936348874229
1.2155250583763353
1.1903637430266838
1.154765067781371
1.1128351083405637
1.069228387992051
1.0288945763856394
0.9967741362515856
0.9774429180630645
0.9747057026426773
0.9911386917129921
1.0275809463911267
1.0825747736273632
1.1517550605878015
1.2271875569810557
1.2966561053289714
1.3428988191814017
-0.2268253369958666
-0.09339294420712285
-0.0009168710689961834
0.0693130884253148
0.13090295572390875
0.19312120578888914
0.2616143531131083
0.3390714856809489
0.42583774687314013
0.5204767653156168
0.6202820326724057
0.7217372293825584
0.8209254983411161
0.9138876665241111
0.9969294145576075
1.0668773942307765
1.1212842939530125
1.1585828521550792
1.1781888186343015
1.1805528638437859
1.1671614361256837
1.1404865668884887
1.1038846237283726
1.0614440114945551
1.017781821298715
0.9777894274684356
0.9463270324446854
0.9278671596233401
0.9260870941407389
0.9434102716032753
0.9804966147610328
1.0356818181254455
1.1043655805310095
1.1783487856410195
1.2451196303973449
1.287088701414251
-0.24479223043848997
-0.10631946377165669
-0.010293590285943566
0.062131220912460705
0.12469926012458821
0.18681881331044825
0.2542766462848238
0.32990143685710094
0.41417615491513826
0.5057993904531736
0.6021956295437625
0.699974478253762
0.7953388345043433
0.8844420078750477
0.9636937873518729
1.030015457019404
1.0810437596969749
1.1152838085188688
1.1322109464585584
1.132321553796977
1.117132803534834
1.0891313647489598
1.051671053892694
1.0088194340403058
0.9651533620754543
0.9255034838236851
0.894647677128962
0.8769534428742389
0.8759692439460655
0.893964792143231
0.9314202830294478
0.9864645787300634
1.0542623386728227
1.1263500982726518
1.189921295560496
1.2270602457561761
-0.26832679245962066
-0.1250616435041234
-0.02563476428551681
0.04892494629840538
0.11249006159508657
0.1745990616280153
0.2411697154715755
0.31516141156992084
0.3971864359999001
0.48607019867801016
0.5793604075113883
0.673785190492843
0.7656601657399197
0.8512444594780056
0.9270456719674683
0.9900737913748342
1.0380440555880033
1.0695287619754985
1.084058025089757
1.0821694823144514
1.0654069474558554
1.0362680122782402
0.9981005959833118
0.9549484426336825
0.9113455665203821
0.8720596454744042
0.8417843621222891
0.8247806930857438
0.8244671461253026
0.8429589452280166
0.8805561636391901
0.9351808048381454
1.0017628314580276
1.0715751421496509
1.131517496389372
1.1633493872310101
-0.2968761422853552
-0.1491060425137989
-0.04646619293676757
0.03012961676501824
0.09467245086619114
0.15682156020659166
0.222616662745172
0.29513917205791973
0.3751223737798317
0.4615105499909202
0.5519670515462535
0.6433313183500383
0.7320248475737361
0.8144061098182178
0.8870744132199526
0.9471227155012385
0.9923393839644639
1.021358903430413
1.033761532120601
1.030121905483652
1.0120065879657094
0.9819205727248876
0.9432027292897561
0.8998701991618648
0.8564117393623019
0.8175300139222932
0.7878328333178344
0.7714733418483638
0.7717391529594686
0.7905904325096298
0.8281469299810065
0.8821239576342497
0.9472173176073628
1.0144371769585927
1.0703908906533561
1.0965147724952091
-0.3298674794780121
-0.1779160476725412
-0.07228745164908101
0.00620966082470531
0.07167524651871249
0.13388009752930863
0.19897702001227935
0.270160960859809
0.3482780823215006
0.4323837845694356
0.5202496762072635
0.608819492723334
0.6946139628878658
0.7740846230941492
0.8439165796437873
0.9012802189759762
0.9440318658408174
0.9708633894166728
0.9814007573715521
0.9762515378685378
0.9570013495152508
0.9261592592573482
0.8870521282160605
0.8436679054697656
0.8004478697795984
0.7620278192591003
0.7329282089879026
0.7171932365694456
0.7179788756327422
0.7370898572781683
0.7744655994672967
0.8276150843567676
0.8910006835761912
0.9553709314500951
1.007042246163902
1.0271295988739437
-0.36671548991897085
-0.21093928840516574
-0.10257931497007178
-0.02234884908501522
0.043951553770539054
0.10619519107695385
0.17063929018641555
0.24058403317896615
0.31698052966257384
0.3989877375172408
0.484478331583146
0.570493520292827
0.6536468102473986
0.7304767187368055
0.7977484342041159
0.8527044246538498
0.8932639940043441
0.918171786384156
0.9270952383725011
0.9206709791837315
0.9005001787958478
0.8690928440230501
0.8297610625323248
0.786461194804069
0.7435850140367517
0.7056997939956107
0.677237344805389
0.6621319966871063
0.6634075316388667
0.6827130630607054
0.7198078633234706
0.7719951392817448
0.8335047557307993
0.8948249068075866
0.9419827353357757
0.9557739001148144
-0.40682930507389425
-0.24761460476219455
-0.13681073346586148
-0.055045182289311434
0.011971769981303781
0.07420708402511234
0.13801393507756754
0.20678963596552857
0.28158250808638396
0.3616477003312101
0.4449519559519619
0.5286273273727076
0.609373838944896
0.6838110976466616
0.7487788517261661
0.8015864972889792
0.8402115328294933
0.8634469617063774
0.8709976425620656
0.8635255876862857
0.8426442093236219
0.8108615139251157
0.7714722443439042
0.7283989699748925
0.6859821248384688
0.6487189936082494
0.6209516455828656
0.6065038166017861
0.6082667389051759
0.6277339189377917
0.6644848630969176
0.7156177514243309
0.7751310592423128
0.8332541267336921
0.8757266764659204
0.8830272788591964
-0.44961901454033537
-0.2873785687749768
-0.1744453638837311
-0.09137048884622656
-0.023782963125325463
0.03836918865893124
0.10152680999942643
0.16917643371609792
0.24245605111410984
0.3207098290860614
0.40199177515823126
0.48351835048085956
0.5620700307624666
0.6343418151482086
0.6972426830422703
0.7481439988742946
0.7850768648098492
0.8068784214049296
0.8132870962044998
0.8049868002850693
0.7836000727413077
0.7516301731166958
0.7123521217782132
0.6696526882350635
0.6278193274014368
0.5912780638033076
0.5642803237292717
0.5505387153254175
0.5528117566342374
0.5724375515775724
0.6088164138835974
0.6588424389578411
0.7162840236982424
0.7711133342542453
0.8087847217299324
0.8094620858311874
-0.49450173187771984
-0.3296715590932129
-0.21494765259716653
-0.13081389179924052
-0.06282686052173925
-0.0008580234945037013
0.061613045094241814
0.12815438099107035
0.1999862972145755
0.2765349993366307
0.3559351487076818
0.43548137362608086
0.5120287284514571
0.5823421006621204
0.6433945658565048
0.6926146906986498
0.7280827838077165
0.7486760945915416
0.754162960024228
0.7452458993677724
0.7235536568377307
0.6915821922129186
0.652584619389151
0.6104100928770169
0.5692916422436918
0.5335829544987867
0.5074441044242359
0.49447623284821807
0.4973051728631177
0.5171140239875207
0.5531246742722506
0.6020282703504378
0.6573646354316272
0.7088506352399238
0.7416574918961736
0.735637045744185
-0.5409072137197053
-0.37394338890484047
-0.2577884723332704
-0.17286813271221657
-0.10467514821885482
-0.043012684816160496
0.01871137337529727
0.08413904164958363
0.154565800231675
0.22949310773776643
0.3071298625796147
0.38484281231292505
0.45955591092976894
0.5280986240950403
0.5875031823269498
0.6352507821215548
0.6694667350213275
0.6890645646277581
0.6938390515579972
0.6845082263455327
0.6627043102849061
0.630913604220464
0.5923653252791468
0.5508693915473147
0.5106031546916117
0.47584708052386254
0.45066937751001257
0.43855957322309924
0.4420110387402635
0.4620524609837968
0.49772826300622564
0.5455279722194337
0.5987645365678187
0.6469015886454876
0.6748296577574902
0.6620913299250875
-0.588283032168937
-0.41965848713829956
-0.30245031218256146
-0.21703477048672482
-0.14884927089097166
-0.08763674802744381
-0.026741094512996888
0.03754635480208435
0.10658928652940913
0.17995782038184116
0.2559288687568929
0.3319354442641588
0.40496491519678735
0.4719062089469867
0.5298459633655683
0.5763136260655284
0.609475501669666
0.6282777470022372
0.6325383142246472
0.6229878419151785
0.6012594940927563
0.5698277471847522
0.5318961249388217
0.49123388127878215
0.4519616311045253
0.4182859290359674
0.39418279610103646
0.3830301943676959
0.38718944952000656
0.4075356213782235
0.4429368223629311
0.4896824839032159
0.5408605707888725
0.585683743466654
0.6087644682805475
0.5893390756561008
-0.63609930047416
-0.4663006329471968
-0.34843202089115577
-0.26282893346175307
-0.19488165278300373
-0.13428075590495503
-0.07431364881738967
-0.011212152519487262
0.0564488588545452
0.12830176785388636
0.2026854714735442
0.2770935868608416
0.3485716049659361
0.4140629921363781
0.47070423965570396
0.5160688612260684
0.5483603383949126
0.5665540139256687
0.5704879331125029
0.5609026330390935
0.5394298797814481
0.5085303535547548
0.4713802818042738
0.4317070202402633
0.39357358181694263
0.36111211365549406
0.33820632191109967
0.3281228445840152
0.333091572274684
0.35383491688288093
0.38904602825090295
0.4348159587507858
0.48400977581556903
0.5255916224145865
0.5438987254728014
0.517864352234179
-0.6838529519897389
-0.5133772434773305
-0.3952531034353277
-0.30978362479578725
-0.2423200119000921
-0.18250816427763228
-0.1235863124804567
-0.061733705973889164
0.004529646916897834
0.07489218700434241
0.14774896017998912
0.22064872130002433
0.29068998601484747
0.35486603054267774
0.41035883938719936
0.4547820009992438
0.48637255138250796
0.5041317656433103
0.5079148974843826
0.4984698666427004
0.4774248942713484
0.4472250862654248
0.41101796453198075
0.37248794620399805
0.3356397707984029
0.30453087531811757
0.28295271729814764
0.27406104579570667
0.2799551203243805
0.3012058777323219
0.33633304702448963
0.38123121212891986
0.4285448226070363
0.46699215230799496
0.48063820596707085
0.4481165737480728
-0.7310715724175347
-0.5604232149161064
-0.44245757087844595
-0.3574535811312831
-0.29073122747959945
-0.23189921830626847
-0.17415372622764924
-0.1136281778051541
-0.048794095312774566
0.02008700943943087
0.09146068922588296
0.16292556347006681
0.23162826825315333
0.2946073542666572
0.349086132709132
0.3927144691269032
0.4237595251988366
0.44124544846514463
0.4450420100002294
0.4359021900295623
0.4154487114906013
0.3861095215377444
0.35100222099132045
0.3137674417306169
0.27835117203094395
0.24873602984473636
0.22862148402669236
0.22105302350294775
0.22800027438428971
0.2498840650234042
0.2850524390161644
0.3292056161469512
0.37476990127801546
0.4102205411828739
0.41935352932374226
0.3805063585730073
-0.7773167853311742
-0.6070043168243311
-0.4896173435102993
-0.40541868454151175
-0.33970476074548706
-0.2820543820454189
-0.22562858693672094
-0.16652153401954428
-0.1031624455872514
-0.03576860327085396
0.03415060426058225
0.10423858154357485
0.1716853745078961
0.23357046660828068
0.28715452290017246
0.3301200820595068
0.36076119634653003
0.37812201951365604
0.3820843426573596
0.373404078014107
0.353696690700323
0.325371578396395
0.2915153989747149
0.25572434607175604
0.22188537260418922
0.193906362229034
0.17539524874784806
0.16928808345495217
0.17742605042969406
0.20008142977274712
0.23543250878644773
0.2789874410991673
0.32295705373372474
0.35557660211983366
0.36037647305058407
0.3154018355829651
-0.8221871909827048
-0.6527201397503881
-0.5363352072687948
-0.45328692775978996
-0.3888556289450664
-0.33259732128767805
-0.2776446392895384
-0.22005883484488686
-0.15823282264971117
-0.09234527766713518
-0.023865784648773314
0.044888960287957136
0.11114789602655775
0.1720272907622075
0.2248213842565595
0.267241978036574
0.29760697353738863
0.3149778581892246
0.31924613944833136
0.31116872677196705
0.2923522615374161
0.26518639490504414
0.23272601362538944
0.1985224137902915
0.16640342252805634
0.1402024676426592
0.12343659519698336
0.11893343504009679
0.12840711427856488
0.1519831186918016
0.18767210209145424
0.23079264362483132
0.273342953022357
0.30332152378907784
0.3039967343401888
0.2531253970806091
-0.8653208583916072
-0.6972065961267906
-0.5822473234440402
-0.5006969326910884
-0.4378269326681372
-0.3831774396903437
-0.3298592207062696
-0.27390678847229144
-0.21368254878297754
-0.14933199975742373
-0.08228998318155717
-0.01483798790639862
0.05028749469770985
0.11023556323091444
0.1623304466976957
0.20430999288475274
0.23451310468292347
0.252016124353142
0.2567181657364327
0.24937539440794163
0.23158425577500483
0.20571365111925322
0.17478606158275456
0.14230762009819256
0.112047131263083
0.08776403915802583
0.07288534310899536
0.07013146139366722
0.08109104289178182
0.10574472667954393
0.1419378495680621
0.1848021015858201
0.22612612940519128
0.2536750877129852
0.25045913852503476
0.19395089844481284
-0.9063973707162236
-0.740137974449123
-0.6270252916648102
-0.5473200222060199
-0.4862919364485023
-0.4334719681844629
-0.38195535956195437
-0.32775585808024565
-0.2692109656411406
-0.2064382396562684
-0.14084264621033382
-0.0746749652803306
-0.010641248010718196
0.04843667395543766
0.09990962708936263
0.1415384825335071
0.17168049060251803
0.18942456322824563
0.19467550434878894
0.18818718824157712
0.17154468580048818
0.14709533875700448
0.11782878184540507
0.08720591291199539
0.05893681096837325
0.03670760218873226
0.023856273851202092
0.022997436223225032
0.035596032390971644
0.06148999603278893
0.09836185713669088
0.14115929566188234
0.1814646431443201
0.20681333224631215
0.19996129425015363
0.13810130449580083
-0.9451394239075324
-0.781228546737347
-0.6703777661673835
-0.5928618452172103
-0.5339557026478675
-0.4831876076662506
-0.4336434266854555
-0.38132192214109306
-0.3245411033635628
-0.2633956295062877
-0.19926526452991655
-0.13437438424248702
-0.07140253539555122
-0.013146046836265995
0.037769307284555007
0.0791245922484255
0.10929294544920806
0.12737375701717227
0.13327579838708992
0.12774929881036712
0.11236696981121327
0.08945397758684727
0.06196686335174023
0.03332141162589505
0.007169466467163765
-0.012875304352399086
-0.023562697226146012
-0.022382312648408842
-0.007990947206033994
0.01930896237411861
0.05703984312171362
0.09996843766351593
0.1394742040080037
0.162866663274015
0.15265169536343715
0.08574678257792456
-0.9813139786453222
-0.8202337292795088
-0.712051625346771
-0.6370635550380497
-0.5805562786221159
-0.5320617249708991
-0.48466234014078846
-0.43434748800989276
-0.37942090297126335
-0.3199591946820809
-0.25732140486880617
-0.19370961618829233
-0.1317806131448601
-0.07430859506333848
-0.023898941118065162
0.017246972582146976
0.047515903853082395
0.06601582323823148
0.07265794075593603
0.06818768059057179
0.05416460372776802
0.032891278533664026
0.0072910992782019846
-0.01926494739754195
-0.04318256806999138
-0.06091950017766454
-0.06931190172173424
-0.06595179302254961
-0.049615550532119856
-0.020743452702565057
0.018029722089475397
0.061293045562467174
0.10022673749364142
0.12191841162669981
0.1086282695235461
0.03700324236006214
-1.0147329655567479
-0.8569507966578116
-0.7518326945903189
-0.6797025410238231
-0.6258654371699655
-0.579863102128759
-0.5347803232908352
-0.48660245879565517
-0.43362399204568325
-0.3759081382765215
-0.3147975031830109
-0.25247579360129324
-0.19158058024683533
-0.1348671125084199
-0.08492318529809548
-0.04393505795709196
-0.013504425217697867
0.005483559778898231
0.012941210408804164
0.009608179435657057
-0.0029697201751068304
-0.022512746497945213
-0.04613051194486607
-0.0704963186190466
-0.09207254572441607
-0.10738708903120076
-0.11336085239743332
-0.10768629134642305
-0.08925700870019149
-0.05864840226887025
-0.01864936459606037
0.025154965239841287
0.06374939776835742
0.08400383721367888
0.06793737352545381
-0.00806867764639252
-1.045253543717254
-0.8912191490570709
-0.7895460223936934
-0.7205927134952219
-0.6696889702640122
-0.626392238903908
-0.5837952161434348
-0.5378844535149638
-0.4869500136898324
-0.4310461788694292
-0.37150321123224533
-0.3104901654368848
-0.25062875318104
-0.1946582598164297
-0.1451515130197006
-0.10428190351929148
-0.07364145787826026
-0.05410996333307508
-0.045775144688366916
-0.04790389326764722
-0.05896454791998633
-0.07670022808265753
-0.09825321889974149
-0.12034040839669613
-0.13947977671088824
-0.15226793737808808
-0.15570873067492808
-0.14759286901732355
-0.12692863441485702
-0.09442362798112558
-0.053017571500051375
-0.00846616104815312
0.03002402732721232
0.04910957987365716
0.030573235343594796
-0.04946417685188376
-1.0727779124338892
-0.9229201328555603
-0.8250557097592459
-0.7595843419442355
-0.7118665360641441
-0.6714812086150932
-0.6315343399798569
-0.5880186805279733
-0.5392245087718148
-0.4852014415786233
-0.4272712964385106
-0.36759200578841855
-0.30877258339204405
-0.25353914277572653
-0.2044519677202993
-0.1636736348089029
-0.13278818803076228
-0.11267136544092657
-0.10341187787597207
-0.10428373972566904
-0.11376965176060999
-0.12963543601580269
-0.14905552273022513
-0.16878948934234386
-0.18540965154159597
-0.19557970637583266
-0.19638442741472836
-0.18571041196915034
-0.1626778803664924
-0.12812352728197185
-0.08513442512589009
-0.03963297948685529
-0.001012936630968353
0.01717355694303002
-0.003522157107356705
-0.08723441263545562
-1.0972526763110029
-0.951976414498225
-0.8582642928767596
-0.7965634465224256
-0.7522710592133425
-0.7149930672390604
-0.6778539152656554
-0.6368573642567908
-0.5902983514507374
-0.5382259023933579
-0.48195709502705664
-0.4236420758356897
-0.36588012804543935
-0.31138679188165097
-0.2627120368816341
-0.22200948626342512
-0.19085669335051417
-0.17012647005253465
-0.15990926740191555
-0.15948660814649768
-0.16735557139811177
-0.1813043293371209
-0.1985387359729252
-0.2158599679604295
-0.22989321747247476
-0.23736743712823227
-0.23544613697756084
-0.22210923354132606
-0.19658595090768494
-0.1598387738843322
-0.11509845320670875
-0.0684500628021747
-0.02947010911014636
-0.0119146924581921
-0.034458720494095374
-0.12148617367388237
-1.1186677635983076
-0.9783509076522807
-0.889111679086575
-0.831450742811579
-0.7908076844158651
-0.7568208157962613
-0.7226380328439023
-0.6842787251862361
-0.6400467379849963
-0.5899943857901349
-0.535437518449722
-0.47852163907580514
-0.4218390740662341
-0.36809719518244655
-0.3198376936832188
-0.27920690651437857
-0.2477771945544808
-0.22641937291644695
-0.21522619330516732
-0.2134868784310661
-0.2197127084796298
-0.23171365963689852
-0.24672609467092038
-0.2615915055691694
-0.2729863082319257
-0.27770268922161956
-0.2729805045681377
-0.25689023063009364
-0.2287669670120599
-0.18969549153776488
-0.14304636727925102
-0.0950631016419976
-0.055500357506004905
-0.03831321642284369
-0.062397493868666665
-0.15238110655318016
-1.1370548978213444
-1.0020452536451994
-0.917573636125097
-0.8642001398767414
-0.8274122832978019
-0.7968859160189393
-0.7657971784108015
-0.7301855131469834
-0.6883677288229457
-0.6404031156309
-0.5876096130906563
-0.5321310298364328
-0.47655531545962915
-0.4235838844075628
-0.375751991938169
-0.33520016213066284
-0.3034966679521649
-0.28151106338029036
-0.2693387675816999
-0.2662767011466154
-0.2708499743792974
-0.28088962764448583
-0.2936614237698045
-0.3060456925041283
-0.3147682270319123
-0.31668223254348654
-0.3091013268613112
-0.29018359312219616
-0.2593666845154842
-0.217853981077195
-0.16915179854013607
-0.11965764923997146
-0.07929955507725905
-0.06222641253544792
-0.0875494097548355
-0.18013449566250106
-1.1524856226943077
-1.0230978551850642
-0.9436598346526838
-0.8947967916016303
-0.8620495145500198
-0.8351363593015981
-0.8072663102736848
-0.7745030938810822
-0.7351803439759466
-0.6893678193436186
-0.6383886732544239
-0.5843877750714311
-0.5299510839141738
-0.47777607437833797
-0.4303932143114111
-0.3899384946442927
-0.3579770112788714
-0.3353775990315617
-0.322238517632806
-0.3178641897825386
-0.3207929912616139
-0.32887609309919585
-0.3394073557961121
-0.349304275604171
-0.35533998286144064
-0.35442629238349216
-0.34394780591060475
-0.32214706661093645
-0.2885607656396539
-0.24450700075402887
-0.19362358698449644
-0.142457419361675
-0.10110488769935211
-0.08390334343343131
-0.11017361851684049
-0.2050135963704105
-1.1650688803152627
-1.0415814633633136
-0.9674114440639141
-0.9232547013064334
-0.8947104373534847
-0.8715442889338523
-0.8470024903913869
-0.8171770888898622
-0.7804222116737958
-0.7368213853852312
-0.6877059074364857
-0.6352242694388583
-0.5819626326873031
-0.5306163557010638
-0.48371257382027416
-0.4433838308585171
-0.41119276281135164
-0.38800783362079966
-0.37393012299579675
-0.36827116628860657
-0.3695818464271974
-0.3757323379035824
-0.3840431028181232
-0.3914669389797951
-0.3948220800624176
-0.3910763478168459
-0.3776823563391263
-0.3529637683946151
-0.3165526037980604
-0.26987759984964577
-0.21670362382699937
-0.16372213753316278
-0.12119271390052777
-0.10363560565072927
-0.1305753660105089
-0.2273355214835382
-1.1749481426437431
-1.0576003179398636
-0.9888982815802352
-0.9496138796479808
-0.9254096780869608
-0.9061031756156542
-0.8849820686970016
-0.8581705685642133
-0.8240467703025367
-0.7827110739869911
-0.7355056578760628
-0.6845850036613641
-0.6325374737732554
-0.5820579407424289
-0.53567146861746
-0.4955080464383151
-0.4631283737658276
-0.4394006982671354
-0.42442870535708016
-0.41753045989557214
-0.41726839994091564
-0.42153038255909947
-0.42766178168904934
-0.4326486380638433
-0.4333518611878917
-0.42679248337007725
-0.4104879658128616
-0.3828395567573536
-0.34357070168433856
-0.2942165055712742
-0.2386642472052476
-0.18374494555189447
-0.13987597818028408
-0.12175475174376604
-0.14910342451677616
-0.24746468098761465
-1.1822980962607228
-1.071286840910607
-1.008215514624994
-0.9739370558023036
-0.9541821503170976
-0.9388245462549055
-0.9211974207030198
-0.8974607985972514
-0.8660200236246489
-0.8269952811821807
-0.7817421733913816
-0.7324233461689595
-0.6816311683533688
-0.6320614628873431
-0.5862382900563953
-0.5462897827832761
-0.5137750339783982
-0.48956203594622544
-0.47375667184762016
-0.46568275921815705
-0.4639131455424002
-0.46635185588414096
-0.47036729257260074
-0.4729764869445976
-0.47108040314267174
-0.46175029396918016
-0.44256510879634914
-0.4119999535322927
-0.36986560264299323
-0.31779906323024465
-0.25980519116556067
-0.20284935928004222
-0.15750117761021398
-0.13862926569981715
-0.1661470769575688
-0.2658097750708892
-1.1873208804109714
-1.0827978833573018
-1.0254799164808441
-0.9963059419295691
-0.9810793280708902
-0.9697342660474471
-0.9556532383888445
-0.9350355396793618
-0.9063168492816195
-0.8696398561162104
-0.8263759354972973
-0.7786978780241693
-0.7292036705287621
-0.6805913290791444
-0.6353847840389638
-0.5957108171828571
-0.5631270508678242
-0.5385009892605646
-0.5219401116207759
-0.5127730176404185
-0.5095816248389392
-0.5102844180144603
-0.5122707507509334
-0.5125861989812519
-0.5081689666063296
-0.49613734317014296
-0.4741282135907333
-0.4406866199471759
-0.3957063753225087
-0.3409217297026266
-0.28045008793113757
-0.22138577972018125
-0.17444488171721462
-0.15466109162775177
-0.1821326543940791
-0.28282034042992255
-1.1902418783277953
-1.0923105255798276
-1.0408256752295393
-1.0168170509213978
-1.006165072390525
-0.9988683738394286
-0.9883623743706901
-0.9708889004756242
-0.9449168605788947
-0.9106139716390964
-0.8693695378053012
-0.8233682811295635
-0.7752152243353918
-0.727611625642183
-0.6830819656456188
-0.6437519862540251
-0.6111777816806959
-0.5862259414921785
-0.5690047457125236
-0.5588464119834959
-0.5543403947807514
-0.5534177366859736
-0.5534864717149769
-0.5516180807017694
-0.5447849987385815
-0.5301491746718558
-0.5054016826542014
-0.4691533857523103
-0.4213766516108375
-0.363898120172243
-0.3009425234525991
-0.2397275573733585
-0.1911098056490863
-0.17028171573115625
-0.1975196268074071
-0.2989828498577678
-1.1913050618401497
-1.1000174305108366
-1.0543997559741018
-1.0355770674305624
-1.0295110111706047
-1.026268470772063
-1.0193412393538608
-1.0050167438856168
-0.9817998215532119
-0.9498855481803201
-0.9106831187059041
-0.8663907797176709
-0.8196218140414925
-0.7730815773867893
-0.729295587047877
-0.6903886626612749
-0.6579151190189793
-0.6327400109376994
-0.6149714301840551
-0.6039438544557388
-0.5982525484186412
-0.5958390167999382
-0.5941275095371419
-0.590212578983115
-0.5810976891670481
-0.5639848771113996
-0.5366154662047979
-0.49766183163091005
-0.4471702178532691
-0.3870546081560672
-0.3216416462409114
-0.258266609879541
-0.20792043662251225
-0.1859478015638394
-0.21279624716160317
-0.31481636511452527
-1.1907678892621412
-1.1061217504127727
-1.066356816343375
-1.0526977721830657
-1.0511914722777513
-1.051976662208756
-1.048604752867409
-1.0374116465856034
-1.016940615322312
-0.9874162309060666
-0.9502693473334041
-0.9077131351232715
-0.8623701677273965
-0.8169505599966197
-0.7739811587031913
-0.73558578511903
-0.703316529649944
-0.6780360985258183
-0.6598512125467606
-0.6480970578852148
-0.6413727889440333
-0.6376280832705159
-0.634300748526409
-0.6285053815138719
-0.6172730792573993
-0.5978422021417147
-0.5680001891056213
-0.5264764248918186
-0.4733861593526811
-0.41072547881199983
-0.3429173294826886
-0.27740859294045106
-0.2253182136534122
-0.20213637856771327
-0.22847474874906704
-0.33086774308028355
-1.188895756564902
-1.1108315868572813
-1.0768536752789557
-1.068290519572599
-1.0712779699525954
-1.0760300529446196
-1.076160847281175
-1.0680574118531
-1.0503037657170338
-1.0231559201588467
-0.9880679628130343
-0.947269193838072
-0.9033923141477361
-0.8591526656983854
-0.8170785238322071
-0.7792924416764255
-0.7473436465984717
-0.7220914887171217
-0.7036399414695914
-0.6913231542345993
-0.6837420570113888
-0.6788520171547165
-0.6741015481658013
-0.6666220705392389
-0.6534687246658765
-0.6319122357916532
-0.5997818310324017
-0.5558592084446137
-0.5003235581521692
-0.4352476355290269
-0.36514488643787985
-0.29756762452477226
-0.24375626056968258
-0.21933958389306274
-0.2450860958183494
-0.3477063951904329
-1.1859560018308517
-1.1143540039869904
-1.086043335104506
-1.0824602685373819
-1.0898332444941385
-1.0984547956983657
-1.1020045251052075
-1.09692313567382
-1.0818375121957864
-1.0570368551794957
-1.0239998667904877
-0.9849729888477572
-0.9425996928760225
-0.89960082221396
-0.8585059861783964
-0.821436006284469
-0.7899364145217447
-0.764862003686307
-0.7463124297688004
-0.7336188663984431
-0.7253817113429998
-0.7195593450647184
-0.7136079413322285
-0.7046723298884057
-0.6898279111741967
-0.6663736231084079
-0.6321759599234575
-0.5860640430570913
-0.5282757441000587
-0.4609548597997566
-0.388699339119831
-0.31916056235574597
-0.2636936723063137
-0.23805895750118733
-0.2631742874843166
-0.3659186001533725
-1.1822114629903326
-1.11688859505968
-1.094068556877447
-1.0952991667193819
-1.106904855226503
-1.1192596928865783
-1.126111469571563
-1.1239568261310036
-1.1114674380414042
-1.0889672511115558
-1.0579607692438289
-1.020712394251428
-0.9798768177316095
-0.9381804649948674
-0.8981539910500722
-0.861915828645583
-0.8310067883663156
-0.8062757107867775
-0.7878161706800657
-0.7749542332828241
-0.7662872626161696
-0.7597737818625757
-0.7528743857987228
-0.7427437052843116
-0.7264734238068353
-0.7013863460823222
-0.6653815187120331
-0.6173304028951289
-0.5575240991972958
-0.48817162437533845
-0.4139492402577323
-0.34260083468113933
-0.28558935448289136
-0.25879929054942963
-0.28329021492071016
-0.3861013699505804
-1.1779135888406362
-1.1186206022748282
-1.1010549890230314
-1.1068796879059157
-1.1225183267480574
-1.13842935168037
-1.148431208498488
-1.1490785760771243
-1.1390896518403817
-1.118824489288037
-1.0898143875777793
-1.0543423331634143
-1.0150744934890352
-0.9747427627391523
-0.9358783596447864
-0.9005964773455277
-0.8704319853075555
-0.8462261832976216
-0.8280646074129958
-0.8152658881673776
-0.8064216606327662
-0.7994875266372987
-0.7919250690190471
-0.7808949179357816
-0.7635008692306935
-0.7370850548540842
-0.6995741653410179
-0.6498767243449329
-0.58833141522722
-0.5172064597027632
-0.4412500485414431
-0.3682918243256016
-0.3098954162634744
-0.28206202705857963
-0.3059850718350763
-0.4088558691190829
-1.1732951033473966
-1.1197135898825379
-1.1071038492507992
-1.1172473227536295
-1.1366698484629267
-1.155916892344415
-1.1688798314369806
-1.1721732890879766
-1.1645635222444886
-1.1464478608005595
-1.119385199000388
-1.0856775388974744
-1.0480025858697446
-1.009097396190628
-0.9714930766561041
-0.9373005362677043
-0.9080472899714864
-0.8845653144529657
-0.8669299559880108
-0.854449890349704
-0.8457081347711618
-0.838654111964321
-0.8307467661946876
-0.8191487314120474
-0.8009715514371398
-0.7735719522042975
-0.7348991660600455
-0.6838933081176637
-0.620934804667717
-0.5483448736445413
-0.4709370571486997
-0.3966198060253959
-0.33705011649885486
-0.308338218862664
-0.33180331822607867
-0.43478038731629187
-1.1685622232283763
-1.1203016705748454
-1.1122841597534112
-1.1264128227948613
-1.1493185273948787
-1.1716362098583657
-1.1873322600997323
-1.1930829586991505
-1.1877039660147664
-1.1716308633508787
-1.1464507461820819
-1.1144848694333676
-1.0784223448161927
-1.0410048902205113
-1.0047626311627647
-0.9718009542898406
-0.9436384129389914
-0.9210956847537172
-0.9042355813556104
-0.8923541100721661
-0.8840225877205523
-0.8771808064473445
-0.8692812516242253
-0.8574843717996438
-0.8389049007064411
-0.8109092313254349
-0.7714638420049731
-0.7195347746364433
-0.6555381648857523
-0.5818418244807639
-0.5033178755547014
-0.42794643704551283
-0.3674703631512011
-0.3381010338411148
-0.36127519742319913
-0.46446286516722335
-1.1638864288196271
-1.1204812851594088
-1.1166245356878655
-1.134343997726383
-1.160378194283593
-1.185453788820647
-1.2036140720724513
-1.211598500924874
-1.2082732893479045
-1.1941130513847842
-1.170733496197095
-1.1404751751658146
-1.1060382810483311
-1.0701684991914266
-1.0353939108002155
-1.0038129482630533
-0.9769334025324059
-0.9555624825616793
-0.9397479267980167
-0.9287701667310572
-0.9211855424976546
-0.914920570542564
-0.907417263335089
-0.895829501141691
-0.877270455854564
-0.8491110668761703
-0.8093295690597417
-0.7569120727057401
-0.6923041956142858
-0.6179137471935437
-0.5386644646240787
-0.4626008010791667
-0.40154376600107744
-0.37179781743331164
-0.394908806408806
-0.49847297339410446
-1.1593957882240282
-1.1203025355155756
-1.1201045269390912
-1.1409570659805215
-1.169708762963313
-1.1971800716346341
-1.2174928778075655
-1.2274511400592476
-1.2259725824849983
-1.2135714395083879
-1.1918922527472797
-1.1632947199358328
-1.1304895959024694
-1.0962256456038033
-1.0630276492145327
-1.032985459273296
-1.00759410988449
-0.9876449779760514
-0.9731679966132012
-0.9634249203681541
-0.9569536427457875
-0.9516635656652762
-0.9449820209976896
-0.9340517441595522
-0.9159793997623653
-0.8881351593180942
-0.8485033310006173
-0.7960840414631389
-0.7313459697115636
-0.6567301330338354
-0.5772047249852406
-0.5008710054296692
-0.43962024263684585
-0.4098417074355194
-0.43318171942261463
-0.5373537452283546
-1.155165834742217
-1.1197600708328355
-1.122645513165929
-1.1461075585786649
-1.1771071430238733
-1.2065603799772107
-1.228669250900306
-1.2403033477598537
-1.2404326676026847
-1.2296114591867866
-1.2095131216682973
-1.1825161553444565
-1.1513411644525207
-1.1187389120246438
-1.0872294267987193
-1.0588921621851823
-1.035207207289781
-1.0169475499923077
-1.00412239208129
-0.995971516444651
-0.9910107063163296
-0.987128216578863
-0.9817322971219326
-0.9719497682568761
-0.954875648187158
-0.9278738325348067
-0.8889288259228109
-0.8370485256134865
-0.7727180572027956
-0.6984046623706384
-0.6191136386871051
-0.5429953314746852
-0.4820031777264495
-0.45260280208019044
-0.47653216484852035
-0.5816127621049443
-1.1512099975858812
-1.118783527131646
-1.1241011521294824
-1.1495807762671446
-1.1822977057541113
-1.2132653895497034
-1.2367672116471715
-1.2497393354137492
-1.2512045999866617
-1.2417574687251072
-1.2231000297181924
-1.1976290483488345
-1.1680740719136293
-1.1371865862986799
-1.1074802247113835
-1.0810220284681933
-1.0592747598383268
-1.0429902669434576
-1.0321539007133507
-1.0259799838974737
-1.0229583321325622
-1.0209518270661606
-1.0173450415361112
-1.0092439168060159
-0.993726491856659
-0.9681446847333919
-0.9304771259494822
-0.8797330439454233
-0.8164072026042108
-0.7429858908225805
-0.664503964138207
-0.5891529384128689
-0.5289401355715757
-0.5003988813976572
-0.5253497553838158
-0.6317128926391455
-1.1474695858734556
-1.117227520066648
-1.1242473813038605
-1.1510817999354996
-1.1849223033676615
-1.2168811581112027
-1.241324263886777
-1.2552550997858352
-1.2577497224875884
-1.2494428165319333
-1.2320647966483413
-1.2080299621407096
-1.1800757033281766
-1.1509527600419016
-1.1231665321778028
-1.0987694423052632
-1.079204350331799
-1.0651990202236885
-1.0567116387825646
-1.0529273864779727
-1.0523060603358911
-1.0526807488832115
-1.0514075591481862
-1.0455663957168353
-1.0322127918453203
-1.0086807926282786
-0.9729368902231205
-0.9239850111302905
-0.8623225555294932
-0.7904474886718773
-0.7134164843281893
-0.6394541202928826
-0.5806131259441991
-0.5534856818602047
-0.5799657714907926
-0.6880625848856519
-1.143803325908174
-1.1148611910122521
-1.1227719727692937
-1.1502250543171222
-1.1845298415111218
-1.216898706794261
-1.2417809851230723
-1.256248021949612
-1.2594292732593613
-1.2519994576651097
-1.2357167605567896
-1.2130120903072794
-1.1866293865341655
-1.1593169804174734
-1.133570007073356
-1.11142386998375
-1.0942987574819873
-1.082895211294381
-1.0771407471377645
-1.076187527373
-1.0784610857144445
-1.0817601039953855
-1.0834072409894349
-1.0804510132878855
-1.0699187282330347
-1.0491204689074685
-1.0160041311793084
-0.9695615128034216
-0.9102854545785977
-0.84067803356068
-0.7658098083316707
-0.6939301163247902
-0.6371284232055061
-0.6120467243085184
-0.6406429981307147
-0.7510057118800852
-1.1399764517385242
-1.1113573064306153
-1.1192636413876322
-1.146523424972282
-1.1805654050546093
-1.2127031547029685
-1.237470169930955
-1.252006019500309
-1.2554935467797768
-1.2486471236599304
-1.2332519565239632
-1.211754444274435
-1.1869035884159895
-1.1614434551940287
-1.137856689789357
-1.1181590825687806
-1.1037451873916753
-1.0952849919725178
-1.0926716402993746
-1.0950202071083615
-1.100717524414059
-1.1075230600958952
-1.112720848540492
-1.1133224733399725
-1.1063211020462285
-1.0889965729811588
-1.0592715341028653
-1.0161186339278112
-0.9600187645089476
-0.893470356469796
-0.8215497260945007
-0.7525224744738388
-0.6985059387071989
-0.6761826951605159
-0.707565114780174
-0.820810970462877
-1.1356493490010646
-1.1062809105219886
-1.1132007062602254
-1.1393769285535345
-1.1723589371646939
-1.2035624067934196
-1.2276055266442523
-1.2416962520504038
-1.2450706081535696
-1.2384820456397052
-1.2237418485307616
-1.2033105940323843
-1.1799406644375803
-1.1563698110863432
-1.1350657703812428
-1.1180219318589781
-1.1066040583178944
-1.1014480580014605
-1.102408808837712
-1.1085600347346563
-1.1182452339316393
-1.129179659406682
-1.1386033513397655
-1.1434852216320976
-1.140778190481329
-1.1277253750127356
-1.1022173299663698
-1.0632003404401658
-1.0111357666890137
-0.948510440979796
-0.8803981165023878
-0.8150719683366143
-0.7646681464751817
-0.7459003809025606
-0.7808256387298389
-0.8976608333855385
-1.1303657520456387
-1.0990775311574532
-1.1039393054681828
-1.1280609363535063
-1.1591134716597091
-1.1886153950365497
-1.2112699273260912
-1.224353380007507
-1.2271545606978362
-1.2204652307087103
-1.2061216146590357
-1.186596962143652
-1.1646451614579387
-1.1429954053783913
-1.1240979089991656
-1.1099206796245746
-1.1017973387175608
-1.1003259959041156
-1.105319175033679
-1.115804792295491
-1.1300781863909086
-1.145805200761689
-1.1601763178742313
-1.1701118455597843
-1.1725181554106194
-1.1645949732321568
-1.1441937215510687
-1.1102269141793366
-1.0631286028342706
-1.0053658758144983
-0.9420014087319126
-0.8813070672995815
-0.8354285621756268
-0.8211011558630554
-0.8604164216655654
-0.98164005469931
-1.123540494342956
-1.0890609390940327
-1.0907011640950102
-1.1117139511350596
-1.139892918647448
-1.166859872863351
-1.187403211021644
-1.198867376634646
-1.2005933668098336
-1.193410291627508
-1.1791779855744395
-1.160380671033462
-1.139771673829037
-1.1200691908287799
-1.1037031096009504
-1.0926128801278985
-1.0880964385754903
-1.0907101831184751
-1.100220001821834
-1.115603352578077
-1.135102395100521
-1.1563281749725083
-1.1764158597526118
-1.1922310271357794
-1.2006270051704648
-1.1987532645317032
-1.184414862850157
-1.1564829410971305
-1.1153562720255374
-1.0634738606668341
-1.005878596883921
-0.9508319599800048
-0.9104797753634192
-0.9015690232684126
-0.9462156995318998
-1.0727237284261784
-1.1144468121745599
-1.0754004604721885
-1.0725609155316396
-1.0893249372438483
-1.1136094034452375
-1.1371397628924846
-1.1547895402932595
-1.163970893392917
-1.1640762221171626
-1.1559708297706695
-1.1415366362916695
-1.1232669435625002
-1.1039122527761163
-1.0861771338585693
-1.0724681469474397
-1.0646928159262448
-1.0641096540148003
-1.071229241415546
-1.085766355015839
-1.1066431501462106
-1.132043394394576
-1.15951775347642
-1.186140129160937
-1.2087150492531415
-1.224036109631931
-1.229195468344122
-1.2219443917544464
-1.2011048527515051
-1.1670321810096969
-1.1221287653070946
-1.071408807899299
-1.023114130949247
-0.9893810350129868
-0.9869582095814117
-1.0379756956779624
-1.170764900512292
-1.102203201605176
-1.0571078425956895
-1.0484329760638178
-1.0597202040032339
-1.0790101587823924
-1.098132057940255
-1.1120443110379687
-1.118226178566518
-1.1161204829103326
-1.106627371366852
-1.091649131222077
-1.0736860568820559
-1.0554833690603513
-1.0397291860214626
-1.0288035468802197
-1.0245784869571253
-1.0282691651896787
-1.0403360435996434
-1.0604381188162972
-1.0874372056556254
-1.1194532727554987
-1.1539708302667901
-1.1879963696004812
-1.218266855230703
-1.2415092685537692
-1.2547512038031483
-1.25568251602041
-1.2430680210821374
-1.2172112477827932
-1.1804692419735563
-1.1378184227571193
-1.0974714907384477
-1.0715453883315027
-1.0767803121219282
-1.1353097772857024
-1.2754817340637459
-1.085759828737443
-1.033023672993874
-1.0170579727419025
-1.0215498423916052
-1.034663970285055
-1.0483332753129737
-1.0576006155873783
-1.0600115491701705
-1.0550581468576983
-1.0436738570212745
-1.0277794225036692
-1.0098798495715515
-0.992712428923904
-0.9789458087563947
-0.9709301198817215
-0.9704981529059022
-0.9788175874605511
-0.9962942734910909
-1.0225265646009567
-1.0563107034517394
-1.0956972592193068
-1.1380986171058805
-1.1804475199080793
-1.219406661640921
-1.2516293332177968
-1.2740711201863983
-1.2843526525206135
-1.2811734064683804
-1.264776558455517
-1.237464891045494
-1.2041677509551871
-1.1730590591265895
-1.156226372854479
-1.1703909999700564
-1.2376791650805452
-1.3864442278647546
