Predicted value
-1.449544147710128
-0.8350009367087807
-0.5668994539105086
-0.4787090014992543
-0.4254139539663129
-0.361959810297833
-0.3064824875132217
-0.2851322804813208
-0.2985554674102673
-0.31694258984026646
-0.29468312064489055
-0.1913400467915949
0.011987761364451899
0.30662387943081626
0.6609146119115223
1.0318861774308914
1.3786546701069256
1.6727027893360003
1.9021071684422566
2.069440933847204
2.1854514337516093
2.261949936149449
2.3072180768432418
2.325666040045917
2.3210017179370084
2.299760586818252
2.2709354009614344
2.2388070779472287
2.1905506227277556
2.087216157912053
1.873659223984248
1.5241870433002873
1.1259329459632568
0.9550976066732915
1.3981760813509254
2.3770955853151463
-1.0289268192180714
-0.7527147623071073
-0.6319943556590246
-0.5930506575672467
-0.5312291914150933
-0.4154333705239992
-0.2701668738577325
-0.13072266494387463
-0.012875813906845224
0.09367678317983064
0.21464326663388533
0.37448110864093564
0.5832995452662431
0.8323161284504579
1.0980661839738275
1.352093591962955
1.5713927244807167
1.7453842028373856
1.8771354279540446
1.9790397852620174
2.0653522170700853
2.1451098412902354
2.2186456820155342
2.279183820463061
2.3184273688653434
2.33258852219393
2.324187020386944
2.296321795706916
2.240627960568105
2.127211228775991
1.9119176594667522
1.5776681162088693
1.2121907125545164
1.0782981355422123
1.5310758302580325
2.4452573343629638
-0.8809170810683895
-0.7846713162592778
-0.715890501270934
-0.6756490565444153
-0.5887631660277179
-0.43011433347203365
-0.22329084355715167
-0.005320105694778476
0.2003720994926823
0.3916100655870878
0.5801034067073942
0.7785049724761279
0.9901795172941092
1.2060352550423943
1.408505809836555
1.5796913094609693
1.7094379584185049
1.799724076452975
1.863599899288232
1.9192962569861152
1.9821208442041325
2.0577040892507625
2.139670604213876
2.2129687652044367
2.261440401549521
2.2757247325808407
2.2564802539335744
2.2093241011340865
2.1324472889361914
2.0050091305434705
1.7915773019783359
1.479430833302466
1.1515014253576368
1.0522221708069992
1.5030027497041374
2.335059260057733
-0.8770755874087968
-0.8625222023210029
-0.792672546978487
-0.7285406323153438
-0.6163258303014061
-0.4315338468494616
-0.19205734110730077
0.06840411802994595
0.32414231618001565
0.565748330445345
0.7954638265559026
1.017401678696075
1.2298014264357988
1.4230934441860654
1.583760858658394
1.7012604165230414
1.7742346494789132
1.8128950658295935
1.836279950641142
1.8653259349845825
1.914526662848374
1.985724440837629
2.066950683473735
2.137287796114933
2.1760256137925182
2.1718957596844604
2.127090644668101
2.0522445811711663
1.9531776308854347
1.8174200985587845
1.6157980004092778
1.3360866847220016
1.0520446319146117
0.9863030770463297
1.4262575808088513
2.1652079921913128
-0.9283654174276421
-0.9378340006049939
-0.841160838368225
-0.7470297177629135
-0.6171424616161616
-0.4243218023196249
-0.17794304861862997
0.09483133529570864
0.36969650651832353
0.6338253557731264
0.8834183339032364
1.1165888412064646
1.3277483520278253
1.5067491029315363
1.642688746685181
1.7298672714560581
1.77253213337751
1.7857382869527356
1.7914126204513252
1.81081868971377
1.8562926146503145
1.9257386282151572
2.002618301113941
2.0621462970795363
2.0816791320377206
2.050812563723241
1.9756784813526451
1.8734719859692746
1.7579360654325171
1.623824864405556
1.4457266928152066
1.2085242757843702
0.9734108585634829
0.9392016155187548
1.3605582660151185
1.9999272592533544
-0.9785189144673723
-0.9809711712938167
-0.8483609223814454
-0.7268593229619
-0.5895026727713315
-0.40468849528856055
-0.17195730482084315
0.08983352719391746
0.3601422163177901
0.625399125314317
0.8783064866762942
1.1129418527695307
1.320940519300926
1.49155725367374
1.6154414848466772
1.6898258338819332
1.7221243982086918
1.7296575333672308
1.7349169529334105
1.7577653601058998
1.8074903344466406
1.8781096132038755
1.9494640941359975
1.9945554015192215
1.9908512713546784
1.9308481439796452
1.8262225886247947
1.7015230835595574
1.578130044478641
1.456582626257429
1.3128240881803492
1.125973984808894
0.9421997645678744
0.9357235137334783
1.3310718005606077
1.8679310068816903
-0.9969117049662373
-0.9781532960861341
-0.8099487565262962
-0.6674576224602831
-0.5321889285550121
-0.36753934614500494
-0.16302432412704349
0.07147320575931815
0.3205044703969122
0.571534559804185
0.8156064911218692
1.0442651588927845
1.2472311509134144
1.413221947091877
1.5336989146959326
1.607433275271596
1.6432103187781735
1.658728834296987
1.6753801503937353
1.7104489174542792
1.7696630812335172
1.8433714064503164
1.9086762942075666
1.937729590834003
1.9096756738584162
1.821344729242
1.6909207152388461
1.5505166142434987
1.4284487654845108
1.3294475937701202
1.2285810842400764
1.0968720152234397
0.9638622317813486
0.9794660255860208
1.3417051820454162
1.776233834166419
-0.9717207578997318
-0.9277268423971634
-0.7290594136764383
-0.5727219087833646
-0.4468086070576618
-0.3099792239420296
-0.1423497984803621
0.055025723135717186
0.2723375580825653
0.499163498490951
0.726169178434354
0.9435017647160677
1.1396767999015864
1.3030035631113535
1.4252858658200687
1.505871160975225
1.5536573615458593
1.5854110298944342
1.6203052214680724
1.6723238226561037
1.7434331722008345
1.82065890575986
1.8791806804183082
1.8914127884926373
1.839340694053341
1.7250678033267697
1.5737375194946956
1.4247974388161424
1.3125150741191702
1.2441701731973822
1.191963721419114
1.1170224606640318
1.0314408685657384
1.061998842290734
1.3846057336251079
1.7198870276010894
-0.9038413732508843
-0.8363492768265246
-0.6142698171957477
-0.4503948365503305
-0.3382220383750578
-0.23251139445271818
-0.10516606227220215
0.05086258839924618
0.23136880797001425
0.42858606471322247
0.6336473057739447
0.8361418681156323
1.0239650456292466
1.1852000678136996
1.3117415899508664
1.4029018908938191
1.4668708027283621
1.5186417937237024
1.5744960081908772
1.6447590301822856
1.7276761281581727
1.8073869781873242
1.8578947307524878
1.8527693244533303
1.7776657100006794
1.6404985460993338
1.4734223105528237
1.3226643702025669
1.227282543015849
1.195497493355397
1.1949294005993067
1.1755251920200749
1.1317979666956433
1.1692848858525622
1.446687232832062
1.6885611162508667
-0.8018117664487647
-0.7155212054009894
-0.47737279684713485
-0.31076805260588003
-0.21391713324124595
-0.13887638447632966
-0.050876333754741765
0.0641182036571637
0.20705659081935757
0.3729712035823596
0.5539681211845497
0.7396822493527111
0.9178674025778619
1.076597861144002
1.207775536306027
1.3103426539540166
1.3913078143247013
1.4634236402102978
1.5397565914899634
1.6269005906859846
1.719602147867981
1.7996090119749066
1.8404199825161047
1.817460972034624
1.7206033910492913
1.5637874100093843
1.385922033285369
1.2392302335061807
1.1663088245774809
1.1748056213357003
1.2263458647781604
1.2588973243898494
1.2498512507067119
1.2859494642383424
1.5138732845959453
1.6707434649924835
-0.6778298541373715
-0.5787063902509146
-0.3313163998170552
-0.16520146156020132
-0.08291472146376577
-0.03519356728502743
0.017676469290124786
0.09536669238898199
0.2032551921988972
0.3390277944822504
0.49601120013857347
0.6642999784284918
0.8318926582126522
0.9870883855812558
1.1218351273266673
1.2345798496566935
1.330943769119406
1.4212580914123318
1.5153198381913917
1.6161303224972734
1.7152875685027915
1.7926676277387408
1.8218585341050009
1.7806718058646513
1.6635074169438449
1.490287352108802
1.3061876610864873
1.1684919141745835
1.1220619073071525
1.1725975595536937
1.2746224060027487
1.3537703202349292
1.3712686215006613
1.3979140273594908
1.5736344725321487
1.656182393943027
-0.5448330967765571
-0.4391378432776776
-0.18851653833984017
-0.02475983611040533
0.04541516532894008
0.07114978550426443
0.09532007142281529
0.1417730511998201
0.21942240131281965
0.3282640662084857
0.46290063268077386
0.6141495933350898
0.7705578891144977
0.920883202255899
1.0572404352909288
1.1776072140796625
1.2862079136598084
1.3909840906696154
1.4986046101383224
1.6087674780821484
1.710354099910858
1.7818891395356395
1.7975615059462422
1.73794682758668
1.6020910947696265
1.4156524980967689
1.2294203820318454
1.1047171047868005
1.0874254550968487
1.180091236013297
1.3293335206102554
1.448496356947416
1.4840057431734408
1.4938248444298665
1.6162917897014495
1.637087706921875
-0.4145385593256776
-0.3083101810976814
-0.059631919111424736
0.10086873242327954
0.16239823710861145
0.17258210172261812
0.17572080208411123
0.19836501568337006
0.25199294962109686
0.33844329467384693
0.4535118290644409
0.5888831314557796
0.7338819054982642
0.8779433709686533
1.0135178990517844
1.1382408348686006
1.2550669304863415
1.3697283794082065
1.486041984560555
1.6007894129087363
1.700610114893518
1.7631765294704271
1.7637064981874704
1.6857850413797997
1.5330621388079013
1.3365325810568878
1.151833036435292
1.0432678920827687
1.0565671414871822
1.1901037660377938
1.3820817559265564
1.5339487668508696
1.5790064518118356
1.5656283761211967
1.6354660803874594
1.6084910538486383
-0.2962979051899026
-0.19509495070811056
0.04719154920150004
0.20410545795884616
0.26084488183920485
0.2622453143859289
0.2524177205775402
0.25920866444068835
0.2956821635449032
0.3649877550453279
0.4639382471400122
0.5851368726823551
0.7188483015503766
0.8553779687447189
0.9876995162737336
1.1132926655889661
1.2340564004704708
1.3537891406372964
1.4738156513924308
1.588442537145994
1.682553327638284
1.733429938349735
1.7176640118799753
1.6219788698909534
1.454458041147545
1.2509203735376395
1.0710166944810746
0.9809832334214352
1.0253232770262386
1.197415207850824
1.42681114961848
1.6037539605568725
1.650326817451969
1.6085745940781635
1.6279717786259766
1.5680776995717451
-0.1966033466430872
-0.1053789307206614
0.1266520405238083
0.279863275178613
0.3355429965046426
0.33463491500489084
0.31962540240022363
0.3183704593707706
0.34458793658189935
0.4021891641307971
0.48877069073246915
0.5978357403680201
0.7206908755591424
0.8486695198828782
0.9754531824417509
1.0985787197801744
1.219149205163303
1.3393569122277427
1.4584373191170625
1.5686828411273368
1.653694006515262
1.69077483030828
1.65815491216612
1.5457245598484566
1.365729631092223
1.158222750526694
0.9860058385850667
0.9162360831196477
0.9912369212083725
1.1987692239879877
1.4597473291052765
1.6541476329018963
1.6948901103300784
1.6208673245162686
1.5933828923197098
1.5157232695992207
-0.1190793279151876
-0.04210890013054325
0.17627374915042537
0.3256189551837565
0.38346543440690795
0.38596907472823005
0.3727730592656151
0.37061851606156004
0.3930327681058783
0.4441597527775767
0.522118799142508
0.6212432357710145
0.7339300480165891
0.8526579674441161
0.9719808357051645
1.0897054595164
1.2064128819408844
1.32303475010802
1.4371303798830777
1.539431655275712
1.6126977651868968
1.634611059815216
1.5852269658947877
1.4575468392303255
1.2676315312213828
1.0591295284811784
0.8971314820140375
0.8487691765517837
0.9533673785295349
1.1926413671188811
1.4791064384277561
1.683607195018979
1.7120324174616712
1.603126898929986
1.5334395141400137
1.4529039695165693
-0.06480566986044778
-0.005624539654604632
0.19612738555723297
0.34123732286739994
0.403733358268191
0.414310911109407
0.408790313860079
0.41186272344696206
0.4361374848756867
0.4855099657818611
0.5583572166016113
0.6497377573872587
0.7531411566988718
0.8622655799541508
0.9726696492871238
1.082623666682993
1.1924503450720318
1.3021581476258817
1.4080292964296894
1.4996618221489464
1.5593714758087338
1.5655152867491713
1.5000922110842834
1.3590891653609767
1.1619805462272466
0.9553507553388383
0.8057422888514365
0.7793984702532217
0.9119683283076654
1.1788795708755018
1.4846836346105476
1.6923759120356863
1.7029574489314996
1.5577847887231826
1.4514135242033603
1.3820955843358433
-0.032836762067645964
0.0058305567904426425
0.18837799303076963
0.32861871490881356
0.3973921938998046
0.41948891695979995
0.4261753622719553
0.43936222847251116
0.4701497232231491
0.5217719617070338
0.5926130306437822
0.6783304568126638
0.7734693435727868
0.8729779527627416
0.9735126598898817
1.0739681194220907
1.1746448678890629
1.2749387597410777
1.3702224396111762
1.449346161481288
1.4945287498704851
1.4850380945221673
1.4048716877930785
1.2528214390702406
1.0513392653904603
0.8492850693408238
0.7138614337827365
0.7096567149565196
0.8681112386744125
1.1582969073543374
1.4774036562210071
1.6819625061192909
1.6701841534042785
1.4884921010722962
1.3515118307613534
1.3062341261896222
-0.020804696558670344
-0.0044849755247753365
0.15674152103843397
0.2912398746015654
0.3670613414329864
0.4028695210960258
0.4248938505882265
0.4517442448929181
0.4925678109337239
0.549607087629759
0.6210308905024121
0.7029598545092637
0.7909255500706959
0.8811153241479125
0.9713331161437833
1.0612177483676044
1.1512446957147926
1.2404682861594822
1.323675992128075
1.3893073683401884
1.4197758946215597
1.3954387012793292
1.302292575125832
1.1417125000486084
0.9386745057087575
0.7436710141630862
0.6238331862781514
0.6414329491071218
0.8233112131664875
1.132274515817322
1.458891346297122
1.6546731266455623
1.6170419271096677
1.3995932949652001
1.238363622014333
1.2282781334885726
-0.02551928581578977
-0.03240997564518722
0.10591921863030507
0.23365116470673541
0.3165157676902943
0.36703627800073946
0.4061602116585874
0.4488838391711232
0.502108086335773
0.5668440835693414
0.6408614985789534
0.7206079865892051
0.8025075554105937
0.8839373588432191
0.9638549603083721
1.0427179918857485
1.1213283736461748
1.1986230406889793
1.2690789882992102
1.3210090747002585
1.3372578658289074
1.2993967073480044
1.1953772207528954
1.0289070267578517
0.8270304050257407
0.6412612909259696
0.5379992730100218
0.5766478399047514
0.7791947506086956
1.1024132830806508
1.431099210828414
1.6132105191631823
1.5472450977881493
1.2956926062029197
1.116613758945391
1.1508881320652904
-0.04350263385477149
-0.07342879422616733
0.04106396287978953
0.16098192363362074
0.2502498403324722
0.3154251595789148
0.37215041283500483
0.4316933107115961
0.4985639859314901
0.5723960022638812
0.6504209792786776
0.7292849226757069
0.806192029257065
0.8796262971890781
0.9496630820887235
1.01760757540543
1.0846914872777789
1.1499083109858845
1.2076469803578243
1.2463239753399595
1.2493985890779324
1.1997338095148504
1.0871556514898664
0.917437183397023
0.7192453359535427
0.5445479796827382
0.4584318860838845
0.516990468325127
0.7372335408986714
1.0702566103682685
1.3960121237141294
1.5603577165889746
1.4645605292723758
1.1813227413794039
0.9906266766514591
1.0762214573044844
-0.07141882980189962
-0.12312915664195856
-0.03268299900677363
0.07849303460694301
0.1730634419368542
0.25195712252231317
0.3256884133704254
0.4018644369304756
0.4826008796824057
0.5661001909142249
0.6489654502714111
0.7279255485923171
0.800840654918089
0.8671903064216717
0.9280936201830092
0.9856881419702045
1.0416911695874465
1.0952766290573017
1.140916126473603
1.167308458603703
1.1586627612450027
1.0991703348669577
0.9804242591621927
0.8099896640444928
0.6177313569150278
0.4555555999410057
0.3867384041665227
0.46372980553950693
0.6985556286489985
1.0370934943894667
1.3554360097142037
1.4987502874162644
1.3725690773214865
1.060712662541249
0.8642930241559554
1.0058293452879639
-0.10637938537827551
-0.1775486472352199
-0.11056135427433134
-0.008797147383216242
0.08969917313586606
0.18069930303663462
0.2699399548462367
0.3615990898479531
0.45552356994763166
0.5485191308690718
0.636518915916348
0.7162365002624106
0.7860574410196337
0.8463228900982148
0.8990884695050579
0.9472688270433375
0.9930781122900632
1.0359471270130405
1.0705521824605932
1.0860054788500195
1.0673581394454676
1.000132944653458
0.8775644710430379
0.7087395444250966
0.5243253628373594
0.37570906531330484
0.3239428850178987
0.417604005412322
0.6638351335205712
1.0038410949733354
1.3108674921170866
1.4307316799997452
1.27451263532339
0.9376429675380962
0.7409238207185638
0.9406368218818102
-0.14612162102947224
-0.23340341243410734
-0.18845682005246545
-0.0963993661775504
0.004548527739412833
0.1055761518317766
0.20813799119713394
0.3133549903645374
0.4190450779576511
0.5207319760732612
0.6136848880321747
0.694523578719881
0.7620268714389362
0.8172467738484541
0.8630406975407292
0.903010362617078
0.9398382312633916
0.9732454650021588
0.9981910832795746
1.0042895022405864
0.9774893174938766
0.9046217646262487
0.7804270569745614
0.615254163242053
0.4402129185488176
0.3057754661195933
0.27044138325354083
0.37878281774529476
0.6332541590645402
0.9709987567926408
1.2634347401043549
1.3582800165427855
1.173213015876314
0.8153727120665479
0.6232132372274748
0.8809834110965653
-0.18907003480681084
-0.2882045295153617
-0.2630628034712501
-0.18054873767068358
-0.07856486708654842
0.03014248975048872
0.14335510279631425
0.2596247017927924
0.37507691421127154
0.4841383913821645
0.5814640477870741
0.6635220023122498
0.7293546640698461
0.7805628849617898
0.82064984121012
0.8537856277854248
0.8830585325898614
0.9084762853295166
0.9253203472937805
0.9237599980543166
0.8906667421767277
0.8141380845880735
0.6902807721994222
0.5304634938393079
0.3659192248977631
0.24587235051578737
0.22602220128773887
0.3468928525875068
0.606525380496997
0.9386608137655266
1.2138956927245026
1.2829913015337695
1.0710462937902747
0.6966197785639281
0.5132503744289352
0.8267030900322538
-0.23429974897221229
-0.3402762153302703
-0.3319478728044807
-0.25831321005560426
-0.15652498602820586
-0.04257755812076347
0.07833030354957682
0.20275810103253544
0.3255532314906673
0.44028855935630107
0.5410926003049712
0.6242442697876769
0.6889254193487654
0.7371176620905414
0.7727988005422741
0.8005664533468625
0.8238247821139713
0.8428333904181415
0.8532039893160853
0.8456836329718187
0.8080686625929108
0.7296679909425552
0.6078185617022872
0.45468832658478425
0.30135688925653237
0.1955307901424841
0.18993822561245643
0.3210919379316932
0.5829608254834566
0.9065730896538238
1.162678038998024
1.206102893936304
0.969955875857238
0.5835773757420526
0.41256182235579786
0.7772243724343184
-0.2814266201358748
-0.3886957136775422
-0.39354413649137143
-0.3276257325283929
-0.22699237037209663
-0.11018816406113707
0.015351144713428688
0.14483195781374603
0.27229458290242414
0.3907465166776317
0.4939092737173707
0.5778537551970191
0.6417848732179378
0.6878954902309957
0.720457766779709
0.7443404072879716
0.7631527321630301
0.7773472557486898
0.78284833362192
0.7709803492852212
0.7304490723151364
0.651713028325876
0.5332106712935262
0.38771410934905254
0.24591712664040755
0.1537989187797315
0.16101637241107225
0.3001771776998452
0.5615712456369968
0.8742174413208126
1.1099453513158117
1.128541736469515
0.8714888824725477
0.4779513062873946
0.3221696418053597
0.7316751427966892
-0.3304508784978708
-0.4331775335919694
-0.4470749764792785
-0.38725447294393334
-0.28841281157631826
-0.17096294198056938
-0.04381286921707783
0.08756513244498443
0.2169117205213702
0.3369885920264637
0.44125348557639343
0.5255667478913099
0.5890491403650854
0.6339378601405257
0.6646156092798716
0.6860565029715888
0.7019501430746875
0.7128652779573651
0.7150022434907259
0.7002449963904291
0.6581815778598704
0.5803562637926962
0.46619170652654496
0.3288964196481047
0.19858958381342012
0.11937064672339393
0.13778863637484928
0.28271125036858047
0.541180882858276
0.8409095825317738
1.055675161594145
1.0509837495853134
0.7768428901340485
0.3810056896856935
0.24265308912096373
0.6889812311732442
-0.38158070281273737
-0.47392507290795294
-0.49244169087034706
-0.4367271993184474
-0.33997859852805057
-0.22383949093272104
-0.09793279297793323
0.032274328038356614
0.16074606269186043
0.2803347594329093
0.38439317032627585
0.46858162453322727
0.5318393789852649
0.5762870315563925
0.6062355173299486
0.6265953853164486
0.6410037358021671
0.6500573787668845
0.6501828562454657
0.6337941328474482
0.5913274679039304
0.515350872838821
0.40616783794033207
0.27728361329899875
0.15809596253266017
0.0907246457029316
0.11863003102304948
0.26715267860337555
0.5205440139278616
0.8058973900852475
0.9997371165691185
0.9739135305440207
0.6869132113679655
0.2936083658271684
0.17420638114271725
0.6479521681278015
-0.43505948379064563
-0.511470996180666
-0.5300878248562668
-0.47622595014939506
-0.3815558642345174
-0.26837846052101266
-0.14630765850772098
-0.02013677219044352
0.10484108231634826
0.2219081685764255
0.32447812003107546
0.4080311909870229
0.4712377260244688
0.5159495308107949
0.5462294365515112
0.566757536805635
0.5809834838169663
0.5894381769617344
0.58871685001185
0.5717269176067953
0.5297159340182295
0.456218421984518
0.35233078351563646
0.2317429961324006
0.12302377676335335
0.06626019881029255
0.10189053078354182
0.2519779243792475
0.49845206263186537
0.7684495624172989
0.9419622627257311
0.8976766452184073
0.6023342620341836
0.21627080508815766
0.1166886335034718
0.6073516525333815
-0.49101625812360084
-0.5465245351658865
-0.5608577242609378
-0.5064667141979093
-0.41359088722446735
-0.30469818877977506
-0.18872619899679854
-0.06916296183030113
0.04993777612077255
0.16261683661652176
0.26251332005649314
0.34495285107864737
0.40825903555629184
0.45387362787747454
0.48544484187585746
0.5072622831928701
0.5224561648510452
0.5313967565750387
0.5307874083391609
0.5139894845331843
0.4730252082554872
0.4023451720049789
0.30376667218597786
0.19107864447474698
0.09194864145100207
0.04441882938192887
0.08601067130342943
0.23578590515668063
0.47382297225440695
0.7279275352872991
0.8821976475774544
0.8225200130728076
0.5235118359173221
0.1491806657058774
0.06966546312785482
0.5659536738770399
-0.5493534888433516
-0.5798396506674308
-0.5858625753339766
-0.5285764084963205
-0.43700649016941817
-0.33339485167457816
-0.22541165506540128
-0.11466529434651962
-0.003512651131379718
0.10315128374537472
0.19934647186402388
0.28027096329815493
0.3438327223808907
0.39093483496055115
0.42465746631868795
0.44875067883540576
0.465900648620957
0.47622589352953215
0.4764781747596194
0.46043361636091906
0.4208550965274577
0.35306671855228766
0.25955014409712274
0.1541314848184411
0.06353617614222984
0.023783473189962545
0.0696134400356283
0.2173785859072428
0.4457676320544257
0.6838366603166577
0.8203434868737371
0.7486188758218706
0.4506459952143338
0.09222790587431007
0.03244437933145505
0.5225877319908712
-0.6096805810965407
-0.6121132312989559
-0.6063633391551733
-0.5439763793981243
-0.4530972895535683
-0.35545623608712607
-0.2569570630856477
-0.15682789433891187
-0.05532497072402148
0.043992522035318365
0.13566445076023254
0.2147863054453167
0.27878964073363643
0.32792422129929877
0.3645645280060078
0.391786481230386
0.4117187583893129
0.4241442124090208
0.4258073524622183
0.41086264761289437
0.3727837382532
0.30773385632507405
0.2188168029427302
0.1198551588401084
0.036617639014527165
0.003150063165522188
0.05156821956477187
0.19581440891853186
0.41363118602045956
0.6358555663903216
0.7563728959735965
0.6760913827946364
0.383746587756864
0.045027394102755025
0.004107842436170017
0.476178067032329
-0.6712957636778825
-0.6439176665384849
-0.6236759656356021
-0.5542783356907073
-0.46342983516549197
-0.3721750290566934
-0.284256601299536
-0.19610897303257702
-0.10554974774684428
-0.014573999868146836
0.07199458979727125
0.14916872757545263
0.21385016277555363
0.2655356958904686
0.3057745151126562
0.3368511296616278
0.36023745562555914
0.37530687064550766
0.3787474426506269
0.36506006665137203
0.3284041465183518
0.26575543279685676
0.18081013751988825
0.0873642833759243
0.010236526470131818
-0.018430497877897245
0.031025586786479598
0.17043424474486435
0.3770098009028424
0.5838451480741949
0.6903364347428225
0.6050037608171515
0.3226449839890142
0.0069421636875444115
-0.0164513249398901
0.4257822197307206
-0.7332136776723459
-0.675667622683001
-0.6391004528671083
-0.5611954002902575
-0.4697509593790308
-0.3850652093452487
-0.30843658616175507
-0.23318948001623996
-0.15443997429700917
-0.07244139827388169
0.008708152952695891
0.08395057869645667
0.14961120768184116
0.20435011576854273
0.24879144343687598
0.2843306668349669
0.3117003001661161
0.3298027505952377
0.33522867019116676
0.3227989970506582
0.2873389230235245
0.2266168951753556
0.1449020259241695
0.05595472516100562
-0.016333651755916945
-0.04163911445047147
0.007424514495904089
0.14086209219818513
0.3357457611051702
0.5278406091394636
0.6223553439767047
0.5353702669944571
0.26700642421091647
-0.022888203645324623
-0.030487621142682997
0.3706336387371749
-0.79423155592211
-0.7076170058690678
-0.6538720151069128
-0.5664681321495557
-0.4739052131763959
-0.39578300099825814
-0.33078782830722897
-0.2689211137236429
-0.20241609865154722
-0.1296626517492535
-0.05397508255339001
0.01952009923175535
0.08653166622581882
0.144815888396443
0.19399344973185942
0.2344946401147503
0.266248388395104
0.2876385368752466
0.29512667484458516
0.2838333790100234
0.24923426410914298
0.1898760016661445
0.11058870658723421
0.025098237309780544
-0.043597579392173375
-0.06690067903596156
-0.01952419699655661
0.1069847777957027
0.289905468281771
0.4680313366746729
0.5526082900803289
0.467152613734366
0.21634737929565873
-0.04551006527920265
-0.039350081091342304
0.3101915641332482
-0.8530235219569633
-0.7398791709520935
-0.6691300786578367
-0.5718031542938764
-0.4777603227291598
-0.40605212135284763
-0.3526994902665992
-0.30427395197428997
-0.250029625407688
-0.18643014793168072
-0.11598078832958647
-0.043884537064750484
0.024917249888020576
0.0872274333885267
0.14160740554714357
0.1874689701733737
0.22389304949290098
0.2487122492181185
0.258237336189434
0.2478740327685067
0.2137367747857436
0.1551395702588409
0.07746646104614588
-0.005583923361210469
-0.07186734638086031
-0.09441636719718616
-0.049872731705535855
0.0689163084219796
0.23974598162395422
0.4047340484905668
0.4813166710300225
0.40026332822547017
0.1700616145359053
-0.062106288214955896
-0.04441716911884441
0.24419923159319978
-0.9082504592508727
-0.7724615964392072
-0.6858992024059738
-0.5788205879538815
-0.48313831694929465
-0.41759188847284623
-0.3755934989639278
-0.34028291619751416
-0.29792442019642174
-0.24305236644082262
-0.17737112391413468
-0.10617865030090179
-0.03509291428214367
0.031704266933884506
0.09168274550405625
0.14320639349951064
0.1844842996323968
0.2127806072542454
0.22424347154730165
0.2145546949489795
0.18045852162769824
0.12202701947582584
0.04519306008244975
-0.03636209174678229
-0.10130617085438107
-0.12420945203137027
-0.08348274313022114
0.0269532659225159
0.1856761181431752
0.33836465005912464
0.4087331087885934
0.33457663615171196
0.12745731643239644
-0.07393390200809336
-0.04701972527844589
0.17274879764431716
-0.9586721771527635
-0.8053055713089918
-0.7050753993789591
-0.5890059215357297
-0.49174944308725177
-0.432046241701165
-0.400858058118452
-0.3779917585042123
-0.34679429178482835
-0.29992596894819545
-0.23833069927217998
-0.1674292996187871
-0.09353476010395068
-0.021825569955267188
0.0440687566856251
0.10145922663031319
0.1476802723397449
0.1794258817670267
0.19267946184915344
0.18339444471311836
0.14893706010634805
0.09012770365499731
0.01344217801528115
-0.0674466785954903
-0.1319792933338117
-0.15617742169466292
-0.12007658110809466
-0.018472303853310335
0.12821786444967764
0.26941360957286253
0.3351367450222451
0.26994905885370013
0.08780584902838129
-0.08225000659622594
-0.04835486590472726
0.09634855623349381
-1.0032492070091692
-0.8383219170218368
-0.7274117149284791
-0.603662244695002
-0.5051262230101319
-0.45091190359008904
-0.4297789193072237
-0.4183933102388857
-0.39733540464575623
-0.35750147297635304
-0.29914513291020317
-0.22784543809553154
-0.15061930602844886
-0.07363359543561152
-0.00159992521925717
0.0617597656041194
0.1129234620472394
0.14802854142951719
0.16290052906286107
0.15376359443909135
0.11859779063184422
0.05895959394668018
-0.018141574459154847
-0.09903641082151918
-0.16390456888364147
-0.19014325106891092
-0.1592866319042608
-0.06683662175148264
0.06797299847096316
0.19842850401867085
0.2608374905496156
0.2062501379296151
0.05040063623582469
-0.08822944475299721
-0.04939629970077419
0.01598529536087767
-1.0412233866353517
-0.8714152988299446
-0.7534982133700723
-0.6238598851383479
-0.5245559557257327
-0.4754647352779018
-0.4634677832043239
-0.4623653449513947
-0.45019259961263647
-0.4162411269355528
-0.360170240024938
-0.2877573571919896
-0.20672092144877094
-0.12418649605252202
-0.04590497054104137
0.02341357389772389
0.0794295871806979
0.11775198686251057
0.1340633665327853
0.12486007126737504
0.08872590008677228
0.02793668504555459
-0.04997961877031207
-0.13135909040089538
-0.19709582741247939
-0.22589939554623245
-0.2006970524032629
-0.11755975738757807
0.005598484005676807
0.1260058327515785
0.18618960782758176
0.14340173223706465
0.014622529026482312
-0.09288001110971322
-0.05080884689402865
-0.06682766837195686
-1.0721692345708789
-0.904492087073443
-0.7837335812878372
-0.6503822621383506
-0.5510115243549345
-0.506684710892122
-0.5027884318469626
-0.5106025210286798
-0.5058997165146732
-0.47656854053050046
-0.4217907551247606
-0.34758361485978645
-0.2623512990175255
-0.17412600565191375
-0.08962922281684901
-0.014489775250862397
0.04619419728799083
0.0875449749176899
0.10512411364822472
0.09570256989270623
0.05845434773778759
-0.0036483584815333037
-0.0825819488360996
-0.16469868473947624
-0.23159323632612583
-0.26323936351948557
-0.24387359977503048
-0.1700298489309626
-0.05820748384385188
0.052792391935768235
0.11161310572183591
0.08142236775506184
-0.019993967089718012
-0.09696291162951809
-0.052876771972250936
-0.15002784680092418
-1.0960117054029013
-0.9374497649792204
-0.8182881501984589
-0.6836690173628153
-0.5850823412947275
-0.545181703487045
-0.5482828013749441
-0.5635463595607946
-0.5648154164008383
-0.5388109665808485
-0.4843687930967331
-0.4077849138643882
-0.31811785402351284
-0.22423105127892642
-0.13372209710249677
-0.053045204837191905
0.012020860764623949
0.05616602139492868
0.07485831742659141
0.06514536666616598
0.026772915505012762
-0.036621296443455936
-0.11655036843655457
-0.19940418042421618
-0.2674765844971053
-0.3019734726521599
-0.28837906381096146
-0.22361459816032297
-0.12270878216675973
-0.02050537421248677
0.0376195856380912
0.020471366163597793
-0.05370083635118306
-0.10092757106980343
-0.05545660649121942
-0.23101803351141825
-1.1130099228294057
-0.9701492421571132
-0.8570609985363724
-0.7237599505833714
-0.626909437562448
-0.5911262310960073
-0.6001010083646081
-0.6213169154010671
-0.6270576424122636
-0.6031367421469844
-0.5481838587947732
-0.46880601499821567
-0.37466691487262394
-0.27536184022165133
-0.1792445446941247
-0.09347835136403024
-0.024427035960629194
0.022232218783126964
0.041905626750554814
0.03191774483028301
-0.007438638008748569
-0.0719001444084572
-0.15255959656549345
-0.23587769873954845
-0.3048594817995922
-0.3419274633812785
-0.3337738500525791
-0.27766066536266487
-0.18712591197886153
-0.09310739938810908
-0.035162410294264035
-0.03911386530458216
-0.08649132231031587
-0.10487049376583002
-0.05796522374802748
-0.30672899303749546
-1.123710535307353
-1.002374780071996
-0.8996365988988995
-0.7702456874614807
-0.6761308079528181
-0.6441912156899852
-0.6579411208603161
-0.6836515112128558
-0.6924415510537281
-0.6694921062051804
-0.6133679675220783
-0.5310085833710169
-0.4326139550338677
-0.32838752753787515
-0.22729466510790858
-0.13707008009970809
-0.06455104356871261
-0.015707356089826402
0.004839648349303907
-0.005311378697730046
-0.04535266824455015
-0.11044513876557162
-0.1913158048473677
-0.2745417357521233
-0.34386477885940625
-0.38292486996464314
-0.3796033705732312
-0.33148353864574065
-0.25062544098049666
-0.16414623311008958
-0.1059686502865187
-0.09679474611981931
-0.11807782581930582
-0.10852753145468341
-0.059412852774670455
-0.373739588484284
-1.1288780354695689
-1.0337892032551963
-0.945248895529085
-0.8222330293410689
-0.731844876911774
-0.7035123959864187
-0.7210059726483258
-0.7498573978960441
-0.7604272769074156
-0.7375432183112713
-0.6798411485983973
-0.5945996952830044
-0.492465074138909
-0.3841011901730318
-0.2789172578602157
-0.18506221212437896
-0.10972155387411549
-0.05907598270630583
-0.037739183332205994
-0.047845652054674906
-0.08811296065977042
-0.15318684972964225
-0.2334947229424308
-0.3157878808755044
-0.38458388354604167
-0.424756259257427
-0.4253758993558584
-0.3843521888384933
-0.3123093926408036
-0.23265934508868735
-0.17389371347480242
-0.1518299895865134
-0.14790076328949908
-0.11130746484803922
-0.058488365606791604
-0.42846014171846036
-1.1294123350588023
-1.0638942933329325
-0.9927623914069645
-0.8783342675072969
-0.7926010596323216
-0.7676760354752181
-0.7879853018849365
-0.8187862409468374
-0.8300850375258353
-0.8066304925248116
-0.7472540654343961
-0.6595623795360052
-0.5545357711938765
-0.4431278533001305
-0.3350027984963948
-0.23854972328430596
-0.16116592486160064
-0.1091563052941481
-0.08709252382361315
-0.09685503086266273
-0.13673594321778781
-0.20093710610081872
-0.2796640122505232
-0.359911799910323
-0.42702489980818814
-0.4671404587182118
-0.47053626334551724
-0.4354741732535562
-0.37121055577729534
-0.2975937576027139
-0.23790519839966784
-0.20330208978487363
-0.1751745250376544
-0.11237218830628137
-0.05370049347106942
-0.46737992908401793
-1.1262657234693734
-1.092007400214019
-1.0406804760994834
-0.9366900900506323
-0.8564265809651896
-0.8347427182905154
-0.8570717055744312
-0.8888386756736653
-0.9000856159124493
-0.8757431159560873
-0.8149454871195936
-0.7255958241207747
-0.618874563167661
-0.5058330660914439
-0.3961832959771481
-0.29836684173725103
-0.2198482262481725
-0.16696737865455755
-0.1442221558615753
-0.1532583475123221
-0.19200101681043583
-0.2542898786943299
-0.3301969691813289
-0.4070414493247369
-0.47105645386060635
-0.5096845285305489
-0.5144419989857338
-0.4839876624101864
-0.4262999730741375
-0.3578289402154562
-0.29688306671709874
-0.2501764575554901
-0.19897392245917445
-0.11076499852444499
-0.04357366689072251
-0.48737343335744754
-1.1203717443659968
-1.1172650623277391
-1.0871905603374188
-0.9950348106461213
-0.9208977378522913
-0.9023150960331741
-0.9260181175959143
-0.9580066103564779
-0.9687239669506487
-0.9435216369884432
-0.8819226863703821
-0.7920735462343256
-0.6851999870162606
-0.5722408066714053
-0.46273403974278876
-0.3649762539694365
-0.2863499772168959
-0.23314123372517015
-0.20974667876982855
-0.21760422260605478
-0.25433942931079223
-0.31352138370342264
-0.38518657922416044
-0.4570672273878854
-0.5163555213842735
-0.5518503195651382
-0.5563492545544991
-0.5289670000805087
-0.47651240706297315
-0.4122227583007687
-0.3496876312020607
-0.29139504180658093
-0.218360737920122
-0.10558361490575408
-0.026891075871674275
-0.4860525087408405
-1.1125972674154738
-1.1386625876326661
-1.1302533962364194
-1.0508103108040228
-0.9832614627734007
-0.9676552577928099
-0.9922425632165464
-1.0239593105321632
-1.0339824068066519
-1.008295608851272
-0.9468723388632371
-0.8580277194627681
-0.7528597976386957
-0.6419701205135204
-0.5344911813468667
-0.438371831836894
-0.3607626642771663
-0.3078100174436574
-0.2837880488363168
-0.2899615289795206
-0.3237327752607021
-0.37850021516030197
-0.4443703114345577
-0.5095838842745145
-0.5623683605259516
-0.5929358499611819
-0.595415633525367
-0.569447767987141
-0.5207943090938709
-0.4596832770291597
-0.3952569039752927
-0.326002584976834
-0.23254531292018044
-0.09618878674825737
-0.002970568216852598
-0.462143311193131
-1.1037259902116574
-1.1551349962942954
-1.167740145305384
-1.101331205212995
-1.0406092612125963
-1.0278538367682444
-1.0529827070982147
-1.084176454300521
-1.0936374389780523
-1.0681613305932236
-1.0082080221123224
-0.9221668306742193
-0.8208205834952775
-0.7141996995590327
-0.6107952458818484
-0.5180057364496649
-0.44260350272481863
-0.39051560371038163
-0.3658801093555213
-0.3698315845013159
-0.39963312175331367
-0.4486191129954671
-0.5070766448680488
-0.5638543457762427
-0.6082936451395242
-0.6320793070661548
-0.6307262602114914
-0.6044758527741729
-0.5581767116647023
-0.4992664137604015
-0.4327304355583159
-0.3532992247173752
-0.2410727444134011
-0.08243296670502787
0.028048467560040535
-0.41585818689691223
-1.0944768043887834
-1.1656794876508165
-1.1976153283427884
-1.1439983250847163
-1.090100357711675
-1.0800480314731988
-1.1054981737574714
-1.136127273335485
-1.1454106982477934
-1.1211016754925183
-1.0641578786335248
-0.982931805893221
-0.8876944559567089
-0.7876684670440853
-0.690469895741856
-0.6027502903799911
-0.5307656822117658
-0.4801535196399712
-0.45491129314568113
-0.45609431584272075
-0.48091677383857423
-0.5227598584416062
-0.5722040034802777
-0.6188050194373523
-0.6530959681853329
-0.6682921532885703
-0.6613475552587823
-0.6331826949243049
-0.5878725664659727
-0.5302959005575252
-0.4615925599517876
-0.3730082049283254
-0.24401752828146073
-0.0648869687037461
0.06493652928901383
-0.34922433938794484
-1.0855541058545413
-1.1695128603226266
-1.2181569274892787
-1.17655082386986
-1.1292243293542015
-1.1216795225075789
-1.1473128714209562
-1.1774896556976362
-1.18715979883648
-1.1651458569238606
-1.112892414713795
-1.0385926725458847
-0.9518068791491567
-0.8607180760230493
-0.7718434853930075
-0.6909035330606128
-0.6235130970643257
-0.574961954854762
-0.5491126929151642
-0.5469996629207682
-0.5658826628855057
-0.599301631732641
-0.6382414266620513
-0.6730605490360675
-0.6955559730894201
-0.7005255432328521
-0.6864105346009544
-0.6548857852196173
-0.6093944653221535
-0.5524979375403305
-0.4818233653927937
-0.3854423360691328
-0.24216482996394006
-0.04503633001166918
0.10515977095224116
-0.26632382032585156
-1.0777196450648532
-1.166249479895793
-1.2281969756577773
-1.1973393759816062
-1.156085931856186
-1.150776072303719
-1.1764828223098274
-1.206396879431355
-1.2170992152655886
-1.19856187881658
-1.1526878441284354
-1.0873837740822947
-1.0113061226522584
-0.9313800580497815
-0.8528181252498133
-0.7802448373051877
-0.7185272382513304
-0.672564439540529
-0.6461005838824949
-0.6402133857331975
-0.6523041723643672
-0.6761808785955181
-0.7033378428187487
-0.7250233081454933
-0.7343604446953442
-0.7277710560475961
-0.705221948308044
-0.6692096771398948
-0.6226845881324938
-0.5661385434987114
-0.4940410800172401
-0.39164799340913703
-0.23715153534786282
-0.025413949102158995
0.14476135393897493
-0.1733941962551171
-1.0718675766890424
-1.1560770864828314
-1.2273575491989632
-1.2055946017893788
-1.1696867231348342
-1.1662328476813997
-1.1918676882900439
-1.221692815455107
-1.234035001210544
-1.2200686028246497
-1.1821150613647975
-1.1276706849429325
-1.064310362403031
-0.9975062576525799
-0.9309871669822078
-0.8681433894550734
-0.8130105130349907
-0.7700714661224544
-0.742979211005256
-0.7329231461852628
-0.7375398605210686
-0.7510072710406144
-0.7654232163771868
-0.7729991717599334
-0.7682317787127055
-0.7491926803003639
-0.7173973764469181
-0.6762184874808139
-0.6282443800422972
-0.5721472890178605
-0.49961534321780476
-0.3935014237583516
-0.23153653015947384
-0.009632307438550924
0.1783822979781462
-0.07873730495487052
-1.069076949269915
-1.1398998721566613
-1.2162490194520643
-1.201656789770901
-1.1701701757311014
-1.168061851785815
-1.193376864259296
-1.2231695045035398
-1.2375906208370773
-1.2290482348243723
-1.2002385811119567
-1.1581365740093776
-1.1090833589434956
-1.0569363439780841
-1.0037973744537398
-0.9517178266304473
-0.9038458328986039
-0.8642419361459523
-0.836505247106329
-0.8220062823425311
-0.818704009509232
-0.8212357301618534
-0.82238013392592
-0.8153663300545806
-0.796091437000336
-0.7642821921665628
-0.7230056883561589
-0.676546323236348
-0.6272472135453748
-0.5722072708420551
-0.5007275806799765
-0.39372962745654405
-0.22876809838808754
-0.0022781901996324905
0.1994647385351982
0.007613808206656358
-1.0706102776259883
-1.1194120552402396
-1.1965908529641212
-1.1871262500328115
-1.158990209235455
-1.1575711759968073
-1.1821544932716073
-1.2117546959471754
-1.228395070517676
-1.225734155499731
-1.206804103782554
-1.1779702583951652
-1.1442242679475434
-1.1076909053588906
-1.0687468024803315
-1.0280400829214127
-0.9878070305735096
-0.9516999651095222
-0.9233098895388094
-0.9042551559807688
-0.8928923028596687
-0.8843887836239253
-0.8722586754729496
-0.8507782272098678
-0.8172464389149194
-0.7730247436443554
-0.7227093144730601
-0.6715076419490518
-0.6216135731431063
-0.5687883946972061
-0.5003530779875742
-0.3958278980407499
-0.23301788370486065
-0.008636440122501199
0.20067445581054244
0.07451083384944468
-1.077824740109918
-1.0970622042377158
-1.171211641358454
-1.1648895787649778
-1.138958717814866
-1.1374312306103782
-1.1606630821672663
-1.1896121816838416
-1.2081996555319843
-1.211344149959722
-1.202388428537563
-1.187033160896056
-1.1688519917035793
-1.1481733392583515
-1.1236039377749703
-1.0943708318471548
-1.0618087922392934
-1.0291964911438392
-1.0001682768025653
-0.976649498733587
-0.9574513581176776
-0.9383169080218892
-0.9135208432415665
-0.8783853062907676
-0.8315818594625082
-0.7760559010583474
-0.7178799182830824
-0.663165650427537
-0.6140256352077413
-0.5650999188668209
-0.5021401310223688
-0.40384916794977244
-0.24885662738613235
-0.03421820981532164
0.174566952420264
0.11061330457130225
-1.0919660302402647
-1.0758707772831144
-1.1438862167636614
-1.1389774366576972
-1.1141272832322997
-1.111584126059899
-1.1326238811567837
-1.1601157623921843
-1.1798873364589015
-1.1881261979432658
-1.1884820976108381
-1.1859785949631232
-1.1827602291713633
-1.1773590294128837
-1.1666284640800386
-1.1484082557460473
-1.1231786905863403
-1.0938986264343171
-1.0642990497297697
-1.0366580550521345
-1.0102735491055546
-0.9814771817547889
-0.945293627373303
-0.8980533760734595
-0.8397359991856668
-0.7747858957223688
-0.7106647116110754
-0.6543339831230703
-0.607857121005094
-0.5649395159089239
-0.510165730902072
-0.4220476819009349
-0.28075812805620615
-0.0840848790412565
0.1145005290344443
0.10561648722898553
-1.1138265149377418
-1.059073129963366
-1.1189758948096369
-1.1142162160593614
-1.0894637659125408
-1.0849567181704316
-1.1027754516654191
-1.1276599191789103
-1.1473398080730615
-1.1592842711757245
-1.1674744943529891
-1.1762952070793866
-1.1865168711766971
-1.1949468956302152
-1.196769744085488
-1.1885267871471417
-1.169928067874575
-1.1436831901531397
-1.1136698310880826
-1.0825443605749694
-1.0500908575336823
-1.013202852774013
-0.9676022862070521
-0.9105494198128241
-0.8432287292875333
-0.7714618949585752
-0.7039753304793166
-0.6484856715233782
-0.6069956854655931
-0.5724206792351936
-0.52855561832697
-0.4543723817157499
-0.3324359480953376
-0.16198288878172207
0.01576887105198921
0.05174299591953968
-1.143272155454298
-1.0495804597190528
-1.1008557497055165
-1.095651670618821
-1.0702981516750256
-1.0629496187197027
-1.076421827112128
-1.0972785058482142
-1.115134032076183
-1.1287565046726598
-1.1425144410882129
-1.1602481768185333
-1.1814816542691426
-1.2014472264163336
-1.2138165703210317
-1.2139786590735095
-1.2009935642517036
-1.1774049124035777
-1.147277635407752
-1.1136441381128979
-1.076733800570409
-1.0339286957660558
-0.9815479977585309
-0.9176589473379053
-0.8445079438909389
-0.7691351749838944
-0.7013694605387002
-0.6495444974743734
-0.6155396666171775
-0.5915690768442801
-0.5609703265788646
-0.5038250396369932
-0.4060438396236705
-0.2693389796100689
-0.123117424761233
-0.05459600203641912
-1.178680219210861
-1.0492851608196645
-1.0931435050895715
-1.087750129518966
-1.0615366083882805
-1.0506962066915335
-1.0587606689267197
-1.0740591274769287
-1.0880537270653283
-1.1008293967384257
-1.117228212218552
-1.1406983078974609
-1.1697202779238065
-1.1981818655606382
-1.2184719018027277
-1.2250294301465292
-1.2164177718820692
-1.195105068023027
-1.1653673416586443
-1.1305750767982996
-1.0913142852273392
-1.0453297676879885
-0.9893871668565737
-0.9221930338107747
-0.8468745882657309
-0.7714977529580267
-0.7067959251506828
-0.6615379731271531
-0.6373596437482192
-0.6257924709643952
-0.6099792363183383
-0.5717260385695102
-0.5013073293913948
-0.404211619790658
-0.29912839069379515
-0.21113407665814066
-1.2163863220552287
-1.0582887697098897
-1.0977917725278843
-1.0934257161911773
-1.0666813281862204
-1.0521202687140345
-1.0540125141649774
-1.0623677831289946
-1.0704245610049474
-1.0795913764326102
-1.095293123577096
-1.12079208285407
-1.153802973558447
-1.1871796267528314
-1.2123303292067735
-1.2230001375422432
-1.2174367210234074
-1.1981235839906148
-1.1695470746395387
-1.1353343228784816
-1.0962851307506654
-1.050324926204297
-0.9944638950285345
-0.9278385470974584
-0.8542439659411087
-0.7825529581332091
-0.7241774499895577
-0.6880992379371342
-0.6755288975741252
-0.677249199699073
-0.6763729957639519
-0.656968290525203
-0.6147021566745678
-0.5603548166347991
-0.5035934489200145
-0.4083309762281715
-1.2503195882876241
-1.0742045831146925
-1.1141731881377837
-1.1130039505321605
-1.0867500262627487
-1.0688717032796688
-1.064417688594201
-1.0649386534906604
-1.0653170741672753
-1.068259501015877
-1.079890598559432
-1.1035370037541252
-1.1364924940437895
-1.1709627726813316
-1.197745244764704
-1.2101945667146126
-1.2064447215847238
-1.1890778948591105
-1.162757474053862
-1.1312355973118287
-1.095324657913178
-1.0528918922446877
-1.0009430582575476
-0.9388023657062803
-0.8707006120286422
-0.8060872984890608
-0.7568125825653453
-0.7318180032704689
-0.7316465632298943
-0.746168150549849
-0.7585023081643811
-0.7553887275745268
-0.7388571801564154
-0.7266271955559489
-0.7215569040725995
-0.6285679049890405
-1.2721141664297306
-1.091788254093558
-1.1383812737706478
-1.1433176918060894
-1.1192670729262346
-1.0992905661404109
-1.0892312407518077
-1.081940835999184
-1.0737116307069892
-1.0684568867506687
-1.073100266183996
-1.0913082802653342
-1.1203526200446952
-1.15224125588961
-1.1775886774933575
-1.1897016769622084
-1.1868146990034276
-1.1716760630484053
-1.149053329422685
-1.1226373134906638
-1.0929929407671395
-1.05763843436916
-1.01328978139842
-0.9592003177134529
-0.8998066650775698
-0.8449175703560599
-0.8065901133149325
-0.7934592563212561
-0.8051041046884251
-0.83020990479028
-0.8517795173781693
-0.8594487932510191
-0.8624369320255028
-0.8870744872547363
-0.9320208771479201
-0.8464598385417048
-1.2721301692570819
-1.1032840033014963
-1.1630939911190978
-1.1772456131095623
-1.157602825254898
-1.1376449347475557
-1.123932317471457
-1.110211020006668
-1.093788286903548
-1.0795787630339326
-1.0753489555458238
-1.085377620580072
-1.107345763529075
-1.1335621470070052
-1.1549312373262381
-1.16508203164841
-1.1625659397526462
-1.150341137480666
-1.1331619881739812
-1.1144163467331012
-1.0941079097252242
-1.0690752209102357
-1.035442600075541
-0.9921448689160783
-0.943630132945124
-0.8998982681926861
-0.8730266977233754
-0.871093746862968
-0.8923808486086529
-0.9240056032927129
-0.9485401500981752
-0.9584921722598736
-0.9708542507399329
-1.02212975881217
-1.1096261668117222
-1.030954216928194
-1.2420042467526855
-1.1000480172750713
-1.1785080306109137
-1.2041519353164176
-1.1910740389670025
-1.174012472741957
-1.1599772114920128
-1.1429426445830426
-1.1205951099811156
-1.0984651681727406
-1.085098486952731
-1.0856152947969662
-1.098539564969002
-1.1170044778472885
-1.1327045494936883
-1.139974878866333
-1.137892620617471
-1.1296397327706273
-1.1197944822051369
-1.1111502505852187
-1.1027954222172696
-1.090540883319818
-1.0696330670977545
-1.0384930395017449
-1.001470522167054
-0.9686908132304808
-0.9521621233479323
-0.9592173377256898
-0.9864988546863032
-1.0190684162719776
-1.0385361548630243
-1.039941433829128
-1.0482784757638655
-1.1115153045224417
-1.2284887043903723
-1.1500833685751104
-1.1795871733536387
-1.0762313775209122
-1.1750566391937127
-1.2118752793550414
-1.206392116059689
-1.1953345758767355
-1.185569834121548
-1.1702525462795723
-1.146465341226346
-1.119702053359596
-1.0990473386921664
-1.0905958478481779
-1.0941102794432709
-1.1040670504715848
-1.1134561211636083
-1.117701223516022
-1.1165973150021102
-1.113531842115492
-1.1127037534753867
-1.11598485776463
-1.1211786871924119
-1.1227397732025537
-1.1148148378159135
-1.0952284462593553
-1.0682757981161188
-1.0443187798031772
-1.0353777173834686
-1.0479781242350015
-1.0768225332175234
-1.1043436388910948
-1.1104225835807853
-1.0919071633925626
-1.0815416792780894
-1.1395955691659658
-1.2691067411416839
-1.1794712366742033
-1.0974215926873967
-1.0355804871689998
-1.1488797244621765
-1.191151184326202
-1.191263838301964
-1.1883715470187894
-1.18810509447378
-1.1812105194307687
-1.1627014663058688
-1.1370041031960483
-1.1132373613753117
-1.098439229979931
-1.093918258504857
-1.0959713023485307
-1.0993691467699875
-1.1009899182046752
-1.101515680353728
-1.1044925471501017
-1.1135110827118808
-1.1291855602329122
-1.1476901110535067
-1.161868730848596
-1.1646812311498849
-1.153469578777262
-1.1327673805032674
-1.1135629977920871
-1.1082426536315495
-1.1226818255133821
-1.1494552976863304
-1.1677487148140528
-1.1547064509173595
-1.1078153497395533
-1.0667064892463998
-1.104124321328925
-1.2294845934125362
-1.1159667866693326
-1.036276843061728
-1.002752263842865
-1.1113303170026825
-1.1436447516353212
-1.1412182586541064
-1.1455339457299942
-1.1591656424085635
-1.1681211117533277
-1.1632277815275884
-1.1462964971077554
-1.1256018547153985
-1.108846400285799
-1.0990412737140787
-1.0946960127577938
-1.0927999192816031
-1.092020749952468
-1.0940737126450983
-1.102601273559543
-1.1203583207961003
-1.146400416323928
-1.1750138403519372
-1.1973318961896382
-1.2052727934906216
-1.1961212448303513
-1.17531965341783
-1.155287962022328
-1.1495412614525833
-1.1638082879649119
-1.1885652675664176
-1.1991552020322729
-1.168752002183254
-1.0938130789966465
-1.0192463492633692
-1.0295540261517715
-1.1418855976692157
-0.9980902720324138
-1.0856999250280523
-1.0409540250914233
-1.1041852571817117
-1.0951254086785127
-1.0710613536262485
-1.0748662717262647
-1.1032272612439087
-1.1340964114417105
-1.1511379389806677
-1.1513141236085005
-1.140670021048308
-1.1269456833108222
-1.1147883942068972
-1.1051786731318032
-1.0976860730339126
-1.0930631573865242
-1.0941894260442666
-1.1047523874291016
-1.126491353904072
-1.1567029200690513
-1.1877011559533344
-1.2090731740268268
-1.2122063640251213
-1.1952183566980636
-1.1656780377094265
-1.1388371450818227
-1.1306926707587195
-1.1478459168783388
-1.1790656494100347
-1.195382058646004
-1.1645820724568807
-1.0798906958297323
-0.9890046292835848
-0.9863334369463814
-1.0969327838540188
-0.9353377108184873
-1.4140734555387553
-1.2782145651898418
-1.222690044227818
-1.1157440931571614
-1.032755357733322
-1.015822294065302
-1.0515600669219456
-1.105260124624671
-1.1493362027844967
-1.1727808405005362
-1.1773599484524482
-1.1697576901943876
-1.1558845096843413
-1.1392631535087219
-1.1223028436246238
-1.1080941889217684
-1.1008188271740664
-1.1042141556370098
-1.1189410304455976
-1.1405331627135524
-1.1595445804896372
-1.1645953914577376
-1.1475953912013779
-1.1090516187351795
-1.0606457246492482
-1.0226902680757348
-1.0158429618577998
-1.0493372647546266
-1.1111838533458354
-1.1679047530054731
-1.1803819736488208
-1.135862156531914
-1.0813448175202893
-1.1179131982217996
-1.2771234786342234
-1.148796804287258
