Predicted value
-1.9362429103265246
-1.7009685935543515
-1.41618692151699
-1.117180086809271
-0.8232808922953505
-0.5433029562879715
-0.2795671641115682
-0.030792496752576868
0.2059144078732441
0.4337682347456859
0.6555392978281732
0.8731673794322917
1.087634670251984
1.299000704535916
1.5065235067945937
1.7088105113770546
1.9039602123579724
2.089670976607161
2.263307035827275
2.4219233918994605
2.5622612522281933
2.6807336860832063
2.7734274873554803
2.8361517718334732
2.864566656222369
2.8544264898307468
2.8019715662930893
2.704500060040462
2.561148138633043
2.3739008256843053
2.148849258095143
1.897701523834514
1.6395443107086929
1.4028411706115358
1.2276403358006132
1.167950741956288
-1.5428709605670514
-1.3465949375702675
-1.0999379977122903
-0.8381177694759457
-0.5806394096566804
-0.3366026511265411
-0.10863949087338721
0.10425553155730355
0.3047736999115543
0.4960214177667846
0.6807616689116469
0.8610257446647392
1.0379781625387876
1.2119405014799574
1.3825006874078691
1.5486531071081455
1.7089318368433655
1.8615142725076423
2.004285568912118
2.1348655650109736
2.250609317717551
2.348600017575361
2.425658943096545
2.478401255218298
2.503368867213245
2.497272376680356
2.4573731430960644
2.3820340649783525
2.2714634831671723
2.1286709392100462
1.9606462785197099
1.779764834998432
1.605411195358912
1.465802345571669
1.3999778768912203
1.459910402915492
-1.2298527631490876
-1.0680992202923092
-0.8550923543499825
-0.6258965977328279
-0.40012369487669075
-0.187115075523547
0.010211006493807392
0.1925916949901375
0.3625078447965281
0.5229356426529734
0.6765971441674605
0.8255716640539721
0.9711542497095965
1.1138697533741977
1.253571323792308
1.3895704926235557
1.5207624619825022
1.6457247355886717
1.7627799052303723
1.87002423474897
1.96533270369121
2.046358410313327
2.110549716909602
2.1552122776371427
2.1776451482754617
2.175380566851414
2.1465557419346277
2.090442119823279
2.008153150952326
1.9035455678236604
1.7843216497374645
1.6633309117539161
1.560059144791683
1.502280778731922
1.5278371690011112
1.6864886475106609
-0.9818623929701987
-0.8505375626059815
-0.6671594865504861
-0.4665495249525305
-0.26835753173822824
-0.08211824336343988
0.08899373474920844
0.2454604407502748
0.3895507004946534
0.5240959643565123
0.6517517469821579
0.7746103782371447
0.8940545486042433
1.0107629124447712
1.124798826004726
1.2357311719866462
1.342752187075598
1.4447712911606472
1.5404761452890812
1.6283625677869897
1.7067435426340174
1.7737543892497163
1.8273762564913483
1.8655034840357485
1.886082069578377
1.8873465185885039
1.868180762867972
1.8286256430297267
1.7705506863987082
1.6985016038992375
1.6207271053872276
1.5503793207698047
1.506871342286768
1.5173631996652
1.6183339726579102
1.857182762895803
-0.7862901312666739
-0.6816327568930677
-0.5242547416056442
-0.3486441647293982
-0.1744187281193943
-0.011255057004934104
0.13744988658541932
0.27194123849758295
0.39427995334133226
0.5071446324952088
0.6131055964131465
0.7142406163660536
0.8119849885168279
0.907129918968237
0.9999025202971865
1.090078126253633
1.177091139915243
1.260124269807298
1.3381678064788327
1.4100505769279594
1.4744524142493312
1.5299144230921353
1.5748680361254135
1.6077068708662954
1.626926738093439
1.6313588508000079
1.6205193643954074
1.595094872800182
1.5575784193514344
1.5130639842043492
1.470199309336328
1.4422873464913697
1.4485155906011329
1.5152801195430472
1.6775573287023806
1.9802611538518233
-0.632831670919616
-0.5513713140426059
-0.4167051798251822
-0.2628983534164255
-0.10946518320663634
0.033829403338326874
0.1634032977396152
0.2792870394484891
0.38334272218780574
0.47809347190985724
0.5660117846120076
0.6491397807559005
0.7289372041786529
0.8062737953228655
0.8815015295039794
0.9545591589359157
1.0250765605065628
1.0924595979909746
1.155947585669593
1.214645018338886
1.267537038619948
1.3135041744443683
1.3513562257834264
1.3799078382439829
1.3981193002397023
1.4053254682169833
1.4015734890286384
1.3880861781624332
1.3678625553035548
1.346420162797357
1.3326754261388687
1.3399484868059508
1.3870676747311803
1.4995361186309488
1.710708945436405
2.06291412335719
-0.5131273150450127
-0.4516495074662085
-0.33670338284872925
-0.2018425623028921
-0.06640666322979973
0.05980606109656779
0.17306798763787973
0.2732206598667594
0.36194035092866184
0.44159673363974156
0.5145570196432281
0.5828121997208678
0.647824302388438
0.7105139166526825
0.77132562532872
0.8303254957695043
0.8872994033997552
0.9418337482333913
0.9933710937433646
1.0412424392033803
1.0846852590897695
1.1228621344762402
1.154898789731809
1.1799626614004433
1.1974037930572115
1.2069788983576173
1.2091768925816408
1.2056600888794349
1.1998296173089538
1.1975164807746266
1.2077910402879102
1.2438736507326835
1.3241176756884578
1.4730232239996897
1.722225699837648
2.111387670139724
-0.42044657424826587
-0.37596390964692167
-0.2780047963931951
-0.1595248389905512
-0.03961805886808014
0.07193962812341476
0.17131642080994777
0.25819303044732045
0.33407623475383547
0.4011881652196283
0.46178768602462383
0.5178040043533189
0.5706844616292778
0.6213783213629137
0.6703963200702766
0.7179018112356357
0.7638035367141337
0.8078324334601383
0.8495954541796342
0.8886081765985216
0.9243150256705237
0.9561112643759865
0.9833845499437068
1.0055958315194606
1.022419710664644
1.0339631257538386
1.041078383508625
1.0457821737141162
1.0517862947718748
1.0651384163056388
1.0949623387120624
1.1542769064949432
1.260861020595659
1.4381191028922005
1.715886921741797
2.1311019190450993
-0.3494138527363683
-0.31914219645689546
-0.23566446901582666
-0.13125422705233863
-0.02469016192867853
0.07432986576674405
0.16191227197191535
0.23760700379666985
0.30277028119802984
0.3594858099483675
0.40990474106893665
0.4558879557520757
0.4988555997447513
0.5397682053715682
0.5791812509943843
0.6173306448957192
0.6542204114916984
0.6896958305847996
0.7234954632146555
0.7552839187140681
0.7846739049846831
0.8112510859299554
0.8346185745795235
0.8544795458664539
0.8707764874344117
0.8839040484131816
0.8950093229655673
0.9063887457339989
0.9219846082586484
0.9479765571579978
0.9934543345150397
1.0711474966551475
1.198175927492557
1.3967716750188617
1.6949080124663836
2.1267556873592346
-0.2957711892157079
-0.27711026524438154
-0.2058093142801013
-0.11337887391711352
-0.018214254823325397
0.07011994424310389
0.14771123159008007
0.21401017103183015
0.2702433707705756
0.31836781336984576
0.36043063856616414
0.39822132752359973
0.4331241279121409
0.46609753204350785
0.4977247033843358
0.5282939682441083
0.5578818774612765
0.5864229256431286
0.6137598211106587
0.6396762563163846
0.663920464298272
0.6862324898640823
0.7063910828250782
0.7242974628735439
0.7401129397824784
0.7544655266556024
0.7687372861289082
0.7854392278788896
0.8086741586847733
0.844680001779999
0.902436778469352
0.9943097101399937
1.136688781014662
1.3505716294409529
1.662021836339376
2.1024185818022194
-0.25617428517892965
-0.2466919745336024
-0.1854422807333426
-0.10309528913548328
-0.017597053780342823
0.06167527970339389
0.1308331508913111
0.1892599054377051
0.23807495362120856
0.27912229162294155
0.3143512524943753
0.34547973424928474
0.3738505997301602
0.400410485011737
0.4257569182703485
0.4502144674250872
0.47391363060273906
0.4968573867506238
0.5189697626772796
0.5401284755978705
0.5601897050567237
0.5790173630510027
0.5965318944446638
0.6127946794979972
0.6281435547026903
0.6433928452629589
0.6601076406573102
0.6809568719104488
0.7101430936581385
0.7538987639570012
0.8210292782337137
0.9234720789413436
1.0768288575521072
1.3008142186231269
1.6195492149822523
2.061611916752205
-0.22801831081906776
-0.22543806612050346
-0.1722750623602347
-0.09828545876400782
-0.02090278565020565
0.05073599410800574
0.11280859565554874
0.16466362612147406
0.20733669831345536
0.2425741005396575
0.2722355622644989
0.29796959001387224
0.32107486221334625
0.34247929362721496
0.3627846379244697
0.38233891878730214
0.40131159405609496
0.41975719182947213
0.4376622403663563
0.4549776732265732
0.47164455549483336
0.4876249743173796
0.5029522954986888
0.5178157357148303
0.5326933651578809
0.5485452662896559
0.5670746590104092
0.5910593890965414
0.6247492933882368
0.6743166300707628
0.7483370236494121
0.8582672500252069
1.0188737055939858
1.248551593672846
1.5694597499625627
2.007379644340065
-0.20929022742192407
-0.21148107440198818
-0.16458622168391457
-0.09737875657663063
-0.02671940860930402
0.038545917096584316
0.09470265669556868
0.1410970576636396
0.17870489631863276
0.20919113638112177
0.23433565747315968
0.25572168200554557
0.2746031208366394
0.29188477055457973
0.3081651563975546
0.3238058528409994
0.3390033569037283
0.35385006541451386
0.3683796449939881
0.3825991105014225
0.3965152723294214
0.41016690335931066
0.42367604077349
0.4373323044157214
0.45172301015371225
0.4679192118878966
0.4877236476235044
0.5139809215372797
0.55094315338308
0.6046757970494925
0.6834783997650339
0.7982837704999322
0.9629863786953781
1.1946368407189702
1.5134240995563268
1.9423503913609672
-0.19844460469705458
-0.2034132629645297
-0.16110182846468368
-0.09923581919171759
-0.03404620905843648
0.02596083142232515
0.07721865167935577
0.11910305286988668
0.15255412129121285
0.17917259888098322
0.20066942423843476
0.21856815260889423
0.23407914348303327
0.2480817180281125
0.2611659636482616
0.2736995277221834
0.28589662514702013
0.29787661288394257
0.30970788741180383
0.32143956600739493
0.33312844824193544
0.34487214817090023
0.3568610685555833
0.3694620842474206
0.3833454407475011
0.39966348408135505
0.4202854476605097
0.44808665889489885
0.4872832211314917
0.543794503181935
0.6256056574230482
0.7430909163661615
0.9092456148519872
1.1397607787944875
1.4528587398274397
1.8687916064586747
-0.19430014213239793
-0.20018485479877235
-0.16089593901424762
-0.10305177000924212
-0.04220022056812778
0.013538454204621858
0.06078414786267454
0.09897334485737536
0.1290344455218659
0.15252145479625767
0.17108808690778338
0.18620499929904327
0.19904164819587264
0.21045118348145142
0.22101190015253486
0.23109206573457022
0.2409164757824609
0.250622881150309
0.2603045092340917
0.2700412950333706
0.27992717479927587
0.290103903393618
0.3008133644355283
0.31248027801499684
0.32583560236452846
0.342087801558344
0.36314453921060363
0.3918812864274668
0.4324458290899352
0.4905787530627952
0.5739197042970701
0.6922575921766878
0.8576699570120264
1.0844824844610954
1.388964149020828
1.788656733733754
-0.19595432511616243
-0.20102004001847168
-0.16330845451941525
-0.10827638610407773
-0.05073911586081816
0.0016124452182749982
0.04562153835504615
0.08081540184481138
0.10813432716919437
0.12910315542823686
0.14533059823668626
0.158242024990134
0.16896974700675865
0.17834137664730074
0.18692157426702563
0.19507544591629453
0.2030330482384332
0.21094392217233301
0.21891834201011817
0.22705805924473255
0.23548376962591608
0.24436936508322632
0.25399427782898676
0.2648249101797841
0.27763429858986266
0.2936658122309508
0.31484186333817127
0.3440123366282108
0.38522975654132074
0.4440291320204734
0.5276799771765659
0.6453662306554341
0.8082367149780691
1.0292544177273057
1.3227572673598402
1.7036262457892049
-0.20271385928074398
-0.2053484536635552
-0.16787810147201532
-0.11454900293670667
-0.059398419558960296
-0.00964745933627988
0.031805215722698045
0.06460637313898149
0.08973110092637668
0.10869248455201677
0.1230666980220939
0.1342420022753965
0.14331815278143875
0.15109889877104443
0.15813463703268194
0.16478489184511425
0.17128115754349982
0.17777978958943116
0.18440209199299978
0.19126455167429962
0.19850634201030232
0.20632378654822675
0.21502246783585588
0.22509711368019758
0.23734732205591763
0.2530336245015634
0.2740733643222173
0.3032694084193478
0.3445568482497263
0.4032436044328351
0.486210259037664
0.6020225277426664
0.760896579034383
0.9744429375483217
1.2550990017175705
1.615143290237805
-0.21403873030584142
-0.21275001607685554
-0.17428847335006736
-0.1216461439405645
-0.06804107778672792
-0.020187273667820086
0.01930720601849455
0.05023593790275622
0.07363083166600122
0.09101024386388742
0.1039302946179656
0.1137506532006141
0.12154369798087228
0.12809178027611612
0.13393135852668658
0.13941504703468036
0.14477317044161855
0.15016525932009234
0.15571909187921845
0.16156040999029436
0.16784034268489736
0.17476988512029426
0.18267153390388888
0.1920573987770169
0.20374082413615688
0.21898478987405137
0.2396851477117892
0.268580114723055
0.3094694182809934
0.3674170943439199
0.4489012119959184
0.5618617596296733
0.7155846102591521
0.9203449133364684
1.1867174662778825
1.5244446288359064
-0.2294979312901737
-0.222911219480818
-0.1823252601076224
-0.12944004574437193
-0.07661760071004729
-0.030030812226356386
0.00803295370273349
0.03753969933219064
0.05959912530663168
0.07575132140259422
0.08754466574233576
0.09631889181919256
0.10312456345421181
0.10872567604053912
0.11364580628337312
0.11823019026665924
0.12270634923056245
0.1272344320836037
0.13194533155764035
0.13696988520009093
0.142466121243419
0.14865358095437556
0.15586427150232463
0.16461880485461594
0.17573378686489488
0.19046256472492537
0.21066604845941697
0.2390035213139727
0.27912517287606925
0.33583855573543303
0.4152103095907453
0.524552344101777
0.6722282516272894
0.8672010614368071
1.1182275761961655
1.43258747766
-0.24873508578197123
-0.23559112676287045
-0.19184297082581814
-0.13786642500679722
-0.08513516575364306
-0.039250393024519166
-0.002151216638639602
0.02632460584466281
0.047384333639468666
0.06260553440469635
0.07354082448782444
0.08151862976667462
0.08757347184608907
0.09245442737459489
0.09667378968906822
0.10056961003046193
0.10436573835831912
0.10822124948352997
0.11226775699507639
0.11663811343481882
0.1214933985321858
0.12705693620540165
0.1336643836251042
0.1418377300773343
0.15238835781339677
0.16655017969146754
0.18613830735653142
0.21372174712874661
0.25279029683312326
0.30788615366294336
0.38465976898311055
0.4897972289050792
0.630752927659635
0.8152065624150662
1.0501475413936476
1.3404727900863165
-0.27144237166635776
-0.2505955221248138
-0.20273962507421603
-0.14689999959830105
-0.0936342325634044
-0.04794478485334513
-0.011397592379042174
0.016387727767316958
0.03673444012419934
0.05127249169725155
0.06157025345166856
0.06895330544672579
0.07444596389368335
0.07878606681045078
0.082476604593339
0.08584913088539795
0.08912354574971536
0.09245683551210816
0.09597970987834362
0.09982482521385729
0.10415345135636113
0.10918905617122937
0.11526637541358604
0.1229031334870684
0.13289871154477712
0.1464597512204211
0.16534696326459208
0.19203030864993823
0.2298312634572155
0.283021096219257
0.35683300553928043
0.4573336148711373
0.5910857285095472
0.7645194462455521
0.9829127419538229
1.2488654617515365
-0.2973413193614691
-0.26775781818118416
-0.21493805014806366
-0.15653643517968302
-0.1021713758062672
-0.056223140541734565
-0.01986229781583728
0.007529572796782208
0.027408771691115885
0.04147158199420451
0.0513130743885319
0.058264165120714306
0.06334474679093853
0.06728521590712963
0.07058148965121651
0.07355966500058325
0.07643585443332067
0.0793644620786955
0.08247427051181042
0.08589621959120629
0.08978970295763217
0.09437561320885302
0.09998426149664877
0.10712470951555884
0.11657900972591075
0.12952038133371732
0.14764848319460494
0.1733277085755155
0.2097058487539861
0.2607805809178189
0.33137005890538535
0.42693145115613645
0.5531576069795883
0.7152671680565815
0.9168874051164728
1.1584118781455397
-0.32616921719338265
-0.286925480322717
-0.22837257440238423
-0.16677953811732898
-0.11080718863662255
-0.06419380200312472
-0.027695171553694574
-0.0004370138414292559
0.019185547353183487
0.03294806332750227
0.042482592740920797
0.04913319922037242
0.05392098188933074
0.05757270741979088
0.06057959009898063
0.06326354934724836
0.06583739027817763
0.06845283041396015
0.07123616271589091
0.07431562981900582
0.07784731492883394
0.08204755940445803
0.08723962377303925
0.09392054595413935
0.10285094597503676
0.11516590858825634
0.13249907211718814
0.15710469171242944
0.19195375615782306
0.2407702475785516
0.30796237103155694
0.3983910741584611
0.5169044540105366
0.6675517369715901
0.8523744465653477
1.0696551709965472
-0.35767000742123894
-0.3079508767124449
-0.24298005141641105
-0.17763265716009552
-0.11959824812665248
-0.07195699827589173
-0.03503334831460303
-0.007681448090932448
0.011866147918300202
0.02547610529144903
0.03482703579932624
0.041283519539002285
0.045873264268123645
0.04932315136226084
0.052122115751370206
0.0545893229975565
0.05693496851243381
0.05930825993596944
0.061832782067234936
0.0646335126084508
0.06786228451457038
0.07172950508887621
0.0765494712881313
0.08280469315621179
0.09123128105031703
0.10292269551628458
0.11944302946669748
0.14293351887484051
0.17618718867660413
0.2226564631286317
0.2863472326618192
0.37154030045219405
0.4822673596636751
0.6214537047567411
0.7896237855610664
0.9830484991362073
-0.39158869818702535
-0.33068560117224
-0.2586942857104767
-0.1890933894008094
-0.12859226417660646
-0.0796005851142979
-0.041997721675529315
-0.014352709824035189
0.00527687227986867
0.01885951979050431
0.028129190068593345
0.03447785258263549
0.038944939123435496
0.042261059687456214
0.044915277971981804
0.047225499705014065
0.04940014516287019
0.051586282366073474
0.053904817746803106
0.056477204706366864
0.059450465586355625
0.06302815731980119
0.0675142735662646
0.07337499462480086
0.08131969901865235
0.09239776551278897
0.10810144961751077
0.13045754250573138
0.16208164088574142
0.20615870188268096
0.2663021555481025
0.34623122739535633
0.4491923125065448
0.5770352694319509
0.7288393944626163
0.8989666230586002
-0.42766844968797746
-0.3549774464654106
-0.2754430582207106
-0.20115081077516228
-0.13782565540851413
-0.08719809394309161
-0.048691580770937624
-0.02057866869428415
-0.0007311653656580879
0.012930807537967666
0.02220453764983273
0.0285157212598186
0.03292029947603211
0.036156046503136245
0.03871449519249237
0.04091379838538085
0.04296150960697703
0.04500305153284671
0.04715685349896462
0.049540808318121375
0.05229685195754394
0.05562113538208183
0.05980646423188141
0.06530145714055414
0.0727872455669157
0.08326753516790296
0.09816149913973887
0.11938130575628243
0.14936712369524585
0.19104222782205738
0.24763937305506414
0.32233694292198545
0.4176295405935061
0.5343427017031244
0.6701852982903018
0.8177159998940877
-0.4656496171320993
-0.38066932710493984
-0.2931470687334222
-0.21378456773098165
-0.14732290932183495
-0.09480846916979557
-0.0552008225953626
-0.026466858139562302
-0.006283446491034483
0.007549046637134744
0.016898393069787403
0.023229791238630275
0.027620116363902943
0.030817529911649995
0.033318268221533845
0.035442208265020994
0.03739697104897759
0.039326898382690795
0.041348254734565
0.043575490875697585
0.046145388098691384
0.04924640916888236
0.05315964296912405
0.058315372195847905
0.06536554561078253
0.07526732640693994
0.08936644436673191
0.10946132983184191
0.13781998022621614
0.17711123313272698
0.23020062187817303
0.2997482983877887
0.38753265188681074
0.4934082590103656
0.6137906991914724
0.7395435869877715
-0.5052701485575525
-0.4075995638357468
-0.3117202230095113
-0.22696527475011555
-0.15709718957071386
-0.10247697597292763
-0.061595242219598306
-0.032106220836968145
-0.01148431233713194
0.0025970561689048423
0.012082450983306351
0.018481769683491685
0.022896866448728896
0.0260892776933665
0.028562045071917255
0.030638186297227712
0.032526314899391805
0.03437028620737022
0.036284576614931584
0.038380414755009924
0.04078950470934734
0.043692540980834846
0.04735864081174979
0.05219933969958809
0.05883693880087677
0.06818178647969839
0.08150654870913863
0.1004977025279516
0.1272554014488992
0.16420253976693325
0.21385231228212212
0.27837085519145655
0.35885769097286513
0.4542517131414111
0.5597543639591942
0.6646445076844198
-0.5462668423932717
-0.43560304637161246
-0.3310707944082948
-0.24065576214212184
-0.16715175062850124
-0.11023685577054096
-0.0679304960114891
-0.03756943939053116
-0.016419714268698597
-0.002021818208180056
0.007651071520801949
0.01415816268366034
0.01862994280665739
0.02184406212563844
0.02431232032679761
0.026362211947557196
0.028204234735718963
0.029982352983099536
0.03180966201336817
0.03379444877023445
0.03606351497895975
0.03878985179886108
0.042230556404513356
0.04677828968620707
0.05302561840335718
0.06183629281545679
0.07441091021130027
0.0923265340160353
0.11752070543461755
0.15217992804690406
0.19848115356140877
0.2581220772191256
0.3315621922732739
0.4168815827128144
0.5081483801045852
0.5931687022584027
-0.5883770677297644
-0.4645128868317985
-0.35110308346841923
-0.2548128099722609
-0.17748180935464525
-0.118111393640195
-0.07425041784742477
-0.04291554876745417
-0.02116016410244558
-0.0063870280865287255
0.003517553732635264
0.010166123481351284
0.014721062574717378
0.017978619223806332
0.020461146142643324
0.022501858597971117
0.024313981730950424
0.026042165974177748
0.02779853854718865
0.029688755596424563
0.03183495170894711
0.03440257943045964
0.037636819214913034
0.041911548082604264
0.047789811323695634
0.056089374011960604
0.06794026604677403
0.08481330407737966
0.10848940413976298
0.1409291183105002
0.1839902653112224
0.23892880693929652
0.30560427761245545
0.3812961313548822
0.45902135737713845
0.525226660169799
-0.6313406396743058
-0.4941622636375284
-0.3717192841396934
-0.2693890871545895
-0.18807660409063232
-0.12611614102741747
-0.08058944533210508
-0.04819260200666908
-0.025763671118790354
-0.01056405800252596
-0.0003894214223675955
0.0064295565815598085
0.01109002006608471
0.014409044589251475
0.0169211708308753
0.01896648159796499
0.0207617161382541
0.02245275836792481
0.02415117038810369
0.025960297676327744
0.02799787575139414
0.030422048080292394
0.03346628968174388
0.03748594843971477
0.043014994729596995
0.05082613773703964
0.06198075197213397
0.07784708810728055
0.10005604655307103
0.13035339829037004
0.17029577355596018
0.2207250331910855
0.28094181796446915
0.3474841661313636
0.412401127045387
0.46089430695777955
-0.674901622902307
-0.5243862344130678
-0.3928213422023645
-0.28433508965290316
-0.19892144490397576
-0.13426110816354997
-0.08697498223059406
-0.05344022802369831
-0.030278517893666538
-0.014607438990865378
-0.004129058805262087
0.0028855829592180494
0.0076708759315978195
0.011066701833203933
0.013621266552122688
0.015682570380202283
0.0174715945956517
0.019135968658167992
0.02078707327315667
0.022526258634467024
0.02446714242861798
0.026760826835212692
0.02962936594560546
0.03340995290236325
0.038608107793131584
0.045952661071640005
0.0564385711832424
0.07133561730005057
0.09213179677886194
0.12036986030117473
0.15732386379609847
0.20344993334138026
0.2575316554425452
0.3154256485627718
0.368296970674055
0.4002171000809322
-0.7188099086051141
-0.5550233667087606
-0.41431265987823807
-0.29960093840651764
-0.20999962349099088
-0.1425528037342224
-0.09342958467678146
-0.05869197994677647
-0.03474578495976152
-0.018563462143130264
-0.007751362233490291
-0.0005185811463441308
0.0044086219127778895
0.00789467019525758
0.010502759978556955
0.012589766039833295
0.014381582645190388
0.016028060763103615
0.01764076003375678
0.019319337732552608
0.021173574713379616
0.02334781826280811
0.026053032097720287
0.02960871255342564
0.03449268549454727
0.041391268794358144
0.05123549852727273
0.06520110146133104
0.08464068018022139
0.1109061883651483
0.14500824058313405
0.18704615151762238
0.23532886209699957
0.2850921125843347
0.3267013935447469
0.34321337286279013
-0.7628224734926132
-0.5859170971427141
-0.4360995607497343
-0.3151379560530613
-0.2212941080588902
-0.15099605451523268
-0.09997291227475574
-0.06397742435955543
-0.03920158464601681
-0.022472563063265418
-0.011299674887894982
-0.0038283249631948166
0.0012563166844764505
0.004844715473689984
0.007516238812064167
0.009637506332005325
0.011439943928342751
0.013076066431373604
0.014657949018029331
0.016283841436495305
0.018059959953132306
0.020124187782434477
0.022676753788486718
0.0260199696074272
0.030604815192250823
0.03707660028137945
0.046305122598247594
0.05937672085817967
0.07751641004854115
0.10189791611600205
0.1332879252982304
0.17145825803390904
0.21428599683211247
0.25644686983726533
0.2875914452466034
0.28987695438074124
-0.806704284355342
-0.6169167828625247
-0.45809248087715254
-0.33089999177523155
-0.2327889972542334
-0.15959558494195794
-0.10662343097291865
-0.06932396611413864
-0.04367900726886939
-0.0263713894845709
-0.014812868783049365
-0.00708395505846106
-0.001827348795490264
0.0018747327120815578
0.004618872770449156
0.006782227152417622
0.008602326004506099
0.010234761338999561
0.011792438983047911
0.013372468708056877
0.015077760794756848
0.017040019659947114
0.019449103537466126
0.022590681725906434
0.02688979574644814
0.03295234605340002
0.04158970986508544
0.05380367639106311
0.07069969138080406
0.09328606166632802
0.12210531037440644
0.15663132290024154
0.19435231072149833
0.2294449728466788
0.25092958129254966
0.24017908562914736
-0.8502288579440472
-0.6478784540771322
-0.4802068954597086
-0.3468445056714803
-0.2444707479066264
-0.16835737592024996
-0.11339989258358334
-0.07475844003331551
-0.048209818177174416
-0.030294598325770812
-0.01832723780221533
-0.010322681378678025
-0.004880128145406221
-0.0010534197752717083
0.0017721600517861735
0.0039850232124930985
0.005829337623864055
0.007464162390758728
0.00900353135988218
0.010543665164843891
0.012184410690084045
0.014051566383241147
0.01632498016334224
0.01927423196351908
0.023299363369263068
0.028968520524000948
0.037037561630475675
0.048428675136523956
0.06413588721482759
0.08501503558555167
0.11140437924594164
0.1425095284194072
0.1754728441758433
0.20403290086240553
0.21666405487713314
0.19406964857418085
-0.8931785236034013
-0.6786653128202594
-0.5023640255409852
-0.3629334579604984
-0.25632922403242286
-0.17728985363970612
-0.12032264606194643
-0.08030852986134357
-0.05282597200367815
-0.03427645513621501
-0.021878174303447698
-0.013580364836677093
-0.007938033547080947
-0.003975797526703864
-0.0010600106602099975
0.001209650785179888
0.003084493550872691
0.004727416094020259
0.006253864227138988
0.0077594057522828155
0.009341049918499324
0.011118944776646768
0.013263274387140136
0.016028076511299304
0.01978933804316485
0.02507912817339962
0.03260072627767929
0.04320172094626594
0.05777292657672696
0.07703071269548138
0.10112899681349757
0.1290347423145056
0.1575873567779937
0.18014793141150812
0.18472882706483557
0.15147772477999855
-0.9353444652195484
-0.7091480510995487
-0.5244913961329198
-0.37913407409481137
-0.2683586392116973
-0.18640498273292125
-0.12741485816635512
-0.08600409626710138
-0.05756103086795416
-0.03835232823100747
-0.025501727623913246
-0.01689313112435424
-0.011036998074849981
-0.006928075989574878
-0.0039131068979688325
-0.0015792579390885306
0.0003323906615914924
0.001988936452336551
0.003507511849146222
0.004983256021756913
0.006510549432414562
0.00820412448953938
0.010224825836006736
0.012811676463085293
0.016317539283577858
0.021240076168875095
0.02823292591192958
0.03807407727906012
0.05155933141547763
0.06927855752995475
0.09122117516061637
0.11614497357387961
0.1406290321295902
0.15771716291486398
0.15504298676451642
0.1123115041047244
-0.9765266396269595
-0.7392050811781355
-0.5465233357430201
-0.3954195744984197
-0.2805584811315721
-0.1957193538554521
-0.1347037359153543
-0.09187850957055949
-0.062451586227523434
-0.04256018186447043
-0.029236153964039863
-0.020298965703261576
-0.01421450698114528
-0.00994721183609125
-0.0068236397606898005
-0.00441790620280425
-0.002463026991652568
-0.0007873543884445334
0.0007281992244788213
0.002178558491590975
0.0036556669957296586
0.005269052429570098
0.007170515369484356
0.00958455927420723
0.012841820201974557
0.017407187359805367
0.023887558124837647
0.032996271767571334
0.045442242917993966
0.06170169700533734
0.08161922362810906
0.10377263823053556
0.12452290573211335
0.13665616003606804
0.12750967878763575
0.07645757152168495
-1.0165336806873506
-0.7687227819466083
-0.5684015176557706
-0.41176996717587966
-0.2929345157987447
-0.20525536365941582
-0.1422218503547435
-0.09797008917193652
-0.06753878960409894
-0.0469421775534963
-0.03312357114030141
-0.023839408187325974
-0.017511321082285862
-0.013073187670999385
-0.009830924950109395
-0.007345107448977486
-0.005340256159849522
-0.003639828535763754
-0.002122517269493196
-0.0006934071366098727
0.0007371830259423657
0.002273760285050327
0.004059340846805973
0.006304360389477383
0.009318074233915896
0.01353417357251467
0.019515640185442287
0.02791601916428868
0.0393653352959529
0.0542388420910449
0.07225570112873941
0.0918425715913829
0.10918397373468483
0.11686720374049786
0.10201454908647639
0.04377961139777767
-1.0551829018208503
-0.797595868191783
-0.5900756454598391
-0.4281730028841598
-0.305499969682421
-0.21504258521755337
-0.15000866056844525
-0.10432375043127311
-0.07287009553917562
-0.05154649015965945
-0.03721182857392617
-0.027561460602767294
-0.020973411062317922
-0.01635096335231267
-0.01297904504208031
-0.010404255167872982
-0.00834221083177792
-0.006611136439933446
-0.005087244378592557
-0.003675432943274937
-0.0022881277513485646
-0.0008256885244128219
0.000846334133656592
0.002924705671667134
0.005698079513753604
0.009570440199361806
0.015063574471633652
0.02277595125056845
0.03326651749402622
0.04682197303518065
0.0630551017468945
0.08026973697915175
0.09451495430261118
0.09823714232701733
0.0784237309050905
0.014116583538090016
-1.092300504855798
-0.8257279840730867
-0.6115043792463495
-0.4446253859326765
-0.3182769808744706
-0.22511941924285142
-0.15811232862903948
-0.11099295099311371
-0.07850131087617615
-0.0564294355891035
-0.04155669265123976
-0.03151981330811418
-0.02465421035108473
-0.019832745536233782
-0.01631912849740762
-0.013645607011523616
-0.011518509645693608
-0.009750498037858159
-0.008215049178020675
-0.006816689908340085
-0.005469818289813631
-0.004079541333584358
-0.002519807708568631
-0.0006071892566447271
0.0019270616853983645
0.0054586091990550265
0.010470630381978136
0.017511059011714212
0.0270753402695964
0.039373719971163096
0.05393122219796305
0.06895659882799773
0.08040369137580952
0.08063485793582485
0.056581414031473945
-0.01271955603468864
-1.1277220896871927
-0.8530326082962563
-0.6326565846488083
-0.4611343189997643
-0.3312983952651175
-0.2355351009600969
-0.166591900305993
-0.11804201229518722
-0.08449902784370976
-0.06165798999083784
-0.046224430268364786
-0.0357794747007448
-0.028617276253878127
-0.023580668767370822
-0.01991204232521283
-0.01712898348549341
-0.01492817764354132
-0.013116406887267255
-0.011564166861023326
-0.010175442227508014
-0.008866494148661148
-0.007547096638639885
-0.0060994835173708165
-0.004353305854362301
-0.0020591230819626445
0.001131668782409529
0.005666059291828011
0.01204577386037788
0.020710047717769405
0.0318043924882126
0.04478418160126836
0.057790149963938595
0.06672021267627354
0.06390838521473052
0.03630706159589078
-0.03694649427460303
-1.161293537413529
-0.8794343363461763
-0.6535129644709028
-0.4777194376441127
-0.3446099607485268
-0.2463521142386719
-0.17551990285056587
-0.12554886826006667
-0.0909434944448539
-0.06731275614581604
-0.05129484897724923
-0.04041886624426324
-0.03293942423266393
-0.027669956483867345
-0.023831570197623234
-0.020926956261017038
-0.01864284032590192
-0.016779827691117046
-0.015205201333100556
-0.013822252111333583
-0.012549024795982307
-0.011299924966666043
-0.009965421855997933
-0.008388072701947885
-0.006337256971693647
-0.003490315768980563
0.0005657853203665719
0.006290640911719925
0.014074238543915209
0.02400863797312299
0.035497090229975575
0.04663860908473281
0.05331347996997162
0.04788174492402716
0.017392364898670073
-0.0588144390212509
-1.192872309376192
-0.9048705747246342
-0.6740681020729822
-0.49441515946604825
-0.35827294161188195
-0.2576490336091407
-0.1849853800747492
-0.13360826196341735
-0.09793194435937604
-0.07349140135967767
-0.05686482070013022
-0.045533412841906394
-0.037714368681631125
-0.032192598712821076
-0.02816811619445904
-0.0251285695157627
-0.02275045632737569
-0.020827935980799173
-0.019224869222420005
-0.01784372676850505
-0.016604293185547462
-0.015425621258897291
-0.014206436594212548
-0.012802124403455885
-0.011000522122463037
-0.008503964533049751
-0.004931354261731622
0.00013856825806694769
0.00705313320041491
0.015861739204215637
0.02593239442276578
0.03534783481195814
0.04000789977237157
0.03235158525844825
-0.0004019434474684875
-0.07860908476980401
-1.222329165873417
-0.9292936434532136
-0.6943329069802342
-0.5112734341546258
-0.3723671365426224
-0.2695237760783781
-0.19509734625603453
-0.14233537242025796
-0.1055823699581221
-0.0803125526199634
-0.06305227749420908
-0.05123962017371131
-0.043056865221338586
-0.03726154501300239
-0.03303293624946378
-0.02984359972669778
-0.027359597180818665
-0.02536841102011626
-0.023730300366148066
-0.022346821890601925
-0.021139498297317094
-0.02003210280195435
-0.01893171644786641
-0.017706578408265308
-0.016162759404340518
-0.014026816859079198
-0.010947809249703308
-0.0065393281603969905
-0.000490521613877009
0.007215596782112024
0.01592795965659092
0.023737537202232234
0.026599696889504698
0.01708375754484253
-0.01734926422907745
-0.09665448224736464
-1.2495502612806444
-0.952673236165142
-0.7143374063540217
-0.528366833960929
-0.3869942371300749
-0.2820971982477909
-0.20598859414898024
-0.1518698075503104
-0.11403767613005938
-0.08792008907260698
-0.07000062234616573
-0.05767958532800525
-0.04910730447467051
-0.04301536639804974
-0.03856285479414136
-0.035207315022530966
-0.03260423859344251
-0.03053424922830226
-0.028853864361576907
-0.027463672788744734
-0.02628698248015935
-0.02525242421579617
-0.02427561849396
-0.02323779697050461
-0.021963187336500517
-0.020201993884111535
-0.017631906885231845
-0.013898224157721205
-0.008720839662382612
-0.0021055185026830894
0.005292992868849781
0.01159740625608678
0.012853291389476128
0.0018099907174819543
-0.03376010309368941
-0.11331559095027043
-1.2744395168996396
-0.9749991319412865
-0.7341337710512112
-0.5457918694844603
-0.4022814093584123
-0.29551692014523917
-0.21781973858707093
-0.16237984589364896
-0.12347009945132215
-0.09648771903121847
-0.07788344547582361
-0.06502583490956132
-0.056036655502812276
-0.04962328856266384
-0.044925373070075936
-0.04138564457460853
-0.038648977436908
-0.03648901561832373
-0.03475844339884666
-0.03335687540155914
-0.03220950695648377
-0.0312500329916488
-0.030402888136873966
-0.02956255440875269
-0.02857149755608915
-0.027203200726172685
-0.025162736406261134
-0.022124326444029
-0.017833357198041543
-0.012309314357070507
-0.006196051537797436
-0.0013166802666848979
-0.0015021382160608642
-0.013775129439284575
-0.049984606677772
-0.12900025343617974
-1.2969211090985704
-0.9962839896632982
-0.7537994020032351
-0.563672353066631
-0.4183849184063566
-0.30996119542221756
-0.2307833158329185
-0.1740667487671258
-0.13408571680071685
-0.10622366877474632
-0.08690937714843817
-0.07348632581613698
-0.06405159858916992
-0.05729044075549385
-0.052324018124365816
-0.04858061158260487
-0.04569453227583547
-0.04343239492494625
-0.04164301633738854
-0.040225084717406046
-0.039105844761355604
-0.03822433558647834
-0.0375141751263367
-0.03688347757617402
-0.03619319162920644
-0.03523992845284949
-0.033755181454640834
-0.03143969672367449
-0.02805960544723612
-0.02363974943655328
-0.018799389992673967
-0.015286160545990576
-0.016775676653360272
-0.030016624877665585
-0.06641438664853715
-0.14416028625235192
-1.3169418382130582
-1.0165659840798251
-0.773439831595752
-0.5821625615718206
-0.4354935471039636
-0.325642578162364
-0.24510769000006463
-0.1871688962990997
-0.14612879986614838
-0.11737524333319196
-0.09732684155437417
-0.08330937806073266
-0.07339962188222739
-0.0662631001140555
-0.061003717634148504
-0.05703582021351688
-0.05398332274327177
-0.05160584227423682
-0.04974835786959563
-0.04830873775052762
-0.04721650071179469
-0.046416385141281255
-0.04585165703708689
-0.04544457002045316
-0.045074967335099435
-0.04456266004597613
-0.04366489894554337
-0.04210695188597702
-0.039671475223719666
-0.036380999631058036
-0.03281740854044854
-0.03063274378365673
-0.0333169994119507
-0.047300733078121396
-0.08348330656852122
-0.15929133493614375
-1.334473063272639
-1.0359109630283294
-0.7931911156397303
-0.6014498719208988
-0.45383148066682455
-0.3428110595140617
-0.26106044154417435
-0.2019654251734681
-0.1598856971099802
-0.13023294532579785
-0.1094284029320022
-0.0947882363974177
-0.0843737845634146
-0.07683364021779159
-0.07125591544377993
-0.06704171739799578
-0.06380485443624034
-0.061298065440946396
-0.05936258965131108
-0.05789564209927632
-0.056829302754038254
-0.05611443751721994
-0.055704518132749875
-0.05553656772238241
-0.05550990087220216
-0.055467823819898586
-0.05519298316960902
-0.05443357253323377
-0.052985097406853365
-0.050860831280754755
-0.04859344229412346
-0.047720501523215414
-0.05151767307730704
-0.06605530441246658
-0.10166685450171967
-0.1749310895640242
-1.3495117989167726
-1.0544137173440822
-0.8132213044142519
-0.6217564564431332
-0.4736602448517523
-0.3617562627174522
-0.2789508290238981
-0.2187789629725614
-0.17568784268708185
-0.1451337567201838
-0.12355431480313807
-0.10826487810262325
-0.09731677071179441
-0.08934481504392709
-0.0834230660607039
-0.07894027469557818
-0.07550056126820695
-0.07284999697122478
-0.0708262474881576
-0.0693260993135772
-0.06828453823620215
-0.06765905255508536
-0.06741396277082036
-0.06750180657037429
-0.0678421047482446
-0.06830217212066347
-0.06868998933606799
-0.06877548860654278
-0.06836390062395122
-0.06745303312352886
-0.06651547555934793
-0.06695672100279852
-0.07181103750960101
-0.08674857866539053
-0.12147966865712617
-0.1916554028700033
-1.3620804738881502
-1.072197858937948
-0.8337304861489454
-0.6433395309487145
-0.495279191474127
-0.38280819286321727
-0.29913082408078107
-0.23797696375073585
-0.19391340255590567
-0.16246310014292295
-0.14009479597891325
-0.12413259809004279
-0.11262377291241729
-0.10419292544573594
-0.09790206336205791
-0.09312865352855887
-0.08946767639676859
-0.08665883473401295
-0.084536450068166
-0.08299715482687296
-0.08197923231966417
-0.08144734227836863
-0.08137736848048108
-0.08173820887416716
-0.08247046944493291
-0.08346619265516643
-0.0845589214913075
-0.0855395428118424
-0.0862204406451847
-0.0865784931823147
-0.08701633828733692
-0.08879108325240816
-0.09467021709430842
-0.10988586977080776
-0.14347072412844855
-0.21007179502193823
-1.3722247452572234
-1.0894136983543088
-0.8549487932183628
-0.6664895464143338
-0.5190239243142145
-0.4063359379156724
-0.3219941209019547
-0.25997105191515746
-0.2149869716090071
-0.18265490111066388
-0.15949046289625188
-0.14283680961435846
-0.13074365291818507
-0.1218293247328662
-0.11514606943225622
-0.11006132897172775
-0.10616161596276324
-0.10318064382388095
-0.10094967034324141
-0.09936548308366314
-0.09837008389325894
-0.09793588719701862
-0.09805110457893372
-0.09870191826321573
-0.09985102030932551
-0.1014160844914388
-0.10325671578114386
-0.10518435993513535
-0.10701652474995602
-0.10870443692597309
-0.1105719060252906
-0.11371266155571275
-0.12060374260772097
-0.13600362355623158
-0.16821562595618944
-0.2308097677533582
-1.3800086490592711
-1.106233400848533
-0.877131650260471
-0.6915256053370201
-0.5452619498365805
-0.4327436101746951
-0.3479724153276147
-0.28521367665594755
-0.23937663209363752
-0.20618907028478273
-0.18223024687978606
-0.16487339916557578
-0.1521777283446607
-0.1427596229371219
-0.1356641138008179
-0.13025005299062303
-0.12609626694995293
-0.12293092118968474
-0.12058252050338347
-0.11894832773602285
-0.11797448700866846
-0.11764175594640103
-0.1179514577036245
-0.11890802927235401
-0.12049733953764231
-0.12266375065250495
-0.1252936713850733
-0.12821907298576654
-0.13126107867455764
-0.13434126890044032
-0.1376967379195121
-0.14224416481720004
-0.1501481957065974
-0.1656602453111797
-0.19630538732885364
-0.25450728571789066
-1.3855062463325685
-1.1228425796684367
-0.9005514244253792
-0.7187872661654279
-0.5743847208718612
-0.46246270245842347
-0.37752813526610535
-0.3141912670732083
-0.2675875729140414
-0.23358561560032307
-0.20884601710971848
-0.19078386779044845
-0.17747542947210557
-0.16753984591321439
-0.16001773139821795
-0.15426093756298112
-0.14984147152110225
-0.14648242692584884
-0.14400986557689943
-0.14232182240982222
-0.1413689730318644
-0.14114097223270594
-0.14165301594586263
-0.14292876980794383
-0.14497841660149782
-0.1477741743152487
-0.1512301981556627
-0.15519927543851175
-0.1595051237209528
-0.1640363816461394
-0.1689365106060572
-0.1749327753266542
-0.18385721468494318
-0.19942302232312112
-0.22833100177240356
-0.28179271468173417
-1.3887887936519834
-1.139427356804831
-0.9254845110270938
-0.7486217737815949
-0.6067951174822588
-0.4959399108801686
-0.41114268320145964
-0.34741295881211853
-0.30015135162352224
-0.26539447790030984
-0.2399030154314809
-0.22114637801895537
-0.20722595876777
-0.196768695571125
-0.18881379931417858
-0.1827078315153338
-0.17801689522530248
-0.17445948285499144
-0.1718594790457633
-0.17011591757240888
-0.16918431042275167
-0.16906367647072038
-0.16978376839449766
-0.17138840153050974
-0.17391319904008726
-0.17735945594113794
-0.1816701620646428
-0.18671948267775507
-0.1923331472142703
-0.19836421311177146
-0.20485652501536622
-0.21233685141315017
-0.2222861229608733
-0.23785039117529488
-0.2648630446698974
-0.31326143451553706
-1.389906329175238
-1.1561557850112059
-0.9521927530291909
-0.7813656207985343
-0.6428892776698585
-0.5336193461872233
-0.44929912334012057
-0.38539383645792186
-0.3376097560448661
-0.30218006053805213
-0.27598508768669994
-0.25656170584070487
-0.24204496774275297
-0.2310749412835153
-0.2226926179462351
-0.21624105217787368
-0.2112813555214336
-0.20752782987064686
-0.2048023465064324
-0.20300503348692006
-0.20209639533193313
-0.20208512761114372
-0.20301607685519923
-0.20495400500348068
-0.2079610192233326
-0.21206869422611874
-0.21725001700784194
-0.22340129509884085
-0.23035006076077447
-0.23791174696225106
-0.2460254782395782
-0.255007682548738
-0.26597136078134254
-0.28146872059354117
-0.3064254624251475
-0.3494462699091647
-1.388862418977807
-1.1731523804004405
-0.98089795006339
-0.8173192034785215
-0.683031551408866
-0.5759179182448795
-0.4924581103639477
-0.42863150217888973
-0.3804920905209619
-0.34449929331142254
-0.3176735679955983
-0.29763297078713435
-0.2825551412402333
-0.27109884987672206
-0.2623101613852572
-0.2555304141244162
-0.25031657014235353
-0.24637902051564972
-0.2435376103514788
-0.24169344813279406
-0.24081195705840466
-0.24091158348112104
-0.2420525713201091
-0.2443212132607368
-0.24780697149905537
-0.25257279458115345
-0.258622814372484
-0.26587636021142114
-0.27416284769727906
-0.2832585591783551
-0.29299360368275407
-0.3034653976163619
-0.31540381588086536
-0.3307426979827128
-0.35346262705388465
-0.390780803329834
-1.385580654065589
-1.1904643624258588
-1.0117480620768258
-0.856713187382225
-0.7275212047077733
-0.6231925334046228
-0.5410257138541373
-0.47757464015585405
-0.429284572812091
-0.39287193408297527
-0.3655185373971974
-0.34493788414908977
-0.32935944823420293
-0.31746643261593904
-0.3083132949175237
-0.301241372339187
-0.29580416195240833
-0.29170820246397755
-0.288771029714977
-0.28689431232611273
-0.286047987863648
-0.2862599855220487
-0.2876059104428642
-0.29019384925686054
-0.2941412080905351
-0.29954318496138643
-0.30643608004122735
-0.3147631315359379
-0.3243559037558794
-0.3349504191762728
-0.34626418975368983
-0.3581680363159695
-0.37099506032084745
-0.3860383215259401
-0.40629864997194554
-0.43755455299456886
-1.3798613259407815
-1.2080180375636103
-1.0447735542479413
-0.8996650414485882
-0.7765493460539543
-0.6756975922098184
-0.5953116422440161
-0.5325820982203404
-0.48439038164102316
-0.4477416675367817
-0.42000103647418197
-0.39899211571447357
-0.3830056807186586
-0.3707551522528593
-0.36130662434859706
-0.35400296615690785
-0.34839462814582123
-0.3441840219701572
-0.3411857055333645
-0.33930106210577177
-0.33850368670467057
-0.3388302561216294
-0.3403712328438702
-0.34325630950195823
-0.34763101122799067
-0.3536233102694322
-0.3613024422162877
-0.3706363181059271
-0.38145897331313205
-0.3934653543553263
-0.40625739038703396
-0.41947269906587953
-0.4330354084874568
-0.44757740985065436
-0.465087861271081
-0.48985891355059197
-1.371326537974414
-1.2255635945518473
-1.0798321635210495
-0.9461240350982036
-0.8301443856798764
-0.7335311151838728
-0.6554762126664342
-0.593870852858327
-0.5460787418603956
-0.5094264097456713
-0.48148466307268933
-0.4602022331657626
-0.4439407583051662
-0.4314495915359765
-0.42180950249125576
-0.41436611327587675
-0.4086668469140774
-0.4044092439693582
-0.4014036905420952
-0.39954987078078563
-0.39882358114968264
-0.39926889382124825
-0.4009900045488821
-0.4041374180662953
-0.4088843832972233
-0.41539166328543364
-0.4237617826127149
-0.43398781000425324
-0.44590647766904923
-0.4591709835303171
-0.4732651397096766
-0.48758759228191806
-0.5016426152567225
-0.515382447812473
-0.5297552698477453
-0.5475226687707089
-1.3593518311274324
-1.2426064026282175
-1.116540193004357
-0.9958028211675214
-0.8881041686356848
-0.7965676573335064
-0.7214642483023516
-0.6614510613418538
-0.6144212741975156
-0.5780560695898194
-0.5501548309922505
-0.5288065154509989
-0.5124531257404679
-0.49988543660858015
-0.4902015726267817
-0.4827506600641075
-0.4770765540952434
-0.4728705473716936
-0.4699369683754992
-0.46817164987895243
-0.46755036109396436
-0.46812242355367173
-0.47000384226907016
-0.47336435208742966
-0.47840377628954345
-0.485314992141983
-0.49423356821102854
-0.5051777525893308
-0.5179869216271646
-0.5322718171398952
-0.5473958782245055
-0.5625136836032687
-0.5766999336644162
-0.5892104899304704
-0.5999257253973203
-0.6100357938936394
-1.3429822157797067
-1.2583227198593752
-1.1541882585742704
-1.0480935480362223
-0.9499127456759844
-0.8643759975020564
-0.7929239128298218
-0.7350462352447793
-0.6892136695383762
-0.6534958535979667
-0.6259438035862777
-0.6048017820529716
-0.5886014137239909
-0.5761799744558642
-0.5666550770646074
-0.5593794452847429
-0.5538920758258734
-0.5498758102146553
-0.5471261446814862
-0.5455319696162628
-0.5450658219187002
-0.5457791257484884
-0.5477967615814748
-0.5513051119426857
-0.5565284565578181
-0.563690201784396
-0.5729579008946147
-0.5843743249265188
-0.597780950241102
-0.6127451104627081
-0.6285076889812782
-0.6439745755000598
-0.6577821480638935
-0.6684747424436486
-0.6748404055243202
-0.676460170290261
-1.3208303065915121
-1.2714575263932228
-1.1916392223487655
-1.1019662572241091
-1.0146395614878694
-0.936119406843271
-0.8691083123355738
-0.8139963930005395
-0.7698805737639246
-0.7352530294946333
-0.7084394475975119
-0.6878542141483927
-0.6721273701663887
-0.6601471430291501
-0.6510520011083446
-0.6441974792775333
-0.6391154508654203
-0.6354770497366785
-0.6330650463227288
-0.631757125438492
-0.6315181734507892
-0.6323973296522339
-0.6345241633837072
-0.6380978763813125
-0.643363870842649
-0.6505733396548007
-0.6599236979451824
-0.6714806564488065
-0.6850865089741839
-0.7002637403374745
-0.7161283293631682
-0.7313330957620594
-0.7440680917360808
-0.7521523408672242
-0.7532591500668271
-0.7453257369344652
-1.2909540544535614
-1.2802019973050625
-1.2272058502531396
-1.155847128025611
-1.0808186478213053
-1.0104361114735503
-0.948757508603438
-0.8971418654875039
-0.8553613882661761
-0.8223648856491631
-0.7967754772743743
-0.7771919711905776
-0.7623508994032626
-0.7511950058906772
-0.7428839588052158
-0.7367741795668481
-0.7323869180725383
-0.72937702713123
-0.7275092723303997
-0.7266444276900278
-0.7267338245055435
-0.7278184125654731
-0.7300267312946188
-0.7335654451622038
-0.7386962447490146
-0.7456939240307321
-0.7547822875488441
-0.7660471900483417
-0.7793294377053293
-0.7941044560902524
-0.8093605273561945
-0.8234929896491537
-0.8342380472508834
-0.8386767323273285
-0.8333470602094167
-0.8145105017204894
-1.2507113586981737
-1.2820479216714136
-1.2585055257212177
-1.2074739284380522
-1.146305209650448
-1.0852973678186282
-1.0299583940535877
-0.9826852379000408
-0.9439745034682046
-0.9132654387539353
-0.8895007768918406
-0.8714772274841162
-0.8580448708815968
-0.8482033502053341
-0.8411325568295038
-0.8361864368420684
-0.8328705805009661
-0.8308173657531439
-0.829766582324048
-0.8295546365587665
-0.8301116009453863
-0.8314624979188371
-0.8337272669720516
-0.8371128291332217
-0.8418905053457786
-0.8483527370540291
-0.8567445701946345
-0.8671676696648734
-0.8794577020254121
-0.8930397315406139
-0.9067707905058349
-0.9187839810011442
-0.9263543135870344
-0.9258129608624912
-0.912543672081751
-0.8811027310157622
-1.1965886238643466
-1.273616158608583
-1.2822891386727198
-1.2537258217428837
-1.2081067856141021
-1.1578403653179663
-1.1099796777926325
-1.0680287133993973
-1.0332572879690765
-1.005628250428269
-0.9844252012529282
-0.9686550678669038
-0.957287176488866
-0.949378927674797
-0.9441277967475042
-0.940880112291996
-0.9391188877684891
-0.9384458648959044
-0.9385668446304237
-0.9392843041485617
-0.9404971980848256
-0.9422046912128329
-0.944508339638361
-0.9476059002356501
-0.9517694753469704
-0.9573010635224689
-0.9644597591451963
-0.9733567960074897
-0.9838173341220747
-0.9952113171069031
-1.006259851219349
-1.0148283483755127
-1.0177231061165366
-1.0105140393185315
-0.9874129033285203
-0.9412435279881973
-1.1240000984519147
-1.2504559972758287
-1.2942410483016549
-1.2904244606357973
-1.262185949673862
-1.2241729600052695
-1.1850790242656548
-1.1495839792565752
-1.1197789543510306
-1.0961825150700673
-1.0784390585928239
-1.0657764896923563
-1.0572873270148906
-1.0520856725834227
-1.0493818937502528
-1.048507388389706
-1.0489134027544242
-1.0501605189587824
-1.0519090973436909
-1.0539156198608315
-1.056035505933751
-1.0582295338507755
-1.060568470462842
-1.0632288616407455
-1.0664721374333204
-1.0705992110034177
-1.0758735710445888
-1.082407455340758
-1.0900080202663471
-1.097983459177858
-1.1049127436623156
-1.108387037325789
-1.104735834068953
-1.0887564734488446
-1.053471856609155
-0.9899478992180943
-1.027054598283399
-1.2068120562837321
-1.2887467899199354
-1.3121030757905905
-1.3032312992082489
-1.2791470240651959
-1.2502791708959582
-1.2225514444182153
-1.198923214240305
-1.1804993761777476
-1.1673032785656805
-1.1587925599312987
-1.1541846832429161
-1.1526470395225532
-1.1533957017396153
-1.155737210436743
-1.1590791373178053
-1.16292757389485
-1.1668831010880798
-1.1706411842431892
-1.1739982782161178
-1.1768611908190838
-1.179254411866071
-1.1813181411433693
-1.1832886137038001
-1.1854519967844144
-1.1880635912192994
-1.191225283304139
-1.1947161325099325
-1.1977736180822647
-1.1988263752422867
-1.1951832012686538
-1.1826876750285442
-1.1553528823831718
-1.1049964461613242
-1.0209022949160222
-0.8982859743351169
-1.1353551185859163
-1.258624960143538
-1.311740033201585
-1.3243932456489613
-1.3160969707931565
-1.2991096288752664
-1.280665498664753
-1.2646374199236483
-1.2527452165591408
-1.2454070596829019
-1.2423165714075426
-1.2428152158778434
-1.246117405599322
-1.2514347404318997
-1.2580358655043742
-1.26526955461863
-1.2725707692935964
-1.2794625822903472
-1.2855609601040343
-1.2905844433480114
-1.294366719033131
-1.2968669163032414
-1.2981701490689959
-1.2984693470286026
-1.2980187326187815
-1.2970493873443445
-1.2956381785330664
-1.2935228586964103
-1.2898583761886826
-1.2829123195899095
-1.2697009310336111
-1.2455712374023116
-1.20373953476349
-1.1348016924593674
-1.026236490737912
-0.7283434342203234
-1.026873050785082
-1.1948194711041704
-1.2804530945988972
-1.3169808872798536
-1.32653978147574
-1.323310341945011
-1.315902217806347
-1.3091446677083127
-1.3053984493504378
-1.3054895757098735
-1.3093508309622
-1.316443480954533
-1.3260192780361955
-1.3372716199195331
-1.3494145488733715
-1.3617191427867914
-1.3735287253237298
-1.3842671803620352
-1.3934484680165033
-1.40069017762657
-1.405729588988392
-1.4084372186703837
-1.4088201753135507
-1.407005808225624
-1.403195079173593
-1.3975747899053128
-1.390178229429925
-1.3806849373014047
-1.3681520839221883
-1.3506724180570338
-1.3249567971635758
-1.2858429696479836
-1.225736491584213
-1.1339944056361255
-0.9962675587357541
