Predicted value
-1.2998776706544959
-0.9356423062599788
-0.7607218289754201
-0.5605571623223113
-0.3056284472651214
-0.12249566803757261
-0.09430452518358834
-0.1920463222104445
-0.3185479520175818
-0.38076163588266354
-0.33386919171368845
-0.18412878683562894
0.034643596066530336
0.28856398372420244
0.559325319856498
0.8438184539361373
1.143149266063915
1.4505198627518894
1.7458450502324467
1.9999232442193033
2.1854909848934767
2.2891038015216054
2.317713423938926
2.296666032424014
2.2599730307640584
2.236975843733603
2.2403667236080764
2.258856009642386
2.2554292867542927
2.17231946093807
1.9490432418317596
1.5678206145543072
1.1375298030188787
0.9775876970629724
1.4959379373167394
2.246277677964372
-1.0845359177293403
-0.7457708131881873
-0.6625311121086952
-0.6031956858885223
-0.46579881624927566
-0.3249995535229573
-0.2508616770955996
-0.23109755168900392
-0.1988683683966599
-0.09203562748530203
0.10949989179300701
0.3824676493454717
0.682575134810719
0.9704818309124903
1.2268457940720054
1.4523296401972061
1.6572225852701195
1.849132321389618
2.0259046186429828
2.176534514006107
2.288080849666869
2.353750862026743
2.377388972686049
2.3721138455263713
2.3542035195226845
2.3355944123059373
2.3182546833108404
2.2914614761539838
2.2307785738935877
2.0986620426872946
1.8535917745244888
1.4848473535783455
1.0890902722394458
0.9565813352652413
1.4675356419719492
2.187892656672261
-1.0223667359683049
-0.708461045645933
-0.63391781570094
-0.6126251031385408
-0.5115894925931315
-0.37371012222426714
-0.2598342444402846
-0.16801823427407214
-0.0502867511331857
0.13749763862180941
0.4028134279990354
0.715464787240208
1.0282098588815387
1.3010237987228237
1.5155411579610387
1.675583548204557
1.7976913290631416
1.8991423090695463
1.989915921322691
2.0712655467355745
2.1394794803659494
2.1910537031897803
2.2256868504313303
2.245697620610869
2.2531219959596314
2.2471216270845247
2.223416412356997
2.1747891653298126
2.0896742924627887
1.947927094857576
1.721480041654118
1.39982877165518
1.0611851356804465
0.9627922642805089
1.4560301811588516
2.1183066346156494
-1.043362998806174
-0.7729105772388039
-0.6707714436087144
-0.6336850145535209
-0.5246926750892271
-0.36859550783941586
-0.21973983122950358
-0.08230395173961824
0.08035631374328034
0.3026479514626601
0.5869220364827044
0.9020340462787857
1.201967002798355
1.4483088117631269
1.6241026146529691
1.734976566135657
1.8007785623166228
1.844285974472342
1.8827765657787836
1.924990637363237
1.972536530503504
2.022870414432276
2.0712683978017594
2.1111015201813075
2.1337500027923113
2.1300788079837787
2.0937868946505773
2.023955737417907
1.9223540010680154
1.7840874833718203
1.5903212317254543
1.3258216268735055
1.0464701728243426
0.975145454653898
1.4355988142332308
2.0177552205371967
-1.0823434658650513
-0.878089980880759
-0.7406683161443652
-0.667699060573284
-0.5341803373692073
-0.35529575915450096
-0.18045216709094802
-0.01704903702719207
0.16512776056183043
0.3959083280599458
0.6769541868768627
0.9794922801399508
1.2608324138594043
1.4850616968835624
1.636316678176513
1.7205421470544167
1.7583270716145876
1.7745425518074
1.789932370997974
1.817033517018558
1.8598675097040598
1.9153091428818527
1.974407199538092
2.023547970439324
2.0468095559421187
2.030748179192585
1.970667981168205
1.8742177752195914
1.756715321459282
1.626563985324438
1.4706772264862593
1.2654052363781716
1.0420474898999146
0.9894976282448624
1.4065834780053592
1.8978416735365045
-1.0921728082316058
-0.9710529236469192
-0.804951626492123
-0.6961726811712019
-0.5392992664513763
-0.3444621716225065
-0.15673205537508395
0.015331495824899122
0.19864908447471308
0.42154978474183125
0.6874516036545089
0.9716060475422665
1.2355342685001212
1.445987762122865
1.5876478825223224
1.6654925256184505
1.6988522796440328
1.7121096149619497
1.7265992725571984
1.7559233418298028
1.804439663118405
1.867488475754758
1.9323531114696415
1.9803103013271262
1.991072456571704
1.9502136846989693
1.857502881536977
1.7307273605243019
1.5985208370656885
1.4805821204554128
1.3665159404228184
1.2214433732053358
1.0509985176582468
1.01167415736332
1.381029935072167
1.7808352490402122
-1.0482085515573196
-1.016246358628461
-0.8323862871406043
-0.6974593423617641
-0.5274078168624037
-0.3291103439093881
-0.14323344519815961
0.0219815021468186
0.19209633512585
0.3956349012172886
0.6389404225939899
0.9019295796822444
1.1505512988147295
1.3540872367939407
1.4972711839594304
1.5832017345418272
1.6285740312300128
1.6554897545848597
1.6838582393756703
1.7264338704954874
1.786505470466249
1.8573566559923016
1.9230933514656279
1.9615565457769542
1.950529136529429
1.87721295907021
1.7478972153372965
1.5913465320741302
1.4487779011814723
1.3490451480338912
1.2816686690487025
1.198386941987014
1.0789679845762983
1.0499484529811873
1.3718548092542626
1.6864913072533803
-0.9466004074882441
-0.9978014266884649
-0.805499629531834
-0.656438159226564
-0.48586096283899494
-0.29742220095326033
-0.12694838682214638
0.01865715365976328
0.1646911839429741
0.3406493834793416
0.5561612483597642
0.7958559867166848
1.0299940122340487
1.23019044946264
1.3809327160117029
1.4829448717053708
1.549501400597645
1.5993326527187897
1.6496386655894746
1.711088761831295
1.7850276614680958
1.8624686121838856
1.9249624356850568
1.9483331231926009
1.9103559431737729
1.8017743589366475
1.6366942231777841
1.4550165826434647
1.3093501769211073
1.2354329180002601
1.2201629149979318
1.2002936786747007
1.1302338817437096
1.1096392746824684
1.386562028478739
1.6255905777924688
-0.7990319483976833
-0.9171247175693367
-0.721469362399219
-0.5684362516061725
-0.4083014840565369
-0.2405572435265526
-0.09565866742931917
0.021445781609557457
0.13627258789612995
0.2794504167076113
0.46375111976206895
0.6782292099172365
0.8971985265869069
1.0944626962741957
1.2541964643692438
1.3746437650211352
1.465384587784854
1.5412719943406863
1.6161093401534252
1.697781586308917
1.7852218272742348
1.8671730677341998
1.923231244462297
1.9283539794445232
1.86174658385292
1.7189793758709726
1.5226049371648465
1.3232424350718066
1.1833341037120313
1.1431620702777678
1.184714731978218
1.2286614723430915
1.2051549946163647
1.1905137547639555
1.4250129214603788
1.5985574416322237
-0.6260901008915489
-0.787955064274076
-0.5895502931911274
-0.439071801327362
-0.2965915980712772
-0.15615832339698343
-0.04244377987149406
0.04180094543560742
0.12234308029909258
0.23068994833616685
0.38229954871089333
0.570183067458724
0.7724055046931735
0.9649029805042844
1.1316838976364973
1.2687277992652408
1.3820531784438508
1.4825879175029328
1.5805144016142556
1.6806464965183583
1.7793416299329614
1.8632150508888081
1.9104548219112125
1.8960475786827544
1.8016376918806465
1.6283705864332667
1.4073255811180543
1.198968984936296
1.0737660093481125
1.0742190203536524
1.175408094177019
1.2813033076833413
1.2994234044960926
1.2866365736271455
1.480131807654896
1.597323386830947
-0.4508815491593461
-0.6306388267063718
-0.4268050787056674
-0.2816799512378887
-0.15983889503141113
-0.048705650281304136
0.032977746995422885
0.0845533513256902
0.13172886461838318
0.20635750112333384
0.325938022070025
0.486875327963187
0.6706800061946565
0.8554466653518988
1.0253257468952726
1.1744834576952654
1.3058059347341315
1.426582879419078
1.5434915905656237
1.6582904223317796
1.7648142498941646
1.8477821839700719
1.8844542885996882
1.8505141462812242
1.7306930587110474
1.5320232952201336
1.2937628839191915
1.0850299683022626
0.9823669243330875
1.0282758884154346
1.1892616865820804
1.352452538351317
1.404808244670351
1.387869668773151
1.5403012516308243
1.6087821841332632
-0.293924572856601
-0.4668683569400872
-0.2535069791471659
-0.11372173375405226
-0.011863757413739795
0.07206318646973642
0.1250507726268556
0.14812292929094795
0.1663676252464218
0.21127241962601218
0.3016234942230821
0.43661047188965874
0.6008903196446312
0.7747956323267945
0.9430272782516348
1.098536333089542
1.2416967766656049
1.3766702572223157
1.5069772147361298
1.6315448163705701
1.7418856495110582
1.8211045395695615
1.8459434524489442
1.7932581937187981
1.651223755683925
1.4327330714627946
1.184563140309542
0.9830840759030018
0.9089411673823554
1.0025969481545625
1.2206804275750356
1.4337920753569717
1.5107955237594792
1.4821618616371195
1.592352493904694
1.6185478645777023
-0.1698148118537029
-0.3156285261171002
-0.08913829429353887
0.046790619057754224
0.13181549908518714
0.1936096216342042
0.22434511121037753
0.22606602449215724
0.2225127728059199
0.2439954978463394
0.30978388262268214
0.4212248185455351
0.5658241273886258
0.726250213056389
0.8882016670573865
1.0440792097847391
1.1924635196390059
1.3350256178947777
1.4726190781634287
1.6016960963134308
1.7117389480858318
1.7845424303036446
1.7966740741588814
1.726480843015595
1.5657134268690138
1.3328513526007575
1.0813227445497795
0.8932492987008802
0.8514661222708784
0.9925984172011921
1.2624849261587363
1.5159421798731805
1.6065174336646157
1.5579038149854887
1.6243375322031943
1.6141475455165255
-0.08573921851879898
-0.19066619046626268
0.050505780743574785
0.1841972107791577
0.25673016124612935
0.30313032001522167
0.31987599090272034
0.30919143684975203
0.2926528245502452
0.29854760807909553
0.34581897609071965
0.43734323201490166
0.5631706187991109
0.7083886985303852
0.8601271573940149
1.0109001695647593
1.1582365160684438
1.3020033167810172
1.4409461027368675
1.5694692075064134
1.6753655146964992
1.7394270157646765
1.7383313406862666
1.6521134942082834
1.4760660978050966
1.2338110577219499
0.9844389417692437
0.8143070091651577
0.8066574505779033
0.9927627675685845
1.3071455000354895
1.5899717911587359
1.6824915099589333
1.605845375208301
1.6275817031363686
1.5871783604370904
-0.04161095983688523
-0.09946708268053084
0.1549390398558781
0.2871029270578187
0.3515059761241044
0.38965785404777153
0.40122137426161397
0.38766632798556944
0.36757534980254447
0.36639366650209815
0.4019594691199069
0.478065038628541
0.5869869984632059
0.7162753590798787
0.8548694029958905
0.9960074507825396
1.1368716554683684
1.2762011579303483
1.4112050052537306
1.5346910619694285
1.6331206860249168
1.6865800810478582
1.6720906781307792
1.571480552256307
1.3834344775702927
1.1361663258564227
0.8933894001982148
0.7442299077454522
0.7707332730899663
0.9976072962005682
1.347906455966309
1.6486177116419636
1.7318680368941155
1.6203058126887864
1.5977997843554472
1.534286391942987
-0.03141683953007604
-0.04350148298741832
0.2194130684895492
0.34924193019191363
0.409033711270135
0.4454641332262044
0.46010850597815867
0.452740855727084
0.43818059637035733
0.43828990973906934
0.4690881696666931
0.5346990971207521
0.6292918116073156
0.7428655185103297
0.8664647183159033
0.9945728898216106
1.1246528752833966
1.2549375883453484
1.3816430520769514
1.496422330580552
1.5847570325840084
1.6263058139212885
1.5986248952259603
1.4853737280576844
1.2884035012496353
1.0399136216329554
0.8072023171777383
0.6807938149257955
0.7401412491621582
1.0024824127392182
1.3795970566087712
1.6870402509694153
1.751059314865122
1.5996098601433653
1.535283232064861
1.4570662131726146
-0.04529325295250393
-0.019377155953364044
0.24439241811835227
0.36941983034080333
0.42679026167392603
0.46670617899627626
0.49134033014604256
0.49790905078742215
0.49682368871439836
0.5057474080737422
0.538260882483648
0.5982784477079922
0.6815146624267271
0.7803406881151985
0.8881032626857471
1.0009401756109504
1.117117735171449
1.234901665104276
1.350002749717183
1.453327869225995
1.5297088259339136
1.5586309468172632
1.518340684422806
1.394320331901815
1.19131657816432
0.9448894071268036
0.7249237777098639
0.6220964672563628
0.7120942020363853
1.0040749229174555
1.3990422376565186
1.7030752324063418
1.7397673313151931
1.5458330717107605
1.44431970604812
1.3611304791477754
-0.07185536166225415
-0.020499667472118514
0.23439202945083526
0.35076493418946075
0.4064621019191508
0.45339452455892815
0.49308023302896276
0.5194727176820253
0.5381103080251095
0.562003791519172
0.6017937915830426
0.6607027148814396
0.7356370844276111
0.8211991643930203
0.9131312528879515
1.0095129330890855
1.1098186161141315
1.212787139106004
1.3140396540070964
1.4040978677084355
1.467441948499074
1.4836112273965174
1.4316681739395933
1.2988775151915641
1.0925878812587382
0.851102827411466
0.6459602773747419
0.5668856432712044
0.6848465296094348
1.000584436432546
1.4050834461544452
1.6970415778692116
1.7005245966512819
1.4640334219262074
1.3320902673721564
1.2546691732012976
-0.1003730898281371
-0.03886625594307515
0.19650321157070227
0.299560477144441
0.35308724338271535
0.40884690269117485
0.4666086631709835
0.5165782588341995
0.5591778875510639
0.6025029818089608
0.653890063932267
0.7154584834749299
0.7849562118954548
0.8590185060260745
0.935776218894349
1.0154166979163475
1.098905849991643
1.185791279097678
1.271940315049609
1.3477953145584602
1.3977457908449815
1.4015843477831686
1.3392901792198686
1.1998488792949233
0.9929104358250477
0.758930370603006
0.5702446892729901
0.5146705278627818
0.6577153659048564
0.9916113743273433
1.3982869544638525
1.6712248662144749
1.6379153883282545
1.361186529787263
1.2073143711942596
1.1468230586216652
-0.12249311540320633
-0.06668884661128942
0.13889717966896883
0.22392018590489046
0.27394560246952365
0.33882261282964893
0.4157128283005768
0.490855189896312
0.5595611821359203
0.6249547123169419
0.6908532407646089
0.7579437371096907
0.824478419942724
0.8888805122904206
0.951571619839986
1.0148989626794254
1.0814869908020444
1.1519249135045526
1.2225814625585192
1.2840680382130714
1.3209052744495842
1.3133102691836103
1.2422579977409742
1.0983794694841236
0.8933285796553903
0.6691570632539261
0.4982296428284882
0.46564301021602555
0.6308990471575548
0.9778378320039749
1.3804520558507047
1.6291823563280758
1.5576572787228244
1.2450392933346095
1.078891955691158
1.046153677881459
-0.13332710682494278
-0.09763478165365995
0.06952821625639445
0.1325260512359637
0.17740482882901562
0.2505277558477264
0.34588021595964263
0.44580666868248403
0.5407721253231251
0.6290839503164775
0.7109786810737003
0.7854699154218227
0.8510000460900229
0.907500741452681
0.9575092693548054
1.0054837811169473
1.0557685487165382
1.1101318363475907
1.1656225980446455
1.2132139079060635
1.2377405798050696
1.2199882462171863
1.141987603323911
0.9959304266902883
0.7951863134892342
0.5828886793785778
0.4307482616821357
0.42046654530501676
0.6051700183638425
0.9605992747704354
1.3540387082059555
1.5750106926492082
1.465705087519858
1.1230633755887924
0.9547407409792118
0.9594209411773068
-0.1318455774819389
-0.12757337943376876
-0.004821818919665136
0.03358499529332539
0.07188309114398185
0.15165086185405044
0.26344904453408846
0.3860958785661177
0.5057267821785225
0.6161909612882424
0.7142312017209513
0.7970369905155696
0.8629580111437405
0.9131332470938782
0.9519788260756317
0.9859297581825895
1.0210198573839497
1.0602496293834838
1.1014582153534178
1.1361215874186623
1.149535313476124
1.1231718992185844
1.0401605096958384
0.8941627462027205
0.6999882910112359
0.5013809039948098
0.36879896176156235
0.38000119263300025
0.581523351576831
0.9414408443123383
1.3216203810347205
1.5126926342046696
1.3675019573944818
1.0016384587531073
0.8409597506629476
0.8907952379688746
-0.1206207371097788
-0.15480912977209424
-0.07909631945965553
-0.06590683089242741
-0.03496553172397352
0.049543946682599226
0.17483465423308112
0.31684731646241937
0.4581355992534103
0.5886332322174174
0.7018135809862222
0.7929785759021374
0.8601389994902843
0.9053305149230361
0.9345656904660865
0.9560545104933443
0.9774146191784476
1.0028609270174282
1.031073445122784
1.054126905967621
1.057891093676175
1.0246199461676935
0.9385682488220333
0.794772018273293
0.6092196480706814
0.4258370761694025
0.313312073722129
0.3450289751500305
0.560851081198812
0.9217335968877677
1.2854408983937335
1.445602672679033
1.2674552864632846
0.8855368145340593
0.7413794806062798
0.8415475231978563
-0.10504188918141816
-0.17985869667623072
-0.15012335334128218
-0.16056697968624783
-0.13679349817370573
-0.049384465966816504
0.0859097196882353
0.243047852450967
0.401945366713691
0.5493184708602935
0.6757137486084172
0.7745617707217051
0.8433274820903457
0.8846335695923003
0.9057764597432021
0.9164888009389842
0.9258076026238523
0.9390873994110144
0.9558509930969913
0.9688293040409782
0.9645507194474819
0.9261236289195921
0.8389414840627849
0.6993161327044678
0.5241683599385633
0.35722032990922165
0.26494625382450115
0.31602920054442013
0.5436926571213562
0.9024000035405068
1.247121351634327
1.3762113786549115
1.1686674267029566
0.7777247443362435
0.6574947553296832
0.8101880244290421
-0.09217873379422854
-0.20488330296511575
-0.2164451821475532
-0.24672396216412634
-0.22882952034403287
-0.1400428301604379
0.0015754985959171453
0.16909621159395588
0.34088946933380987
0.5012702444532939
0.6382947456666805
0.743606297432945
0.813955968976989
0.8522532089780388
0.8667495901684158
0.8684141734222517
0.8674963172887638
0.8703723995610089
0.8773718056568491
0.8819078231840216
0.8712270818085612
0.8293463580337704
0.7427982606705085
0.609069887936923
0.4457837263524867
0.29611329359115884
0.2239469137218047
0.2930340974828503
0.5300885338312806
0.8837703905470478
1.2075308389338444
1.3059911408747018
1.0729089603720743
0.6794495114495325
0.5887248180200251
0.7929686467019357
-0.08949056745896969
-0.23291837069521962
-0.2779161466232583
-0.32227278299240286
-0.30791224904075026
-0.2188115305428089
-0.07447356965506138
0.09851672651645235
0.2781725980006908
0.4472999541848765
0.5919662342810849
0.7021646929693875
0.7738004633676346
0.8097851217350894
0.8189927173397329
0.8133234742712528
0.8040045370656971
0.7982864488306307
0.7972409802689336
0.7949656986223413
0.7794647018063597
0.7357005814301086
0.6513347425004782
0.5249282700474425
0.3745910130408408
0.2426431916026017
0.1900815248083225
0.2755754282797049
0.5195417176951453
0.865567196853557
1.1668073877194982
1.2354960964264206
0.9807903156524955
0.590546606889657
0.5329103413974647
0.7846290906300877
-0.10357504424261804
-0.26704928814682233
-0.3351820748169561
-0.38637287094935174
-0.37234807775574225
-0.28351952482266213
-0.13981558398962807
0.03382730122581562
0.2162908247195527
0.3897946017960345
0.5389533795909915
0.6522837862322163
0.7247440566048206
0.7589831006040495
0.7641709694497011
0.7528278480612226
0.736909907818484
0.7243760750910186
0.7169575332202985
0.7094202197910927
0.6905486382361257
0.6462747239342198
0.5653693442279468
0.44736719416224907
0.31066854638357905
0.19647551475431485
0.16265089926715576
0.2627158484473177
0.511074091484396
0.8469949387103185
1.1244956955020375
1.1645689828778882
0.8920676140197369
0.5098832402494647
0.4869399309514077
0.7792525520759025
-0.1391233793711501
-0.3096689531829577
-0.3891512647087518
-0.43907684338873393
-0.42166287424269283
-0.33329627284838365
-0.1932367312114553
-0.02346582465215746
0.15696981566928586
0.3306114522409869
0.481160761244895
0.5958500136392305
0.6686146092451597
0.7015983823263839
0.7039552979150719
0.6885193583174406
0.6677242654672286
0.6500636489149775
0.6378343912708269
0.6264427595562043
0.6054640697644146
0.561811774824366
0.4853399170722038
0.3764591402398813
0.25368199524773233
0.15686761792732457
0.14056351711699483
0.2531466259266711
0.503352246919574
0.826902056233037
1.079757409449999
1.0926180946301107
0.8060111788002536
0.4358494565853653
0.44739824423628877
0.7711017350367718
-0.1982056399430195
-0.36192396863203447
-0.4405495025893419
-0.4809695396505024
-0.45631497796744147
-0.36835498673402556
-0.23458223424056976
-0.07278258112005519
0.1011935046650946
0.27105908934724965
0.42011671104112847
0.5345085988259254
0.6070899674890585
0.6392808932200209
0.6399279889385073
0.6218870019072745
0.5978244268874561
0.5765955157334263
0.5609651092660594
0.5469444365066808
0.5249007823825694
0.4827323244859424
0.41134511626550646
0.31193280648780164
0.20296250128259688
0.12276583540419451
0.12245264194557039
0.24532666575517173
0.4948518614163716
0.8039765146008252
1.0316072947722785
1.0189077565143518
0.7217687758734211
0.3668162927332542
0.4111413536646108
0.7553261958525962
-0.27995682629390417
-0.42341758719297873
-0.4896239985448213
-0.5128780092266462
-0.47742498890912743
-0.3897568394926262
-0.2645660618144301
-0.1143299057116541
0.04929216079651347
0.21193923102459858
0.35697713117405194
0.46963949568857166
0.5416565923563551
0.5735304277238937
0.5735347880442675
0.5542763190915241
0.52842391118536
0.5050287380760953
0.4872271829579882
0.4715966038782392
0.4492908871460893
0.40918931656644997
0.34321593730365074
0.25326120682048114
0.15761115877887436
0.0929262274705818
0.1068133878276604
0.23763639421669694
0.4840298330337577
0.7769392599373935
0.9791335062385086
0.942813930933419
0.6386680226917397
0.3014978627371582
0.3757286478389338
0.7284631123700015
-0.3806786067752764
-0.49219451090253546
-0.5360284390502411
-0.5356887367100779
-0.48656010946405065
-0.3991933193146067
-0.2845745432237398
-0.14894109993247104
0.0010610542822619264
0.15362394361988976
0.2925666297101574
0.4023707042862938
0.4736044614374598
0.5056823202384609
0.50606937446791
0.48687904935681126
0.4605723696797574
0.43624325049761964
0.41730855204144246
0.4008723752615601
0.378865448430771
0.3411395291311699
0.28060161688957214
0.19976140783221946
0.11661181297309912
0.06603942816743229
0.09213839627015045
0.22852301556831947
0.46947821124577
0.7447068058006966
0.9216702838258598
0.86401028509183
0.5564204847531616
0.23917758409835735
0.3396700914460244
0.6886903613141303
-0.4943190993818098
-0.564990912975586
-0.5788883222709819
-0.5502824302668946
-0.4855906154337019
-0.3988084336404642
-0.29648737298848793
-0.17791732451522208
-0.04411298845661464
0.09614702294802786
0.22743741945646406
0.3336110332535524
0.4040417354814322
0.4369122322774258
0.43867562713716973
0.4207388036057628
0.3951689758614155
0.37096576321052155
0.35174356894090564
0.33509529856197606
0.3137158949950559
0.2784173572007483
0.2230551125677972
0.1506906969530103
0.07893647529717081
0.040843328050070474
0.07703523508883388
0.2166196119395108
0.4500418043025071
0.7065044054863138
0.8589044302566299
0.7825665311142119
0.4752105751022265
0.179784189462938
0.3024787209860756
0.6358283143447944
-0.6132492616808563
-0.6376972621387935
-0.6170165256724331
-0.5575728896189602
-0.4766166904983749
-0.39106683140655113
-0.3025269268655821
-0.20288482765718024
-0.08713190274050514
0.039294573139025575
0.16193135104118112
0.2640882667036106
0.333915783404258
0.3682472144721149
0.3723552817425199
0.3567606533884424
0.33297785323673335
0.309793574825199
0.2909466152327457
0.2744833522088754
0.2538483768139556
0.22079906591661194
0.17010637078919355
0.10532748384060525
0.04363182586612702
0.016212343798941268
0.06031472387414611
0.20082800104736692
0.4248904661274316
0.6619224431580872
0.7909105880612479
0.6989574654655755
0.3956724512824578
0.12382725692035729
0.2645469218460121
0.5711205990892054
-0.7292231764649842
-0.7059552749657315
-0.6492269233201285
-0.5586177709533048
-0.46194805250229376
-0.37866056008037685
-0.30513554625215544
-0.22567200645414942
-0.12908033430895227
-0.017313417664193684
0.09623621099955122
0.19438365175371927
0.26403149929201947
0.30057408578562606
0.307972142370349
0.29571589947434473
0.2746368747086468
0.253209684019093
0.2352348175241314
0.21917980747860905
0.1992227585405195
0.16804943288580376
0.12131563930769476
0.0630296740760033
0.009880219748288828
-0.008782370442522213
0.041045830544546705
0.180362757119351
0.3935458550946127
0.6109190436948561
0.7181225833548835
0.6139955911209077
0.3187751045446844
0.07222187292660455
0.22688812136368586
0.49685067728046295
-0.8343931760664418
-0.7657958631229462
-0.6746809673767302
-0.5547575036037387
-0.4441084303566001
-0.3644378862639108
-0.3068721453620986
-0.24820299016552205
-0.17113335849969125
-0.07415277912762985
0.030432756395474214
0.1249584831815872
0.19506232667267676
0.23464036955210799
0.2462480079459499
0.2382371503444216
0.2206549666313702
0.20158436913069258
0.1848351131473524
0.16926635307795718
0.14977187992036473
0.11994676223741052
0.07630331440896745
0.02326771887677237
-0.022966615228305176
-0.03484224119501761
0.01857847694808734
0.15476014999212018
0.35586961612986245
0.5537800348385571
0.6412573811988018
0.5287107919447287
0.24564787870711768
0.026045660985545283
0.1908008072543339
0.4158680486583535
-0.9222500858818421
-0.8142231365634416
-0.6931994025364929
-0.5477351588312089
-0.4258330125217995
-0.3513333863123691
-0.31031514982942254
-0.27240008428170803
-0.21447383522410546
-0.13173425673788552
-0.035467020382451864
0.05617245655103084
0.12755319277030713
0.17104673268355383
0.18774912763984825
0.18480246732300645
0.17139666883781754
0.15516202854376288
0.13987455379272026
0.12475753426845057
0.10540039137684189
0.07628595795697306
0.034756556117240774
-0.014366656980464756
-0.05537911931246031
-0.062436590960348926
-0.007460236926818631
0.12386014968766734
0.3120246039357618
0.4910523822228998
0.5612135354916994
0.44420622075889327
0.17738466440967215
-0.013722357997636436
0.15751807796914363
0.3311040099312095
-0.9883730761702054
-0.849659853363562
-0.7054784156348148
-0.5397546399876845
-0.41002955175386546
-0.3422795484904544
-0.3179586734925084
-0.3000864860394301
-0.2602137475579964
-0.1905481923749356
-0.10148767874995152
-0.011704105617746374
0.061917143641824574
0.11023258279923165
0.13286480458789138
0.1357102166847829
0.12705564633722705
0.11403506041501668
0.10035573977691647
0.08557855714159786
0.06596543825052542
0.03686224922172944
-0.003584276262181607
-0.0501723372443596
-0.08766203200148442
-0.09181799167694527
-0.03718862820649649
0.08777169201430646
0.2624225655647492
0.42346870365125877
0.4789670864628848
0.36152006898853273
0.11486474808181413
-0.046432931771164476
0.12790317544909158
0.24515223296123168
-1.0309004832046185
-0.8721904185800895
-0.713165163467977
-0.533446103110748
-0.3996820893467721
-0.34008585420377635
-0.3320925969171056
-0.33288293814295367
-0.30931499450276634
-0.25101124444722056
-0.16766108038087973
-0.07848119332791462
-0.0015712997613976931
0.05245799555264172
0.08178150859700505
0.09104818104437815
0.08762088329474874
0.07810867179184224
0.06612141822544064
0.05153062850172571
0.031243513786167514
0.0014400787140079474
-0.038954583736739316
-0.08436610926627233
-0.11998129240872912
-0.12305090970495958
-0.07050376641446543
0.046831145181525535
0.20767074229037596
0.35187864141545244
0.3954849463150829
0.2815186100638094
0.058622300815258654
-0.07192778652165543
0.10224057473811854
0.15997516575976078
-1.0506691541753526
-0.8835658650031634
-0.7187694994616721
-0.531724174897633
-0.39768875585205177
-0.34728052031405465
-0.35466387322571935
-0.37209668209714697
-0.36250829756990377
-0.31341364586352527
-0.23399818038121795
-0.14404074882124487
-0.0627830242648331
-0.0022144357818668853
0.034456586512912134
0.05066144324728384
0.05284041710520488
0.047061737453851574
0.036813548432230864
0.02224924560892503
0.0008889487311597538
-0.030287358213727023
-0.07160437281611648
-0.11711979078122912
-0.1523999434939039
-0.15604750543025497
-0.1071187667902853
0.001561770944193088
0.14852665731013226
0.27719838554874043
0.31166972953848127
0.20483784730299692
0.008785986552233184
-0.09060441577763366
0.08015499369577118
0.07677555292912065
-1.0510112424884923
-0.8869677211961502
-0.7254139265781347
-0.5375438887241657
-0.4066398044487088
-0.3659211272358878
-0.38712458879917816
-0.418607088490867
-0.4202132264489162
-0.3778685726124143
-0.3004620441298725
-0.20832791072618387
-0.12173920885888065
-0.053934603172480576
-0.009404372031914538
0.014123778630555788
0.022187874819955027
0.020309347555471566
0.011832703132058982
-0.0028386084817798862
-0.025610053204494405
-0.05874217773037698
-0.10184149490783992
-0.14860200567297271
-0.18491817337220964
-0.19060598861445555
-0.1465996028996694
-0.04736137450072591
0.0858657589594905
0.20038349725359522
0.2283419288059933
0.13188068453138863
-0.034903137653195464
-0.10337482595330277
0.060669554041176306
-0.003953922405422412
-1.0372393726835845
-0.8865604391025931
-0.7364491008845254
-0.5535785897450912
-0.4285566610023301
-0.39739132707542385
-0.4302804645812121
-0.4727583625252753
-0.48246675935721967
-0.4442683990194715
-0.36694457476506503
-0.271342388778971
-0.17861308304406118
-0.10307423225458127
-0.05036287510992133
-0.019282901448073392
-0.005162954574207931
-0.003027239501241843
-0.009696200920791933
-0.024552299290594645
-0.048971901398469145
-0.08450387057096591
-0.1300741852234496
-0.17902018348112814
-0.21751386909318857
-0.22644880504082948
-0.18839968414306857
-0.09914036470028569
0.02066159012315445
0.12242357261789445
0.1462567276810139
0.06286545646651527
-0.07300137147172363
-0.11152642672766204
0.042392051146864576
-0.08221748329793625
-1.0158891400831034
-0.8868912623691895
-0.7549843554584609
-0.5818606449799187
-0.4646250508004957
-0.4422098158232664
-0.48416000699017886
-0.5342744235066096
-0.5488711656630156
-0.5122550303425663
-0.43325116517531415
-0.3331317325289214
-0.23372831265783375
-0.15022868820302615
-0.08925235800176068
-0.0505767826452226
-0.03035043685736427
-0.024137603740962993
-0.028945891035324273
-0.04398438462042177
-0.07015279161045246
-0.10834397361802194
-0.15684821156711878
-0.20865904477511146
-0.2501811396771993
-0.26325954253076583
-0.2318927561798538
-0.15287963729699947
-0.04602622933340013
0.044351426246566
0.06614502436651908
-0.0020883735625410616
-0.10621859503164861
-0.1165096167051299
0.023797729160648748
-0.15817976008632648
-0.9938178401827494
-0.8922185743722716
-0.7833987891601518
-0.623437201227126
-0.5149631638272355
-0.49988308652190605
-0.5479280181727256
-0.6022132911183041
-0.6185733876231845
-0.5812123518855378
-0.49909800656641307
-0.3937885835378625
-0.287553985336596
-0.19620950899541983
-0.12716940410414682
-0.08106787396053419
-0.054819282520700494
-0.044520525316048054
-0.047390499842076814
-0.062510441183489
-0.09036273462812063
-0.13124800314532362
-0.18287407450884544
-0.23791211676950177
-0.2829647824475491
-0.3007183056022531
-0.2764060271115033
-0.20761202915641205
-0.11306380838254268
-0.032744570608591345
-0.011237295619101445
-0.06285896924241227
-0.1352495814074531
-0.11968931032030325
0.0035607505378087148
-0.23176649838948235
-0.9772767429428842
-0.9058620763402206
-0.8229061761004534
-0.6780975895068838
-0.5784678249265202
-0.5688339233271161
-0.619866660376953
-0.67497728348387
-0.6902868711368565
-0.6502876153363806
-0.564125700188384
-0.4534531098770666
-0.3406954884181612
-0.2420254540025168
-0.16544794218509126
-0.11232884888843707
-0.08029147638952332
-0.06595801386047774
-0.06678506994873674
-0.08177573403903506
-0.1110604476008845
-0.15441908920164943
-0.20903944179474251
-0.26730254371716067
-0.31598840840338116
-0.3385351367769906
-0.32125543092732
-0.2623304171281794
-0.17926296414300422
-0.10771782469208911
-0.08507019653136615
-0.11923059052937322
-0.16061425478449495
-0.12210490210488732
-0.019123149629230656
-0.3022756270239103
-0.9710788445153832
-0.9296688013004165
-0.873244886843289
-0.7442251910268433
-0.652776916529281
-0.6464325352886416
-0.6974422936710781
-0.7503907319901685
-0.7623627482679772
-0.718445177116601
-0.6279300745406172
-0.5123197100870395
-0.39387903022770265
-0.2888487998783707
-0.20561234007157742
-0.14614025110946532
-0.10870863876624837
-0.0904592508771678
-0.08911473077080259
-0.10365250128062978
-0.13392092075191434
-0.17925739897067727
-0.23640145373587884
-0.29748869230427055
-0.3494729519209538
-0.3764798565130636
-0.36578355053617145
-0.3160282549258912
-0.24341620746593534
-0.17938188408014705
-0.15445756030309948
-0.17083621760970752
-0.18254056198290142
-0.12428383243595048
-0.04428208365558189
-0.3680748626557681
-0.977973900777599
-0.9636773621286782
-0.9325518275368981
-0.8188145145879421
-0.7343748705425209
-0.7291467867128446
-0.77746707387183
-0.8258490049716358
-0.8329107029292903
-0.7845507285907395
-0.6901070380798305
-0.5706440774203488
-0.44792548874005195
-0.3379623221394814
-0.24930463699784527
-0.1844050986493025
-0.14214061018483148
-0.12016897049274614
-0.1165078102166543
-0.13016189919016063
-0.16076957913691253
-0.20730928349851185
-0.26615303778174404
-0.32924913427216584
-0.38374088941135126
-0.4144047597982018
-0.40939821917400804
-0.3677492032240191
-0.3043498813290962
-0.2465569211391983
-0.21845479152122144
-0.21715344390270258
-0.20091782218196413
-0.12614765604205075
-0.07103401158454431
-0.4264546690919107
-0.9983182337712466
-1.0060396844625958
-0.9974579260682819
-0.8976747762423858
-0.8188508139279338
-0.8128130668250768
-0.8563516948770702
-0.898532257655241
-0.8999615628062938
-0.8474777734953427
-0.7503036080822004
-0.628743498455518
-0.5037073011385326
-0.39068145373762336
-0.29818101893384413
-0.22902838928723282
-0.18265593831879465
-0.15723593216634754
-0.15110835070272913
-0.1633557862824904
-0.1934778760795275
-0.2401806481322344
-0.29955745726056565
-0.3634410736537818
-0.41920025798266
-0.452254543205484
-0.4516068173741669
-0.41664200915960353
-0.36099341973496585
-0.3081450106096045
-0.276140508580705
-0.2575635311261986
-0.21533757753542873
-0.1270368356195273
-0.0976110013485996
-0.4736879615189796
-1.0300904084260063
-1.0532268612978308
-1.0634139290934437
-0.9758163253488883
-0.9012977091373289
-0.8930116163729283
-0.93043121397183
-0.9656658823827176
-0.9616549181058456
-0.9062217533797291
-0.8082629756072375
-0.6869807464802233
-0.562081067580049
-0.4482462689548054
-0.3537737385531648
-0.28175881041982137
-0.23215223054222467
-0.2036397065270168
-0.19490616123257037
-0.20515610452455335
-0.23381748310660289
-0.27941095917683406
-0.33784665340911396
-0.4009268803845722
-0.4563022564962239
-0.490056458121986
-0.49203866376264577
-0.4620127526123032
-0.41245704515827114
-0.3632274081713582
-0.32672734043197454
-0.2914716457121606
-0.2252243963315887
-0.12586275985764755
-0.12155795251568065
-0.5053219112537741
-1.0692589673276665
-1.1005070153738892
-1.125222297266557
-1.0479886422177422
-0.9768181281637317
-0.9655118868012397
-0.9963316555846634
-1.0247989316658126
-1.016427463370429
-0.9600022900602103
-0.8638488081524974
-0.7457211751166816
-0.6237893519654804
-0.511680006959761
-0.41731772588381016
-0.3439937282864853
-0.292148607067196
-0.26097855823936666
-0.2495271974077557
-0.25715418949335417
-0.28327454928115653
-0.32630816434399507
-0.38208218170296965
-0.4424658247249695
-0.4954676399381774
-0.5278839033205313
-0.5304466817759922
-0.5033636838017487
-0.4581053825342564
-0.4111699392139307
-0.3696971359323004
-0.31847353122734784
-0.2300427239088822
-0.1213748525769453
-0.14009619541511492
-0.5166951025994669
-1.1104597952859092
-1.1426425375880638
-1.1777177324033699
-1.1093118516645188
-1.041081241504774
-1.0267374682552721
-1.0513334089804425
-1.0740638565783502
-1.0631730203906993
-1.0083319620941238
-0.9170341725344144
-0.805254629198166
-0.6893286504499874
-0.5816155036999556
-0.48954668561022535
-0.4165547395745438
-0.3635491455706724
-0.33022812391036693
-0.3159940577577165
-0.320379252231883
-0.3428321623542596
-0.3817510433978065
-0.43298318443836814
-0.48857296052821375
-0.5369809784762801
-0.5657893108352237
-0.5666806930972127
-0.5404072880836553
-0.49761179403492417
-0.4517174648223824
-0.40493782181146953
-0.3385423106063691
-0.22955012558474105
-0.11250981098462329
-0.15061533219475773
-0.5036385594792036
-1.1478940705087401
-1.1747168579415606
-1.2165098061142734
-1.1559216463107012
-1.09085954548513
-1.0741891422608054
-1.0936807175107024
-1.112377727983529
-1.1013449385156953
-1.0510321387888504
-0.9678444686253487
-0.8656793043875466
-0.7587871879187384
-0.658098489496077
-0.5704717359616955
-0.4994498066925114
-0.4463952638802584
-0.4114898145615433
-0.39447566280574864
-0.39505447541214167
-0.4127381389553608
-0.44597416006355495
-0.49073400738072603
-0.5393546153223987
-0.580858516168381
-0.60370777741213
-0.6006289676916965
-0.5730468761498679
-0.5309789313387667
-0.4850566891384389
-0.43285452596480667
-0.35220092749279086
-0.2240546967738206
-0.09877201079762353
-0.15123190758867985
-0.46328586036194874
-1.176319279538468
-1.192972328543824
-1.2386808582833806
-1.1855340655321738
-1.1244660190898086
-1.106761329186497
-1.1227869025822022
-1.1395483099263612
-1.130976979142081
-1.0881834814419866
-1.016252095596588
-0.9267539214902026
-0.8316660759871531
-0.7403870216146288
-0.6591662462601907
-0.5916487820685901
-0.5396358737432485
-0.503758799755978
-0.4840560994222886
-0.48037001884190594
-0.49228600037512477
-0.5183611196541041
-0.5547943138991839
-0.5943397871650516
-0.6267046578534793
-0.6413414595179855
-0.6321322769675649
-0.6013213925992505
-0.5585158367711213
-0.5118294238039726
-0.4544279163868478
-0.36064286826364594
-0.21462746540487357
-0.0805819404887022
-0.14133460812633528
-0.39489001887640257
-1.1919814083999725
-1.1955258959958612
-1.2433249689214747
-1.1978351105031961
-1.14201545409571
-1.1248936196007946
-1.139293804246585
-1.1562588488391519
-1.1526103381939967
-1.1200108595797393
-1.0620329617313071
-0.987736986035455
-0.906709635730045
-0.8267783748023286
-0.7535923405059748
-0.6909107051801187
-0.6409555221658365
-0.6047526698737635
-0.5825637625956301
-0.5743133379280774
-0.5796480941435229
-0.5972829528963213
-0.6237456719516852
-0.6523378414382122
-0.6735831099278677
-0.6780455457662089
-0.6608851407790592
-0.6253220225330265
-0.5807709776454553
-0.5330862763669095
-0.47119886559965957
-0.3657676215886568
-0.2032212125909332
-0.05952575396200358
-0.12202600106876531
-0.3005271670275718
-1.1933313312902936
-1.1828321502706824
-1.2318225880229061
-1.1946130663121846
-1.1454492654545998
-1.1305161643593689
-1.1449616302962244
-1.1639230978389588
-1.1671315730166656
-1.1467186731243453
-1.1046101325382551
-1.0472459500808002
-0.9817836095266793
-0.9145065901174115
-0.8505154998044763
-0.7937114751869428
-0.7467103944267693
-0.7108511602391331
-0.6865110306501213
-0.6736063139455334
-0.6718090638785642
-0.6800279676558313
-0.6952184939461475
-0.7113632630138257
-0.7199395613595122
-0.7127479830248381
-0.6863507828303667
-0.6451003671906513
-0.5984329942904222
-0.5501830763748322
-0.485170470328974
-0.37010827974477134
-0.19265633916756097
-0.03844540787868124
-0.09637289101642733
-0.185562815127282
-1.1813862189062077
-1.1577866437796258
-1.2077719982390631
-1.1795794968147062
-1.1382912964549616
-1.1267749642939355
-1.1423909672781205
-1.164425439027334
-1.1755470236302763
-1.1683107485091675
-1.1429254597399163
-1.1031821429576265
-1.0538507564645805
-0.9997626543299687
-0.945560793907593
-0.8953262724653877
-0.8520268520434124
-0.8172015003834905
-0.7911986077480653
-0.7738026279272234
-0.7646521294195456
-0.7628742596305882
-0.765948882684103
-0.7686749205456391
-0.7636206950080635
-0.7439443810549431
-0.7077270089964562
-0.6606001731435995
-0.6122246727364109
-0.5646375224974909
-0.4986348724816194
-0.3766459950462311
-0.1864520288759577
-0.021325899341117175
-0.06939254308724241
-0.05876789590025577
-1.1596388332784069
-1.1254064711981893
-1.1765427461042033
-1.15786702460376
-1.1251412282368842
-1.1175582845426102
-1.1346094423140864
-1.1597869853844176
-1.178740574763538
-1.1844456056415278
-1.1753923111400213
-1.1527756468111625
-1.1190981261778408
-1.077891083265683
-1.0334636102761117
-0.9901185219430603
-0.9511132174617868
-0.918039128145972
-0.8910334746952305
-0.8695937100955488
-0.8532460621914307
-0.8413524173823818
-0.8320125720744455
-0.8209765709841929
-0.8020355495254222
-0.7698130130393196
-0.7240062609704655
-0.6716534401120487
-0.6228275155328863
-0.5779785785172017
-0.513950621700992
-0.3885274761567917
-0.1885053284990686
-0.012962813332037703
-0.04773005575955798
0.0680003642700772
-1.133482272278153
-1.0920876190981892
-1.144474500636145
-1.1352446833215686
-1.1109582587784337
-1.1068842904743283
-1.1245869873879946
-1.1518226493772945
-1.1772786273433156
-1.1943882780541062
-1.1999868448228435
-1.1928032186638988
-1.1732645547578284
-1.1438070021721904
-1.1085548919932215
-1.0720718953480761
-1.0378184930258978
-1.007255429217348
-0.9800908873617911
-0.9553532628867993
-0.9323631263553447
-0.9107295808807072
-0.8892685071063717
-0.8648128981931553
-0.832495499055953
-0.7884882293372704
-0.7341701274907602
-0.6780828730865542
-0.6308800122034681
-0.5916319155126735
-0.5333125308470577
-0.408723660415115
-0.20264858678965883
-0.018426950639943734
-0.039020957112692295
0.18059472803081686
-1.10919997738763
-1.0645139705965907
-1.1178115935701503
-1.1171487416813595
-1.1002345497104333
-1.0982463803808333
-1.1147697455012147
-1.141870397102552
-1.1713331649764742
-1.1971184626760245
-1.2145263365085168
-1.2200168512869676
-1.2121958203604641
-1.1926520871581012
-1.1654914899563418
-1.1355696688762633
-1.1064375940264564
-1.0792089158173168
-1.0529152046694146
-1.0259149623673676
-0.9972237568372002
-0.966713004573075
-0.9340136712249534
-0.8971670950110398
-0.8527440811534792
-0.798509439360868
-0.7375419759127351
-0.6799412840209229
-0.6370873705642712
-0.6068861698843453
-0.5585650569127136
-0.4396851430713984
-0.23214214888601714
-0.0423787174972976
-0.05097858565603741
0.2638386624288269
-1.0926616582321202
-1.0483721131508645
-1.1015299233325522
-1.107679856807809
-1.0961973061986356
-1.0940387568939542
-1.1067360397815194
-1.130675462601576
-1.1607845641834402
-1.191635892327023
-1.2171557451662964
-1.231786023031627
-1.2326143372477534
-1.220662309213843
-1.200193032596607
-1.1763737728177859
-1.1527088316220226
-1.1297213765620466
-1.1054991549831101
-1.0775231568188766
-1.0444099749759232
-1.006319121475998
-0.9638008267442465
-0.9162188858171546
-0.8616442875471942
-0.7994234357900104
-0.7342870526900561
-0.6778902390106786
-0.6424592163591277
-0.6249717452341975
-0.5911066509684942
-0.48305709187610824
-0.2791783497818897
-0.08831725449674646
-0.09029217544750448
0.30317783280932253
-1.0879523183948459
-1.047096976201251
-1.0982674469918174
-1.1087555558406643
-1.1002005264234975
-1.0951917949021686
-1.1010707862542526
-1.1184924969988665
-1.14553465520326
-1.1774628133932994
-1.2070142963815937
-1.226900315423286
-1.233028279374708
-1.2261540624091773
-1.210877106150839
-1.1926840014222948
-1.1748761184208136
-1.15712661479864
-1.1363072217832995
-1.1088229968605317
-1.072817204747009
-1.0287832958054517
-0.978302051195113
-0.922155680799756
-0.8599279453565438
-0.792458836650537
-0.7259953201624947
-0.6736721975155662
-0.6486510663303855
-0.6472520499103049
-0.6319112601728258
-0.5395075565057377
-0.34447843656012883
-0.1578712459769543
-0.16146176380950356
0.2865887095210928
-1.0962272962722652
-1.0609207864943544
-1.1075986716309005
-1.119618539857858
-1.1114622923284871
-1.1011262989667516
-1.097520546398333
-1.1054224287117238
-1.1260040788738612
-1.1552784544669867
-1.1849819791896046
-1.2064018313777636
-1.214623785725128
-1.2104512181911202
-1.1989987028380265
-1.1860710368234502
-1.1746012156457128
-1.163152379838821
-1.147122306482701
-1.121670650380115
-1.084429310079412
-1.036301735969464
-0.980018593487043
-0.9178488752688391
-0.8508332916533848
-0.7811157197685087
-0.7162103354546626
-0.6705633683789795
-0.6583248119711814
-0.6754747913299585
-0.6816513613578837
-0.6086942183928318
-0.42705084873252475
-0.25024370695688447
-0.26572289348077505
0.20655944418116234
-1.115111948215924
-1.0865051755978195
-1.1258832800253182
-1.13687467117772
-1.1272621243228238
-1.1100815602748335
-1.0954264067878776
-1.0919270109984234
-1.1037073710982364
-1.1275347940394072
-1.1543169792695893
-1.1742261248065604
-1.1818925238779998
-1.1784845493218883
-1.169809737581401
-1.1619881335097
-1.157424055215001
-1.1533303005515962
-1.143410328772992
-1.1214607505590288
-1.0846188019559244
-1.0343144509610995
-0.9745549950845864
-0.9091246135334659
-0.8403741286856083
-0.7714311677774093
-0.7106862131757603
-0.6736154771207958
-0.6753682506545056
-0.7119616583983139
-0.7408461047908454
-0.6893453782693777
-0.5241450999468478
-0.36190780238142195
-0.40022192260810896
0.06192300760285918
-1.1389299141654483
-1.1173869489028512
-1.1468565802262738
-1.1551608793985402
-1.1436303172252344
-1.1197828593265662
-1.0943382710820408
-1.0793683090075383
-1.0817033868669625
-1.0988087892264957
-1.1209040581604839
-1.1373435864700348
-1.1426651190934152
-1.1387185737710617
-1.1321834350469722
-1.1295003857804495
-1.1324076992321714
-1.1365707372766742
-1.1338420374074367
-1.116614145604533
-1.0816201439772435
-1.0309829585493837
-0.9701180004846002
-0.904297792444698
-0.8369197087545608
-0.7716133365168041
-0.7170830510095278
-0.6894202891752066
-0.7047381598891924
-0.7595401632764585
-0.8098874453409799
-0.7793677245529018
-0.6313839712093063
-0.4866158394135205
-0.557589879945926
-0.14069236790347261
-1.1599296540012034
-1.1453482827790964
-1.1630064927899326
-1.1684195475821326
-1.156439445638327
-1.1282968796158315
-1.0946039550104842
-1.070319338515887
-1.0646286044990134
-1.0755685197864366
-1.0927694739723783
-1.1050425477406733
-1.1071839391846368
-1.1020369581997116
-1.0973365531769304
-1.0998692765067233
-1.1106120444390157
-1.123553628513335
-1.1286296946150571
-1.1168891119396491
-1.0848433128223505
-1.0355323142197435
-0.9759109526429413
-0.9126405365404153
-0.8497576291027968
-0.7907193848144161
-0.7437830764146582
-0.725092070110847
-0.7516433400718512
-0.8209659784002525
-0.8887373371191103
-0.8758332404470082
-0.7430011138501271
-0.6157384232300132
-0.7260348437126396
-0.3860270618275905
-1.1704705917548601
-1.1626247455577179
-1.1675982831801086
-1.1715892697356018
-1.1626612727811327
-1.1347988966720486
-1.0976264939286544
-1.068318499418897
-1.057974930436142
-1.0650130530180668
-1.0785286337658029
-1.0870335061771605
-1.0859130555146344
-1.079306137907654
-1.076192513480077
-1.0837587552753654
-1.1021837677560704
-1.1237406540266015
-1.136497145843034
-1.1303422365264133
-1.1018555740028937
-1.0552812666747364
-0.999237961985127
-0.9415856455516085
-0.8864238253238987
-0.8361445038448174
-0.7975801470065527
-0.7862113550437435
-0.8198104803599016
-0.8975903722067038
-0.9760780304482601
-0.9746734290878116
-0.8520793264727438
-0.7389180614354807
-0.8900472569103037
-0.6501905608012741
-1.1658224822251775
-1.164593837558197
-1.1569778734185654
-1.1623349718994511
-1.1614116800543108
-1.1398835849530649
-1.1054413368657343
-1.0767499672699223
-1.0663345745840083
-1.0727575422465456
-1.0845935896327852
-1.0902615981019288
-1.0860344539179856
-1.0776275188206874
-1.0754538485702874
-1.0871835776449466
-1.1122275843386937
-1.141208205209491
-1.1605057389459823
-1.1591719328737433
-1.1342620143607824
-1.0915759253562491
-1.0415062284496877
-0.9928161456806315
-0.9489056485777603
-0.909978050797573
-0.8802475288687184
-0.8736870882563004
-0.9087500279662741
-0.9871630495744164
-1.0677969383660972
-1.0699762271564275
-0.950725492379302
-0.8450432566383022
-1.031824563790348
-0.9017338355853433
-1.1468345812349234
-1.152264972810979
-1.1325414585728986
-1.1422788888799396
-1.1543286416351002
-1.1450590995406849
-1.1193589007616929
-1.0967115534265623
-1.0905979427936607
-1.0994798423927854
-1.1113898937133193
-1.1148096070491214
-1.1071415530282245
-1.0959104874582373
-1.093126256988608
-1.1070378746483236
-1.1363751504170914
-1.170276079805074
-1.1937479336646213
-1.1954704923636363
-1.1735014998611568
-1.1356114976079361
-1.0940574073162104
-1.0580988785000436
-1.0294869361512546
-1.0048947662061316
-0.9845441420594447
-0.9799885048790138
-1.0103700580164166
-1.0810273605763534
-1.1549913922669184
-1.153025511671114
-1.030309076351596
-0.9236943541235227
-1.1336312517027345
-1.1041153280429334
-1.1212780050157107
-1.1335673625969775
-1.1015664675087464
-1.1171351970625665
-1.1449047788883604
-1.151275848573448
-1.1377637350899619
-1.1242087467823794
-1.1246951181305604
-1.1373715387572645
-1.1496740708157347
-1.1502224316815557
-1.1376870581954108
-1.1215309839925567
-1.115443762337776
-1.1283109658010346
-1.1582851892825659
-1.193258022858032
-1.2172909594755765
-1.2192855751554816
-1.1989394437224234
-1.1664666158248167
-1.1360602121209809
-1.1169696216864793
-1.1081898110375903
-1.10136050824795
-1.0912475190915245
-1.0861356213140994
-1.106128004348193
-1.161708310048084
-1.2223234117546156
-1.2117716250449746
-1.0823484551891625
-0.9675866121087324
-1.181612220772763
-1.2201253578031128
-1.1022212428371176
-1.1221897636188487
-1.0760593980725162
-1.0953153859195481
-1.1367634637131232
-1.1569097335079732
-1.1539269180709084
-1.1479703533880041
-1.1536120665765282
-1.1685514450214782
-1.1795216991792472
-1.1752135238833432
-1.1555083088716742
-1.131727283705743
-1.1191350274534102
-1.1271734151279702
-1.1534506784320229
-1.1848489100299844
-1.2049676597125085
-1.2036124387681184
-1.1828443874977665
-1.155845623981861
-1.138813241105197
-1.1404217039436162
-1.155723154842974
-1.169782601680481
-1.1705345166459153
-1.162441058329648
-1.1673765058013998
-1.2032170091077035
-1.2487319521469544
-1.232453364769441
-1.1015200105162535
-0.9772927055525997
-1.1722112526671253
-1.219359274559224
-1.1014757994139899
-1.132698869499606
-1.0690449548840633
-1.0851349381544395
-1.1317220769670229
-1.1567599024171358
-1.1561065166497144
-1.1508673957829956
-1.156354843262008
-1.16978331741295
-1.1769648452679036
-1.1663290981611425
-1.138554662549197
-1.1063499255517826
-1.0860763385149852
-1.0873369009408833
-1.106998475729867
-1.1310349414743968
-1.1430178291707165
-1.134351355124906
-1.1102280781413327
-1.0873694552290516
-1.084078784305504
-1.1079235244362025
-1.1488996084427612
-1.1841440446450946
-1.1937783305590273
-1.1785656351279243
-1.1639384333972629
-1.17857337806889
-1.2144815376789069
-1.2068544348125414
-1.093820519845039
-0.9708817688580638
-1.1235111394852737
-1.0908193842729332
-1.116116251342305
-1.1710482960999116
-1.0885214271780796
-1.0919628434575088
-1.1301000087696593
-1.1456280024364105
-1.1345980617363978
-1.120668706359453
-1.1206332482342418
-1.1312631824524715
-1.136983231047168
-1.125147596211832
-1.096190996095629
-1.0630498697032067
-1.0420294608593395
-1.0418961009227132
-1.0580885032949254
-1.0754163283012304
-1.077631555049038
-1.0583215051040042
-1.0265579728505827
-1.0032218074803723
-1.0089367524283261
-1.049828061992116
-1.1100588401741334
-1.1580462063335517
-1.1659993580964851
-1.1323800969679496
-1.0896179743194807
-1.082447573042998
-1.121641030356102
-1.1515023771064534
-1.0954475245781623
-1.0033594451981571
-1.095782022652088
-0.8644330881234055
-1.1065830269931212
-1.2206662998878528
-1.1309489983727872
-1.118853146308311
-1.1384697458290702
-1.1333136300257252
-1.1041721913642277
-1.080126538074012
-1.0807538701484987
-1.1023894852048102
-1.1270983065289784
-1.1394984591980801
-1.1376818830682396
-1.1325030917173535
-1.137917980951329
-1.1598133629421454
-1.1906237950012155
-1.213041206596472
-1.2107132419602067
-1.17970042883087
-1.1335925240086908
-1.0981161830241035
-1.0966792628693156
-1.134098278955662
-1.1886842594634572
-1.2204847099465042
-1.1953234563354727
-1.112926414544063
-1.0188142047412612
-0.9819167878857229
-1.039802382260632
-1.1494428465437068
-1.2118906417402968
-1.2043259823901735
-1.2286685472937506
-0.6480439080214637
