Predicted value
-1.0667014448357766
-0.902180395130981
-0.6723271398232982
-0.44389816548723116
-0.24861693359395853
-0.09499730875029289
0.02250510117986315
0.11662992714599629
0.20238089835076223
0.2936974553394216
0.40142731412221333
0.5323254998159632
0.6888326893941439
0.8694130242376008
1.0692588742811175
1.2811973566539316
1.4966607328153534
1.7066101292894735
1.9023293482060908
2.076032854957762
2.221259351386016
2.333049664012612
2.407934997934758
2.4437889281061578
2.439623820828702
2.3954396993825764
2.3122608888256284
2.192523096095594
2.0410009026519758
1.8664929679972022
1.6845095635196692
1.521234377204247
1.4190598508588816
1.4440226326087238
1.6954930485122393
2.3184998182570054
-1.179871800852807
-1.0223928596502092
-0.792953357732094
-0.5586312730203011
-0.351893364151747
-0.18230123522842168
-0.04555657883779185
0.06973072874055175
0.1771953273288509
0.2894608359357924
0.4161743685245818
0.5630567129604187
0.7317211047361714
0.9200408481780609
1.1228733589361335
1.3329755226672346
1.541972585921204
1.7412701163439368
1.9228258904139603
2.0797258880321094
2.2065358943868647
2.2994275306208887
2.356104855927254
2.3755850048068075
2.3579136443211177
2.303923357278379
2.2151703783926564
2.0942124315597472
1.9454177374960007
1.7765225820893167
1.6011821569145748
1.4427867044686198
1.3398423217830326
1.3532430971757718
1.575788576005722
2.1443278723973136
-1.2204216083081318
-1.0755167591002133
-0.852716238870017
-0.6192321621313707
-0.4080945804101751
-0.22974248337821945
-0.08096495459086406
0.04842393626502128
0.17082024380943384
0.29764632039346883
0.43744643391189564
0.5949875325095634
0.7711181797900618
0.963166005238021
1.1656813356694502
1.3713619946274171
1.5720215777433735
1.7594908331873933
1.9263690974335517
2.066570057669634
2.175633433283342
2.2508014899601134
2.290886621030665
2.2959835518092957
2.2671070437669885
2.20586329648629
2.1142905664479406
1.9950318428021525
1.8520297413804387
1.6919610993068455
1.5266560736704085
1.3767738688235953
1.277034537974509
1.2833336258435866
1.4820937402584144
2.0022344616633605
-1.2039267758446541
-1.0755944465699379
-0.8641381708944109
-0.6367288056397669
-0.4267905131580354
-0.24547904365707285
-0.09052085840908242
0.047203416260886755
0.1789750354127403
0.3151238346645375
0.463184055513165
0.6270450913175896
0.8068502695626971
0.9994241071247221
1.199035796362235
1.398334000959608
1.5893153615528626
1.7642164322707534
1.9162460904269223
2.0401027827019034
2.1322482922567545
2.190937032323018
2.216027192916723
2.2086273884270673
2.170659774933414
2.104447927207178
2.012465086458165
1.8974057109878848
1.7627705830153062
1.614183046043528
1.461681268238775
1.3232587483960707
1.229952602169017
1.232806487343882
1.4120623480413734
1.8889624788322898
-1.144053888218422
-1.034963842143486
-0.8382349058308014
-0.6208330194712799
-0.4164178844510156
-0.23671091661135257
-0.08023443661707708
0.06119450468015608
0.19785958909889823
0.33910122652420904
0.4915316482648955
0.6582349848963485
0.838705536216604
1.0293047620462275
1.2240448437055793
1.4155339871059966
1.5959459594943692
1.7579036729935886
1.8951939491842733
2.0032579200761806
2.079428841920647
2.1229164194183854
2.1345640589799286
2.116432790798968
2.0712929206018167
2.0021317930391644
1.911813369789301
1.8030526465448968
1.678895254158463
1.5439199103244814
1.4064087092792752
1.281757558102604
1.1974263893078438
1.1997561005107729
1.3630064930697943
1.8009968026933842
-1.0526927258420764
-0.9643746684745744
-0.7846160446365056
-0.5800257297633189
-0.3843507914048388
-0.20973654809821857
-0.0553679715196041
0.08612426220787078
0.22413708727512355
0.367119065345539
0.5208437625420492
0.687658464797134
0.8664615312029815
1.0531890061019902
1.2416184317607868
1.4243251245738686
1.5936534988459716
1.7425933433052194
1.865478276602073
1.9584509291520755
2.019666719783336
2.049235416752686
2.0489269937973855
2.02169561299223
1.9711028872848824
1.900748896685213
1.8138467531873832
1.7131038306064161
1.6011000966139035
1.4813813053605094
1.3605121301759093
1.2513616369396863
1.1779208198197841
1.1819792421779935
1.3320151465449526
1.7346807186701574
-0.940086254158294
-0.8731029094451538
-0.7115844829013694
-0.5216419239585944
-0.33697168162703195
-0.17001034859456932
-0.020480464721000957
0.11828930620465627
0.25491373367870507
0.397041740007119
0.5496870315805781
0.714524712444058
0.8899072718077939
1.0713806582494114
1.2525084744599844
1.425839647489743
1.5838822505521133
1.7199734735477539
1.8289630605732046
1.9076548537817324
1.9549784040669311
1.9718899301425918
1.9610292286953248
1.9261864593893887
1.8716600496061377
1.80161428490347
1.7195724722836219
1.6282088844606402
1.5296300144217656
1.4263629906800417
1.3232963247182794
1.230845483227632
1.1696430988468545
1.177080954211442
1.3160581952245614
1.6863175505650587
-0.814957735498697
-0.7690631286038279
-0.6262344384208685
-0.45195489066245886
-0.27974230910205455
-0.12220086944777697
0.02052646132658631
0.15452167833500852
0.28771588406164184
0.4270453459197694
0.5768383075377536
0.7381587163254582
0.9088603509775677
1.0841321536731818
1.2573428928340558
1.4210206034067918
1.5678295727372842
1.691434961208656
1.7871724679169187
1.8524677727615295
1.8869778074310048
1.8924532288667024
1.8723487898908504
1.8312356227878792
1.7740967727310648
1.705614639049464
1.629586303433084
1.548630045277209
1.4643736654697428
1.3783425610284328
1.293792814097759
1.218761879918284
1.1706367794841903
1.1825670237077237
1.3120768170122095
1.6522584093782637
-0.6846346383073649
-0.6589183063025776
-0.5345477036001058
-0.3762593752621848
-0.21727428156805462
-0.07024923114620107
0.0643617644284713
0.19215318472374032
0.3204650344795519
0.45560282993506673
0.6012794709133138
0.75800525322654
0.9231795970682615
1.0916653881609977
1.2566541495316608
1.4106575828895072
1.5464883396845306
1.658120203027163
1.7413451827530921
1.7941723470199704
1.8169405349257828
1.8121444157415636
1.7840006814541702
1.7378084804177303
1.6791855210153963
1.6132885953359806
1.5441545939729984
1.474325404156658
1.4049474045322425
1.3365635910013423
1.2708436891453447
1.2135249298535433
1.1788634858812232
1.1959238881659753
1.3170610618336307
1.6289769429278709
-0.5551690408307729
-0.5481868766738388
-0.44148778787041476
-0.2989533005297088
-0.1533988326465102
-0.017427420910634955
0.10829768506518392
0.22897862325980248
0.35145109776426453
0.48146683967527115
0.622189375831179
0.773629451963192
0.9327737779373574
1.0941880838659597
1.2509027969698616
1.3954169701763104
1.5206834145396835
1.6209653086756382
1.692481879502067
1.7337880696832453
1.7458604282765133
1.7318887821838114
1.6968005671133428
1.6465720178596024
1.587407738812996
1.5248974967132074
1.463286398763468
1.4050219403258337
1.3507687275205384
1.3001090011554632
1.2531744095147364
1.2134817986384192
1.1922731098282178
1.214686795217144
1.3281154833439572
1.6131319477762638
-0.4314542485998165
-0.4413466678131319
-0.3510916375236268
-0.22361772365274013
-0.09123547420947876
0.03360390086887509
0.15012232655848323
0.2632182904433995
0.37930437653618787
0.5036507016009769
0.6389333714582588
0.784714395853685
0.9376068215760638
1.0919061646127561
1.240496543233612
1.3758672349975656
1.4911027017789678
1.5807364480137036
1.641386398468111
1.6721168029366738
1.6744989963774353
1.652370664097048
1.6113205827003234
1.5579531286221389
1.4990141671624975
1.4404872560485198
1.3867964186501063
1.3402790630789772
1.3011199445037562
1.2679643891167391
1.23945631929095
1.2169739405690587
1.2088632722286692
1.2364970242715254
1.3425136447870616
1.6016186827437162
-0.31733736725239714
-0.34193547075557396
-0.2665586425921833
-0.15309472336217977
-0.033259206692224805
0.08073842360319052
0.188092467198143
0.29348013794913275
0.4029666188894008
0.5214079299095837
0.6510508176136162
0.7910561979417168
0.9377000032552809
1.085032606681458
1.2258053176181605
1.3524997634032245
1.4583232932543866
1.5380608616897384
1.5887011697412576
1.6097821633769982
1.6034283096504818
1.5740793921987906
1.5279378888138533
1.4721893149143412
1.4140772378486035
1.35994198806199
1.3143594142649238
1.2795433508410041
1.2552027868374234
1.2390720469829293
1.2283596162815287
1.2223885608331018
1.2267288186350869
1.2591489552222463
1.3577423001047273
1.5916097010672652
-0.21572759446840745
-0.25264798505802527
-0.19033666262660925
-0.08956293304724322
0.018634012717609394
0.12236835491024473
0.2208869363187717
0.3187219268546128
0.42166152065906765
0.5342106461344085
0.658240990398022
0.7925569607610159
0.9331315269357323
1.0737932087795194
1.2071727954851321
1.3257457032310582
1.4228331994080492
1.4934530426411012
1.5349374089290968
1.5472632953272687
1.533067913700654
1.4973489081796063
1.4468765510514785
1.3893723929254798
1.3325361641107354
1.283030045250504
1.245556746358491
1.2221951545061727
1.2121846315129658
1.212376364094127
1.2185974900241134
1.2282010449762424
1.244102095802323
1.280627747118978
1.371536029170337
1.5805859960396809
-0.1287000170122803
-0.17542891102180258
-0.12420482544505385
-0.034610457972723996
0.0630638218599624
0.1573300282631247
0.2475608640927156
0.3382137052607779
0.4348650159576206
0.5417272670910438
0.6603477514506767
0.7892160102084795
0.9240339064694281
1.0584297026893452
1.1849248198798341
1.295989277623216
1.3850491350233494
1.4473365738211736
1.48050058600678
1.484923549362782
1.4637162954767347
1.4223915958632867
1.368243312939756
1.3094857837017502
1.2542353250484455
1.2094430708100796
1.1799156716332002
1.1675877099821679
1.171237003618375
1.1868612920216175
1.2089621213210031
1.233009064405779
1.2593847339893975
1.2991383675030987
1.381903083798297
1.5663592327399924
-0.05759472110148932
-0.11156198081404665
-0.06935287515292086
0.010695063063712831
0.09910428097384762
0.1848512214625988
0.2675010925817938
0.3515009128068549
0.4422756754428476
0.5437997965943184
0.6573433322166531
0.7811197708695704
0.9105895298963715
1.0392006038555193
1.1593751351340886
1.2635779977755983
1.34533080665769
1.4000620852580983
1.425711646350319
1.423034561073339
1.3955774129227714
1.3493268543136925
1.292057804468454
1.232435948485699
1.1789565185497868
1.138828659342787
1.116942000824177
1.1150793826463474
1.1315669955769592
1.1615805264022037
1.1983532138879467
1.2355590444787252
1.2711716375175028
1.3131266908721229
1.3871431789572617
1.547085816243735
-0.003111046542462831
-0.06175474296920133
-0.02645686795371735
0.04573946907326845
0.12622520905952153
0.2045004352935003
0.280383013367449
0.3583683933597448
0.4437855095578085
0.5404210341459428
0.6493115623853314
0.7684306279164644
0.8930247679171901
1.0163801789525606
1.1308288254556267
1.2288301838812696
1.3039921266781513
1.3519217713268192
1.3708244407949632
1.3617962028637964
1.328782776882502
1.2782049176106258
1.2182777069113062
1.1580785051611509
1.10644563534558
1.0708171939113729
1.0561467035511751
1.0640596441976422
1.0924422196078911
1.1356810380218816
1.1857997064813137
1.2347656594986365
1.278267863868626
1.321293362518075
1.3858579413920733
1.5212735244781914
0.03460316270113914
-0.026218936975225732
0.004248963504324549
0.07029835643244617
0.1442362404072994
0.21613835950100466
0.28612907485557293
0.35880557493425846
0.4394514517592647
0.5317119915697386
0.6364308494369016
0.7513750984761772
0.8716029653991066
0.990255885250829
1.0995838292818674
1.1920401810059187
1.261309756598316
1.303160886892805
1.3160397993372268
1.3013528593716785
1.263409551795685
1.209026403793876
1.1468193723926345
1.0862395402231515
1.0364342845692716
1.0050434057815028
0.9970670222415101
1.013969360164394
1.0532098876289993
1.1084205633294963
1.1704752916444183
1.2297249967222974
1.2796990493860576
1.3226011017612087
1.3769547056359321
1.487781411664035
0.05586743661964219
-0.004746316872494074
0.022904334278212122
0.08447679964670782
0.15323379024560277
0.21987173099973342
0.28486918012906537
0.3529730536774872
0.4294677745280261
0.5178997863480265
0.6189571940107227
0.7302316131426746
0.8466166325494532
0.9611246143749465
1.0659308779526337
1.1534816344101162
1.2175293601911719
1.2539866187625788
1.2615166608758916
1.2418064548573453
1.199495119502012
1.1417580532513119
1.0775743744359323
1.016732608469191
0.9686568789788351
0.9411631809682312
0.9392826352008784
0.9643159441051349
1.0133105905990012
1.0791796423378133
1.1517083449906018
1.2197220092538992
1.2747160174146768
1.3162760963771742
1.3596443251711563
1.4458136660623346
0.06138978883703587
0.0032201949835757694
0.029959154585761854
0.08865266409057164
0.15355109623775934
0.21600976700524924
0.2769031739979538
0.3411707965272797
0.41413966873142455
0.49929625818958306
0.5972075035861114
0.7053181860837169
0.8183791301676477
0.9292880508258651
1.030152185033125
1.1134091666098704
1.1728699246298002
1.2045747066529446
1.2073806491640429
1.1832266386989867
1.1370485282450606
1.076345094603668
1.010422443507207
0.9493718903847235
0.9028636657739249
0.8788661154801265
0.8824273866856369
0.9146839123160913
0.9722873270731593
1.0474687696460938
1.1289868467174484
1.204232855481373
1.26279418249577
1.3018041177926198
1.333433644273664
1.394908083521794
0.052193138524095135
-0.0014798793783344874
0.02611401315259421
0.08342363927014496
0.1457114803336833
0.205023333554342
0.26266559567359804
0.32380815493158177
0.39385819468484284
0.4762775331362764
0.571543444742873
0.6769802299699361
0.7872161211633482
0.895047433414476
0.9925191903952247
1.0720587762437517
1.1275264856842941
1.1550741656675467
1.1537304629209804
1.1256585129014607
1.0760592267454978
1.012720653915416
0.9452412193427021
0.8839819549727584
0.8388301667182468
0.8178842989311798
0.8261970796068893
0.8647413506359419
0.9297903085230742
1.012931202095154
1.1019588548231516
1.1829227004860883
1.2436283420078587
1.278921964400813
1.2981132538529634
1.3349197960985881
0.029547102987568203
-0.01778611998198047
0.012264986813120564
0.06955809893086458
0.1303849532593788
0.1875069876572195
0.24269285127034432
0.3013758597921558
0.3690767910359866
0.4492647372922611
0.5423560520456489
0.645578749730422
0.7534570383052206
0.8586979855313808
0.9532896409419681
1.0296472565915984
1.0816715707801179
1.105610440046162
1.100642425829589
1.0691282633047459
1.0165034609894947
0.950812600837881
0.8819132296273123
0.8204045535540563
0.7763634690538577
0.7579977839674186
0.7703538042734692
0.8142427827151089
0.885578046748067
0.9753419443425142
1.070429067272983
1.1556395326339772
1.2171234244217524
1.2476048181257782
1.253741132376288
1.2660008727973993
-0.005094802845925847
-0.04447386229688583
-0.010547155495199197
0.04794987210990747
0.1083482617039953
0.16414400910151233
0.2175929381146529
0.27442014557292144
0.3402895053723745
0.41870604003639694
0.5100512893729094
0.6114791269158235
0.7174267959415387
0.8205232579542432
0.9127042676367547
0.9863709093665813
1.0354556514998718
1.0562872957288754
1.0481735199215023
1.0136470339545443
0.9583486891550712
0.8905482030675049
0.8203304823668047
0.758502847841206
0.7153057864708817
0.6990371767318855
0.7147272543576961
0.7630289068936351
0.8395152064824263
0.9346034114220951
1.0343519881403869
1.122404526332876
1.1833817411148506
1.2080500771400495
1.200622750742339
1.1885763872592663
-0.05015254605548564
-0.08020592763237361
-0.04118330842818425
0.019576987009605692
0.08044845604085032
0.13567451570468708
0.18801783061856786
0.2435191292899564
0.3080110882292247
0.38506018435525485
0.47503673728818613
0.5750406842267469
0.6794379512105745
0.7807896056708574
0.8709832962756542
0.9424038071791585
0.9890068748871785
1.0071877370540492
0.9963632036291699
0.9592133618743149
0.901556347875849
0.8318569382789204
0.7603970370736945
0.6981634533666417
0.655535687172863
0.6408837613684042
0.6592134590444703
0.7110236466084332
0.7915676840794637
0.8907382451296126
0.9938221905241129
1.083399459717658
1.1426872664663554
1.160658205418024
1.139288197746524
1.1033175249986302
-0.1039715426885453
-0.12357942279972983
-0.07844792192907152
-0.014535572655209933
0.047570034195644824
0.10286673358833459
0.15463861525111205
0.20926154787692702
0.2727590699517279
0.34878163971089665
0.4377095578278684
0.536607197541978
0.6397834980354993
0.7397409979728498
0.8283230072178925
0.8978958358482012
0.9424303206881659
0.9583742106857452
0.9452342935606619
0.9058144672547872
0.8460832808184369
0.7746717904692614
0.7020298976633814
0.63929665712138
0.5969673638547464
0.5834675493412986
0.6037713381011216
0.6582289370274759
0.7417953509301451
0.8438797388516224
0.9490621468195002
1.038951673801443
1.0954874487320057
1.106011117583594
1.0704668605568406
1.0111122805685104
-0.16486924251131596
-0.1731676235331593
-0.1211264274509004
-0.05334908140606897
0.01060569505184484
0.06649147182440397
0.11812343991789244
0.17222793519646407
0.2350379176424061
0.31030749063430074
0.3984458658566774
0.4964985005578145
0.5987304549752663
0.6975943388516724
0.7848925370663771
0.8529707255113375
0.8958070094427809
0.909888337643023
0.8947931668298409
0.8534266718537399
0.7918821183264442
0.7189293354268805
0.645158547733914
0.5818351460380401
0.5395482981872227
0.5267636221250173
0.5484174643820886
0.6047176483852111
0.6903428780507846
0.7942603032328795
0.900408074698776
0.9895170374079617
1.0423730319734772
1.0448485952874793
0.9950601723958487
0.9130342728096957
-0.23117638422111456
-0.2275569783832654
-0.16801821946069453
-0.0958402606394642
-0.029569287440094832
0.027299828580357805
0.07911832083611788
0.13297429774479272
0.19532534720103964
0.2700461520121346
0.3575916139186572
0.4550033049265502
0.5565143857797169
0.6545354525053136
0.7408310930668709
0.8077242572633098
0.8491928641149175
0.8617503920802928
0.8450295185512485
0.8020151961756132
0.7389008746608552
0.6645688978144014
0.5897234266795033
0.5257315607284555
0.4832556501779524
0.47078711359431863
0.493219396059332
0.5506250242703064
0.6374290360510719
0.7421983828534859
0.8482942249320087
0.9356613599768981
0.9840563470945587
0.9780432091264779
0.9141129174011628
0.8103101841165601
-0.3012729960178701
-0.28537929202027196
-0.2179652352024794
-0.14102646917186074
-0.07211908050612353
-0.013995866333122279
0.03823082776876268
0.09201832587363673
0.15406084324139996
0.22836797981126106
0.315455075288302
0.41237333655891134
0.5133349692738791
0.610715866540894
0.6962457287711736
0.7622228098278967
0.8026178057270996
0.8139587232446435
0.7959158868858357
0.751533563777251
0.6870820071432697
0.6115310401328031
0.535673622864657
0.4709551666629405
0.428091680556897
0.4155871562224969
0.43828791864610556
0.4961389908934873
0.5833348424704037
0.6880842118639936
0.7932360149571076
0.8780406721107628
0.9213485078127535
0.9065741978935884
0.8287835604136633
0.7042863074287788
-0.37361923865526686
-0.34533916910722257
-0.2698761979192002
-0.18798694493112494
-0.11626573242444764
-0.056737889831467256
-0.003983353741421824
0.04982815513021151
0.11163641744575577
0.18559782376217598
0.2723009877031773
0.36881886653199086
0.46935271297321796
0.5662505032350862
0.6512098072864354
0.7165023885457127
0.7560851412422223
0.7664892948128451
0.747407135800409
0.7019228188228464
0.6363611592852612
0.5597556216099699
0.4829640378625693
0.4174879127550291
0.3740784921097921
0.361240092971816
0.3837685146584637
0.44148967114011656
0.5283909062473424
0.6323647743034235
0.7358123898840159
0.8173807715086783
0.855135925171953
0.831500734724691
0.7403140472192424
0.5963946624350838
-0.44678121031536
-0.40623682212678836
-0.3227466109569411
-0.2358801692575222
-0.16130409153679148
-0.1003357843853664
-0.04703100672072814
0.006813670092844383
0.06838961369491701
0.14200954629929108
0.2283463980361531
0.32450569282099706
0.42468688260832266
0.5212163669910356
0.6057622562094754
0.6705682567369462
0.7095713797115963
0.7192954935874591
0.6994400634804262
0.6531107407879042
0.5866657877638569
0.5091796428339092
0.4315522535381545
0.3653201250922694
0.3212523536605093
0.307842234537118
0.32983235653566656
0.38693841498877635
0.47296429686366925
0.5755283126019431
0.6766477703949517
0.7544564097091001
0.7863565319783591
0.7539349874843099
0.6499994985468381
0.48811912025180726
-0.5194518548736476
-0.46698636876850247
-0.375674612398104
-0.28395744750075663
-0.20661328212136015
-0.14427589907587918
-0.09048915950202933
-0.03667967914345887
0.024598746088291552
0.09782250983276748
0.18375822594213215
0.2795536068498771
0.3794146975142921
0.4756522939072385
0.5599076961217392
0.624395267274858
0.6630265904853174
0.6723083373082599
0.6519332821125273
0.6050112179888022
0.537913850879915
0.45973506972758904
0.3813953115328649
0.3144460613304027
0.26965784817983834
0.2555024193803251
0.2766670962173637
0.3327666356539865
0.41744524348133477
0.5180887055466202
0.6163939247794409
0.6900704728403778
0.7159760863187844
0.6750153585095972
0.5591581989020468
0.3809619536159728
-0.5904671373448979
-0.5266297667064895
-0.4278728220934193
-0.33157282182274667
-0.2516648370770275
-0.18812789686472836
-0.13401012288013042
-0.08037459990044166
-0.019519666254768916
0.0532000122033221
0.13865254229090046
0.2340363566326385
0.33357181961682325
0.4295598071505602
0.5136175022972803
0.5779289699826184
0.6163753950577116
0.6254371891119198
0.6047874925299443
0.5575239193912809
0.49001271391291207
0.41134680823911135
0.3324465924851931
0.2648595290450089
0.2193420642749651
0.2043346117702845
0.22446770255222198
0.2792647185878932
0.3622339471673511
0.4605700147655077
0.5557120801194518
0.6250334873547182
0.6449649010969681
0.5958802666085946
0.4691022590925838
0.2764112074091441
-0.658817672523125
-0.584346555820981
-0.47867633518590286
-0.37818945433907175
-0.2960276095914202
-0.23154833429240734
-0.17732387793732646
-0.12406329356119467
-0.0638113259443433
0.008249627948222094
0.09309553597448289
0.18798309605393942
0.2871541415237701
0.38290509960235936
0.4668318370529108
0.5310875482428113
0.569518661897389
0.5785710639496674
0.5578862549906901
0.5105343819279488
0.4428584045624199
0.36393097889767695
0.28465296009751334
0.2165497491114749
0.17034902809066982
0.15445075081918397
0.17342757548940663
0.226721248252517
0.3077277670783796
0.4034914765620255
0.4952555654168818
0.5601437594979031
0.5742753243006586
0.5176428119854457
0.38110930907849233
0.17590926210516084
-0.7236560150526228
-0.6394596001402406
-0.5275470384431302
-0.4233826409552504
-0.3393696081889784
-0.27428144203988497
-0.22023792701476544
-0.16760650244135358
-0.10818252617525918
-0.03697460921658728
0.04710612045415492
0.14138128761428578
0.240120857007693
0.33562214302342114
0.4194626679464163
0.48376461598569476
0.5223359513881771
0.5315805900493855
0.5110973351351776
0.4639146083316488
0.39633532944330546
0.3173936181625731
0.23795231293667438
0.1694976229608723
0.12271455043004671
0.10595404128352622
0.12373014378108023
0.17541277535092734
0.25430901925358634
0.34735319370836665
0.43565325723225395
0.49616843504392033
0.5048202724885367
0.4413666425420852
0.2963955555566921
0.0808229405117475
-0.7842998413898935
-0.6914370440025922
-0.5740744479374643
-0.46683963847730486
-0.381456921778171
-0.3161572570129246
-0.26263474252848057
-0.21093038562555805
-0.15259656446684816
-0.08246826951651494
0.0006601091890049864
0.09418100374191966
0.19239877494167523
0.28761690076017005
0.37139776480549463
0.4358328839990621
0.4746887357839664
0.4843206662853693
0.46427468194668364
0.417524248268283
0.3503165403784401
0.271629911269155
0.19227166463250445
0.12367254033610924
0.07646164167928086
0.05893285467437341
0.07554113070083994
0.12559432498244422
0.2023336044410577
0.2926227595834436
0.3774940761803524
0.4338257436003056
0.43745309776327995
0.36804331778264493
0.2160905164664781
-0.007584514047516878
-0.8402312763398182
-0.7398907191617304
-0.6179732888370534
-0.5083565097992414
-0.4221499235403504
-0.35708727883133917
-0.3044669705522004
-0.2540213647310937
-0.19706832628883497
-0.12827094488204083
-0.04630413313529847
0.04630054955024442
0.1438878155274389
0.23877259879137724
0.32250564634682444
0.3871486822793018
0.4264243968572575
0.4366338340957229
0.41726107231482035
0.37121241332945154
0.3046646170094636
0.2265240390525565
0.14752585091515763
0.07902984194945939
0.03159662489778103
0.013455386998373892
0.029001650059772392
0.07749082396374007
0.15212065915983086
0.2397230248175718
0.32131276040519785
0.3737686695668764
0.3729490462733086
0.2985714443235633
0.14121372237891772
-0.0881792821874473
-0.8910926390724953
-0.7845712617814357
-0.659078060293734
-0.5478322141934097
-0.4613969647260023
-0.39705784582871745
-0.34575056831225476
-0.2969191027838582
-0.24165718579835999
-0.17445915262090067
-0.09387867888212424
-0.0023666923036193437
0.09446760543154888
0.1889559876913474
0.27264142492143206
0.33755730292001185
0.3773809816979539
0.388354360364126
0.36989143457893886
0.324820154222019
0.25923321002290356
0.18194969900661948
0.10361693970897375
0.035509029219343916
-0.011893944788268372
-0.03043480277220383
-0.01577772742143495
0.03128960333447413
0.10394340197635195
0.18902119438294657
0.26757711993355
0.3165702696072051
0.31198854406304616
0.2337378347891455
0.07265365251035545
-0.15998035185155007
-0.9366789057504213
-0.8253602204894687
-0.6973348506371838
-0.5852601919528485
-0.4992257916473179
-0.4361214478913737
-0.3865560769632043
-0.3397078016150767
-0.2864583931363253
-0.22113787848676852
-0.14217780277171527
-0.05194431622678568
0.044005066222247216
0.13802450586230966
0.2216534756992764
0.2868991058112781
0.32739267489569973
0.3393130054594606
0.32199684120513905
0.27818360626846955
0.21386926706570164
0.13777133861228308
0.06043439827728754
-0.006967208959021741
-0.05404546857413299
-0.07272227162541571
-0.05872181954914872
-0.012865890157193126
0.05802132475091433
0.14081942084561844
0.21667695358291766
0.2627108342689684
0.2551425238677872
0.1742009196491306
0.011149150876531856
-0.2221801791615285
-0.9769272081191506
-0.8622594588831095
-0.7327906903078855
-0.6207177148580468
-0.5357329413793334
-0.4743862156885753
-0.4269982532359994
-0.3825060254103779
-0.3315931399545319
-0.2684309348556927
-0.19132868397231884
-0.1025639915559563
-0.00763713172377995
0.08583423216550917
0.16939083438273259
0.23501630719948496
0.27629592311581697
0.2893424284035415
0.2734091385273239
0.23113778710867827
0.1684159412009644
0.09384611674643739
0.017856049189375216
-0.0484931046777295
-0.09491653645495746
-0.11342210917981344
-0.09979449429025367
-0.054881062017030476
0.014513856386440977
0.09534703727151295
0.1689147878767413
0.21256706916607426
0.20285998422645124
0.12047661933149068
-0.042726454119179975
-0.2741623874722986
-1.0119037096374386
-0.895378178102712
-0.7655807521847499
-0.654353296163756
-0.5710713939050674
-0.5120038480692893
-0.4672243057737558
-0.42545528026616025
-0.3771975170682949
-0.3164703319448055
-0.2414612269489404
-0.15435576969430576
-0.06059139989864966
0.032248493857235785
0.11571120531540381
0.18176034893427878
0.22393612585565464
0.2382831589139502
0.22396615925948193
0.1835210082704744
0.12271615953149921
0.05002658675899417
-0.02425017534251329
-0.08917902920689776
-0.1345891623260837
-0.1525812346703394
-0.13900107421372693
-0.09471372806626162
-0.02648439561136613
0.05275455105576225
0.1244985751962197
0.1664034489122132
0.15545795006189972
0.07292686172049849
-0.08857832559312391
-0.31551628760219136
-1.0417882229464408
-0.9249179073121998
-0.7959137311865203
-0.6863724760247627
-0.60543678066337
-0.5491562616239789
-0.5074010041934782
-0.4687076018313457
-0.4234106003525036
-0.365384882231055
-0.2926972052672796
-0.2074377887572809
-0.1149755192017332
-0.022853026487202735
0.060489439629453745
0.1269997240060639
0.1701747839449174
0.1859900438457289
0.17351744126314797
0.1351798400531304
0.07661680739546282
0.006164072582688904
-0.06602369343134172
-0.12914981762712033
-0.17316800246016886
-0.19027853904465922
-0.17638943257488007
-0.13237619547650262
-0.06494674267663218
0.013109497721333477
0.08353646617497952
0.12436587477220624
0.11311398165547489
0.03175090792683606
-0.1262000107374708
-0.34604802443109556
-1.0668569547007258
-0.9511558321493296
-0.8240557572491862
-0.7170223205026998
-0.6390524716814434
-0.5860412686331931
-0.5477009511352786
-0.5124124253359241
-0.4703619232222915
-0.41528828045097027
-0.3451389547736666
-0.2619055861879318
-0.1708825788397393
-0.07956486360181272
0.0036263208514012435
0.07062811175416285
0.11489697513029404
0.13233905333244692
0.12193035383073839
0.08597454694466639
0.02997346131519915
-0.037887312983120286
-0.1076079826872311
-0.16854221884199616
-0.21077856033927606
-0.22662385918792655
-0.21204975210003368
-0.16793582187574557
-0.10091579096609288
-0.02360576849020396
0.046033749119593736
0.08647774477434861
0.07586135671913513
-0.003020373006669075
-0.15558009340122386
-0.3657881772826534
-1.0874637860068428
-0.9744268534311965
-0.8503132180050835
-0.746574994519363
-0.6721538856971699
-0.6228576118479573
-0.5882883297839226
-0.5567030345308924
-0.5181586162627698
-0.46626692378568874
-0.39885786479504864
-0.31782125202564215
-0.22837078331211366
-0.13794622247403704
-0.054942526836917735
0.012572653902532208
0.05801900386146654
0.07723430970390535
0.06909651052222023
0.035784888570616805
-0.01734441834289979
-0.08226608089663265
-0.14914659571495345
-0.20750151213234114
-0.24756440304334898
-0.26175579351719264
-0.24611293975267284
-0.2015140298462041
-0.13450305674271984
-0.05749429263630462
0.011892027015620036
0.05263852280362841
0.043587028045231124
-0.03152716202349509
-0.17690547229572523
-0.37499566372995424
-1.1040205189388532
-0.9951047906242253
-0.8750148897123947
-0.7753107913450626
-0.7049723898997656
-0.6597897067702109
-0.6293044615707469
-0.6016829082874743
-0.5668725167954801
-0.5183677590587489
-0.45388293822633036
-0.37520267773537364
-0.2874533664286714
-0.19801153459140142
-0.11523781470877083
-0.047197819643320815
-0.0005039498276665344
0.02061518003450412
0.014938325369325498
-0.015483841051341101
-0.06544794626291821
-0.12709830471098454
-0.19077856128200324
-0.2461773536369241
-0.2836834366197158
-0.2958383904099215
-0.2787477129853579
-0.23328377635811898
-0.16588680494407954
-0.08874271332311838
-0.01908931954432374
0.02262487097251393
0.0160324369907981
-0.0540801843789273
-0.19056115264743329
-0.3741578186870493
-1.1169765418231659
-1.0135831668106945
-0.8984937972071668
-0.8035010234339396
-0.7377191781403468
-0.6969924643247621
-0.6708535309872422
-0.6474123058267084
-0.6165275733925143
-0.5715864659973713
-0.5101897135956063
-0.434013177727769
-0.34808887352962975
-0.2597213627006625
-0.17722807922411377
-0.10866482852782196
-0.060670379671963606
-0.037536749046949446
-0.04058445296172189
-0.06789468539974113
-0.1144230561169813
-0.17249220315329383
-0.23263327272552492
-0.2847189383678143
-0.31930331008152957
-0.3290567631543323
-0.31015639520490035
-0.2634654989068631
-0.19530811674255466
-0.11761742303419943
-0.047209357397212444
-0.003905612657280631
-0.007202759169999805
-0.07115696637879289
-0.19712646134391554
-0.3639865428724308
-1.1267983882082868
-1.030256034107432
-0.9210692458731371
-0.8313912016413285
-0.7705695386873934
-0.7345765890375202
-0.7129888566648639
-0.6938954537737796
-0.667087892572443
-0.6258563078312094
-0.5676898644210818
-0.4941517829237254
-0.4101720953014507
-0.3229739215126776
-0.24082173685537653
-0.1717527787180545
-0.12242542031486323
-0.09719101787845529
-0.09746841668124297
-0.12147298015274698
-0.16432468525775923
-0.2185325061970798
-0.2748249873896157
-0.3232695855916709
-0.35459603990628347
-0.3616117073325112
-0.3405694804015847
-0.29232158234389877
-0.22306521412783203
-0.14445870660843513
-0.07285950992103633
-0.02740803115188144
-0.02665401021493623
-0.08339480276099302
-0.19736761784235052
-0.345410436953217
-1.1339496866585412
-1.0454993207153083
-0.9430294908478756
-0.8591849520815524
-0.8036479448252531
-0.7725947700579663
-0.7557001100988432
-0.7410687204546833
-0.7184467971354802
-0.6810380027257895
-0.6262218133967081
-0.5554445279402751
-0.47352595880515025
-0.3875975040094606
-0.30585997770372314
-0.23632225605381285
-0.18565447401095536
-0.15826218743277065
-0.15566059391642362
-0.17620058460197408
-0.21517107810105124
-0.265274766603011
-0.3174470831077713
-0.36196087763155343
-0.3897319691287895
-0.39371341877049365
-0.3702390491164304
-0.3201494126154351
-0.24950609176529664
-0.1696728921606307
-0.09651516855420555
-0.048441202954229996
-0.042982232677127814
-0.09158040517239047
-0.192226615333068
-0.3195628599026021
-1.138872020733849
-1.059653203001568
-0.9646155309070905
-0.8870291421076755
-0.8370144238170907
-0.8110292045870748
-0.7989019056170288
-0.7887901850760641
-0.7704172878185243
-0.7369109917711089
-0.6855427211668063
-0.617637075697855
-0.5378947035569688
-0.4533441252331379
-0.3721107938253096
-0.3021643565343183
-0.25017776089044613
-0.22060452817104634
-0.21505319535968317
-0.23201060589528574
-0.266938408356839
-0.31273980112617833
-0.360566239968478
-0.4009065043670696
-0.42487319734624746
-0.42557443241276555
-0.3994311401437543
-0.347273105845825
-0.27501952860716555
-0.1937225709614512
-0.1187250472794577
-0.06765607790126409
-0.05696121491898646
-0.0966362244170234
-0.1828063888737819
-0.2877658723260335
-1.1419672407409416
-1.073006028240187
-0.9860065366920617
-0.9150007091181763
-0.8706526819769574
-0.849780915495182
-0.8424242074180531
-0.8368310316523254
-0.8227243221739927
-0.7931665014690926
-0.7453222316732105
-0.6803890454723109
-0.602938692724548
-0.5198847176597511
-0.439264460410302
-0.3689963555241712
-0.31574607900789786
-0.2840077743443475
-0.27547926682710205
-0.28878285445038426
-0.3195559424904386
-0.3609084678113372
-0.4042167378252108
-0.44019598793392545
-0.46016664017628633
-0.4574019247018569
-0.4284172045895317
-0.37403402342603254
-0.3000245739565349
-0.21711496501664096
-0.14009834285200606
-0.08578160182888493
-0.06946209843596361
-0.09960346137485009
-0.1703522694336007
-0.2515100477347657
-1.14358179106478
-1.0857803358587654
-1.0073074451685349
-0.9430957081184914
-0.9044604858188476
-0.8886613471374734
-0.8860050217263293
-0.8848692197673274
-0.8749993467995659
-0.8494028208868766
-0.8051383782816842
-0.7432704326381994
-0.6682312317250025
-0.5868062344841127
-0.5069308101806644
-0.4364590402843598
-0.38203808262088107
-0.34819423622850276
-0.33670952425215844
-0.3463402911042636
-0.37290198901862615
-0.40971700802080585
-0.44839508223532937
-0.47988848434718856
-0.49573689893209183
-0.4893895442669733
-0.45746479112929267
-0.4007802059906989
-0.3249586249076604
-0.24038854330869702
-0.16128978577490388
-0.10360809880744798
-0.08143498847279235
-0.10162180371343249
-0.1562297450089512
-0.21243015696919182
-1.1439936391119454
-1.098121547263588
-1.028539274428576
-0.9712211161888991
-0.9382428214739342
-0.9273867455980789
-0.9292858643346416
-0.9324859064812692
-0.9267775412692608
-0.9051232358661031
-0.8644760771176266
-0.805760530573215
-0.7332577887345139
-0.6536110393651495
-0.5746386635959713
-0.5041160524573916
-0.44865940936741106
-0.41281758500096877
-0.3984506698632746
-0.40444674878682946
-0.4268009004688605
-0.4590532040629444
-0.49305519373561885
-0.5200068809958148
-0.5316791435019851
-0.5217089579488277
-0.4868276335325474
-0.4278548813906255
-0.35026423430910264
-0.2640980098874192
-0.18298268924789135
-0.1219682622739044
-0.09388776925803882
-0.10390594773818379
-0.14189857219700358
-0.17227675319685404
-1.1434024141212524
-1.1100899165378855
-1.0496327351701509
-0.9991899542331839
-0.9717083767902954
-0.9655758518169386
-0.9718105160283512
-0.9791651159165546
-0.9774982543394365
-0.9597370849016775
-0.9227286562643204
-0.8672497874168044
-0.797418033842326
-0.7197189834044275
-0.6418377996797417
-0.571455609358855
-0.5151440092342888
-0.47746364719163653
-0.4603455105169154
-0.4628062337302424
-0.4810214170529614
-0.5087536255124011
-0.5381044175854552
-0.5605324311792368
-0.5680522336440645
-0.5545013214110982
-0.5167353337439584
-0.4555842239907055
-0.3763748106195867
-0.28879780921899506
-0.20587012553911993
-0.14171586854978052
-0.10786222138604225
-0.10771898695010358
-0.1288833038351504
-0.13288370713381908
-1.141923386319902
-1.121656356531458
-1.0704257374124206
-1.0267203086060257
-1.0044699127528607
-1.0027514582769217
-1.0130276006084669
-1.0242971752797254
-1.026509135226622
-1.0125644235266698
-0.9792028917002136
-0.9270450525992775
-0.8600311358052589
-0.7844725923537819
-0.707903874502035
-0.6378949951509625
-0.5809580504317104
-0.5416535678627594
-0.521975221381218
-0.5210641334487758
-0.5352766633298546
-0.5586022595365302
-0.5834006333318317
-0.6014001890800528
-0.6048723261297562
-0.5878689058121732
-0.5473828560347465
-0.48426456484658603
-0.40369939324965515
-0.315024316426523
-0.23063438145257956
-0.16370234845760437
-0.12440756109864597
-0.11434277110320283
-0.11874032053869814
-0.09613176436135222
-1.139585939126829
-1.1327027770830993
-1.0906654132280638
-1.053438857440094
-1.036049113084358
-1.038346402151853
-1.0522975424540686
-1.0671864582997501
-1.073074484977287
-1.0628448062632954
-1.0331280430749874
-0.9843786902809667
-0.9203447775821086
-0.8471458092712327
-0.7721467165772956
-0.702788235196876
-0.6455067995127534
-0.6048497238964201
-0.582864120388394
-0.578810680947239
-0.5892261313552344
-0.6083308427656597
-0.628750765773715
-0.6424955307901056
-0.6421072373933749
-0.6218671342340926
-0.5789200699610443
-0.5141492745366018
-0.4326067092054827
-0.34327690227814245
-0.2579248667871027
-0.18875137497149652
-0.1445515434422041
-0.12504536177696146
-0.1130214761918299
-0.06390821883256692
-1.1363372093281443
-1.143027594340544
-1.1100152984970357
-1.078889528717177
-1.0658865231114478
-1.0717145900393863
-1.0889044827878365
-1.1070639992862463
-1.1163883751729113
-1.1097507174231485
-1.083669404647389
-1.0384220590642341
-0.977548374050536
-0.9069567600676044
-0.8338224506596823
-0.7654373891178535
-0.7081448952995939
-0.6664647909911997
-0.6424873410973686
-0.6355870468392419
-0.6424800060392442
-0.6576212344681043
-0.6739110211264572
-0.6836520692304802
-0.6796718535680358
-0.6564973037888329
-0.6114416020891551
-0.5454355626487417
-0.46340873907442054
-0.37399808500215576
-0.28833467190619094
-0.21763164706100377
-0.16926929349881178
-0.141045732702449
-0.11323448967035162
-0.038062818887678554
-1.13205159237273
-1.1523570923657782
-1.1280683389096102
-1.1025479393509376
-1.0933572112033778
-1.1021476716259129
-1.122073756031671
-1.1431055632344085
-1.1555931034369673
-1.1524062042631005
-1.1299469089310559
-1.088303879564366
-1.0307909975323029
-0.9630850316095094
-0.8921499236413426
-0.8251079202985008
-0.7681904584015463
-0.7258743901929555
-0.7002818138313821
-0.6908944532798336
-0.6946062106565102
-0.7061101930140822
-0.7185891944102143
-0.7246512930291878
-0.7174249020114973
-0.6917002915453389
-0.6449772786709324
-0.57825146014567
-0.4963440426150939
-0.40755300323176746
-0.32237599276112017
-0.2510280721103767
-0.1994500521137527
-0.16347588530403515
-0.12080023729787528
-0.020360044318963457
-1.1265468321594476
-1.1603633404370435
-1.1443664076695932
-1.1238422867720301
-1.1177928083137731
-1.1288980018539092
-1.1509955498626296
-1.1744557796267028
-1.18980357743367
-1.1899112882265452
-1.1710593428178238
-1.133134033648642
-1.0792045389759484
-1.0146939742676089
-0.9463319284823692
-0.8810486218086653
-0.8249435003332741
-0.7824337620078645
-0.755660987178512
-0.7442067258402949
-0.7451405726761171
-0.7533969398359334
-0.7624494163095951
-0.7652242816435642
-0.75516742064877
-0.7273515646439381
-0.6794834636757285
-0.6126432730540736
-0.5315611164381424
-0.44420846660535696
-0.3604546639329922
-0.2895115715188272
-0.23586204476445374
-0.19334057214179914
-0.13700712276047902
-0.01242791525071077
-1.1196074369104583
-1.166689391681782
-1.1584270445719973
-1.142181386729665
-1.1385106033794132
-1.1512085533853909
-1.1748553948026552
-1.2002589698046018
-1.2181382412715829
-1.2213727522228766
-1.206114758171213
-1.172033361376105
-1.121932654869246
-1.0609585630222964
-0.995581744324388
-0.932516600933734
-0.8777091184647485
-0.8354989383691204
-0.8080337441663275
-0.7949867216760947
-0.7936005323023525
-0.7990539173152682
-0.805119729974974
-0.8050558712376393
-0.7926432836815616
-0.763257837188019
-0.7148356188085994
-0.6485638181478319
-0.569102078486913
-0.48411186277139073
-0.40284406248270876
-0.3335077563105031
-0.27911570443964706
-0.23147484316299757
-0.1629627234279187
-0.015703515821543917
-1.1110161849485622
-1.1709825108983158
-1.169778148352649
-1.1569905732469061
-1.1548503945531012
-1.1683504633783894
-1.1928721513988245
-1.2196973200068975
-1.2397571804484315
-1.245941924121368
-1.234267681106076
-1.2041700438938143
-1.158166072177032
-1.1010993734622085
-1.0391555331629874
-0.9788078467283688
-0.9258259852577913
-0.884452904951933
-0.856827989645123
-0.8427070945622759
-0.8395028383402984
-0.8426411692509505
-0.8462029104591795
-0.843791668047983
-0.8295421644378785
-0.7991557387261086
-0.750822434367725
-0.6858617735177555
-0.6088869962506613
-0.5272702217703455
-0.4496586676210208
-0.3832647418062203
-0.32962550162037174
-0.27849965189424153
-0.19954293425281278
-0.0313754378808626
-1.1005945064197236
-1.1729362016471137
-1.1780013764304145
-1.1677561988901863
-1.1662198184709514
-1.1796689208165927
-1.204344185274062
-1.2320370743943598
-1.2539080636966986
-1.2628600988588405
-1.2547637463936028
-1.2288031827685904
-1.1871848458232264
-1.1344232512341974
-1.076391155677449
-1.0192939272319275
-0.9687006624672723
-0.9287372685547095
-0.9015194076374315
-0.8868758795937802
-0.8823856982235817
-0.8837247947850232
-0.885290961706484
-0.8810483281947868
-0.8655053383583425
-0.8347128813607219
-0.7871419020172068
-0.7242724991439071
-0.6506991978660772
-0.5735297609892789
-0.5008275834340989
-0.4388203926321297
-0.38757065667799795
-0.33477578092920135
-0.24733885264261568
-0.060323372133565645
-1.0882525492249464
-1.1723418249157807
-1.1827850283860404
-1.1740794957368756
-1.1721489019777007
-1.1846381228555527
-1.2087044425515507
-1.2366834446037656
-1.2599806023128441
-1.271512263783765
-1.2669924056541424
-1.2453342084565195
-1.20840818545913
-1.160371275726647
-1.1067539910394633
-1.0534653852070883
-1.0058482932082782
-0.9678899664875482
-0.9416659096347539
-0.9270674025714596
-0.9218358712648489
-0.9218999488869641
-0.9219837482340913
-0.91642754511816
-0.9001347513390265
-0.8695317347435922
-0.8233997227746863
-0.763410704809729
-0.694171927486184
-0.6225562561078857
-0.5560683541232827
-0.499969311563816
-0.45285503222750495
-0.40035636828996896
-0.30660166992214793
-0.10305509639099891
-1.0740497596492502
-1.1691506238852134
-1.1839872117448063
-1.1757405796478921
-1.1723546029568426
-1.1829260508720951
-1.2055851603792638
-1.2332449545975606
-1.2575702297762095
-1.2714898140826782
-1.2705483802235293
-1.2533667728357278
-1.221452490483303
-1.1785746409912727
-1.1298903677457783
-1.0809824234864225
-1.0369402470138187
-1.0015895771324181
-0.9769483170456872
-0.9629590413177687
-0.9575212164127701
-0.9568188847198832
-0.9559122408695442
-0.9495342080429001
-0.9330058008738749
-0.9031567404401524
-0.8591104657364497
-0.8027653649204587
-0.7387767285189031
-0.6738166056781609
-0.6148614234409489
-0.5662299079276045
-0.5250665251975444
-0.4749383384634469
-0.37718585722787656
-0.15964113280894443
-1.0582668303985512
-1.1635469915475463
-1.18171011085343
-1.172773402675596
-1.1668161291357044
-1.1744698391268267
-1.1948929695043387
-1.221607961798648
-1.2465517266869321
-1.2626629673580514
-1.2653025518018621
-1.2527758029511669
-1.226198254501601
-1.1889190991317673
-1.145689234742965
-1.1017334932349119
-1.0618593152308708
-1.0297068130626388
-1.007217843222889
-0.9943743883893833
-0.9892292280226245
-0.9882245554355227
-0.9867668781307177
-0.9799992170982073
-0.9636842996629789
-0.9350851193693732
-0.8937019152859371
-0.8416973020115737
-0.7838139605608061
-0.7265619792030271
-0.676425612227632
-0.6368119035039841
-0.6034363006021228
-0.5578130641373205
-0.4584909558983836
-0.22964736821693754
-1.0414898909783936
-1.1560338401497283
-1.1763862018649434
-1.1655524806605229
-1.1558618459587242
-1.1595625311728632
-1.1768951680702209
-1.2020221177230788
-1.2271635382754342
-1.24526360864997
-1.251483006216913
-1.2437864153434182
-1.2228665226391675
-1.1916186336109158
-1.1543527243357206
-1.115902420659654
-1.0807630763258198
-1.052363800332531
-1.0325509627195364
-1.0213333868772239
-1.016912115370762
-1.015990315168168
-1.014331567058333
-1.0075074629420704
-0.9917481135762677
-0.964781848248296
-0.9265230667548249
-0.8794398829562363
-0.8284058780748867
-0.7798129608024801
-0.7396950101788314
-0.7105846561014034
-0.6867982312219
-0.6478166068834633
-0.5494023046487017
-0.31206595386630565
-1.0247078375720304
-1.1475309536599416
-1.1688772790684465
-1.1548922452936636
-1.1402686068455583
-1.1389520413671337
-1.1523179680327542
-1.175197553546619
-1.200103553959289
-1.2199793194172577
-1.2297669678576013
-1.2270634125567428
-1.2121056073394278
-1.1872990521510396
-1.1564762805933961
-1.1240447299212324
-1.0941560728935817
-1.0700017697713293
-1.0533122776492116
-1.0441100332076085
-1.0407390038664766
-1.0401662812208197
-1.0385238695341399
-1.031831500963309
-1.0168139880853857
-0.9916993031938792
-0.9568562527290696
-0.9151032941039234
-0.8714927210843137
-0.8323471227791435
-0.8032977001931128
-0.7860467031918803
-0.7735489296263365
-0.7432799072598504
-0.6482310580393287
-0.4052448231478285
-1.0094237217982982
-1.1394872266771816
-1.1605871800239977
-1.1421598921443195
-1.1213743613737692
-1.1139531610639224
-1.1224575378146728
-1.1424145982644431
-1.1666371406465128
-1.188059366216897
-1.2013843845562007
-1.2038121056448752
-1.1950887905083973
-1.177092211125876
-1.1531390491926525
-1.127173842224488
-1.1029714643879576
-1.083457808338722
-1.0702260132463641
-1.0632982630815204
-1.061155858138076
-1.0610329416602164
-1.0594419423411645
-1.0528714723574757
-1.0385700994997882
-1.015302090857961
-0.9839339044155706
-0.9476828838057594
-0.9118322903774947
-0.8826894856182779
-0.8655367558764435
-0.8612969502231624
-0.8616087811912958
-0.8419793170254077
-0.7526538729740533
-0.5068161880527053
-0.9977811399531108
-1.1340077154275776
-1.1535891191859116
-1.129402618376743
-1.1012049191491777
-1.0865734712934594
-1.0893046870411327
-1.1056468593264315
-1.12871824370758
-1.1514334470438512
-1.168233944921195
-1.175891228716273
-1.1736237620858216
-1.1627416055652426
-1.1460052468574107
-1.126857853289656
-1.1086628418139892
-1.094051340822602
-1.0844567969477579
-1.0798866589121887
-1.0789537493931847
-1.0791626147605555
-1.0774188214457001
-1.0707018465960751
-1.0568148895663292
-1.0350976096944584
-1.006960474708369
-0.9760720830052009
-0.9480035019429215
-0.9291063431806
-0.9243739750008976
-0.9340079504453153
-0.9483844089897625
-0.941087888385083
-0.8596526621841415
-0.6136243973741445
-0.9927065865616365
-1.133996448714466
-1.1507685619213672
-1.1194901661020749
-1.0826157693501546
-1.0596540459517063
-1.0556840614222345
-1.0676985178538116
-1.0891243917617082
-1.1128440155166481
-1.1330123323459553
-1.1459387337838107
-1.1502745673479458
-1.1467200811170863
-1.137437250780504
-1.1253276136280899
-1.1133069128463609
-1.1036810343828758
-1.097700397538559
-1.0953426393444627
-1.0953461116765315
-1.095489388958979
-1.093084663203906
-1.0856255820318335
-1.071502764214847
-1.0506729061811029
-1.025140071816464
-0.9990804367960544
-0.9784144375756039
-0.9696029540694402
-0.9774168339390259
-1.001401745313016
-1.0307330236567773
-1.037127857406398
-0.9654548358792405
-0.7216535618701039
-0.9980687582914944
-1.1433159689121029
-1.155982593054044
-1.1162736095352814
-1.069449878155404
-1.0370258517506645
-1.0254087380716648
-1.0323567127661004
-1.0516064636461828
-1.0759930253173118
-1.0993575421416297
-1.1175112764071207
-1.128496857469942
-1.1323604465347403
-1.1306211706346825
-1.1255968582700344
-1.1197177880611031
-1.1149328406683987
-1.112285123129949
-1.111706813662666
-1.1120556538717572
-1.1113881942091794
-1.1074375774191687
-1.0982363236059192
-1.0827972594555204
-1.061738413041296
-1.037710374538702
-1.015457302073015
-1.00131543082004
-1.0019256223771054
-1.0219091703186836
-1.0602287567479634
-1.104929133552747
-1.1259247809710748
-1.065474474969128
-0.8259553738306797
-1.0188558165004415
-1.1669645953165861
-1.1742367562860074
-1.1247613463500918
-1.0667124084880306
-1.0236827734018081
-1.0034511337739012
-1.0045599103705747
-1.0210540981607552
-1.0457039595174733
-1.0720071104659
-1.0952382248390518
-1.112787260099254
-1.1239997874804983
-1.1297056880038545
-1.1315951548151453
-1.1315736211911225
-1.1311999124573888
-1.1312845989584064
-1.1316982061168912
-1.131411616516996
-1.128763677842663
-1.1219237093996022
-1.1094892788463622
-1.0911322996569994
-1.0681791787348967
-1.0439834224942943
-1.0239217886231582
-1.0148177496380189
-1.0235687132384619
-1.0547261233659995
-1.1067502447690145
-1.1666341127726632
-1.2025638088494375
-1.1542549014832921
-0.9205775707172072
-1.0613716389153316
-1.2112724243904038
-1.2118803630743349
-1.1513132758481293
-1.0807633287318987
-1.0259722147284824
-0.9961311609355848
-0.9905831781897295
-1.0036776494023965
-1.0281000316457747
-1.0569721259425084
-1.0849910476109503
-1.1088477089143884
-1.127138304659805
-1.1399549702887173
-1.1483144608997131
-1.15355637853932
-1.1568151539948626
-1.1586426682200375
-1.1588310774209276
-1.156458084727228
-1.150149580270504
-1.1385272503883126
-1.1207814355700645
-1.0972821956575411
-1.0701142197100055
-1.043393896840886
-1.0231995432300591
-1.0169184594127332
-1.0317871708430948
-1.0723738836277343
-1.1367248662210967
-1.2108691467720218
-1.2613485947077754
-1.2254131340385852
-0.998493514763214
-1.13345211316244
-1.2841171036605687
-1.276821291761984
-1.2038541687816875
-1.1195288992995356
-1.051804248626342
-1.0113225881800072
-0.9982413040254268
-1.0072076127288985
-1.030799467574846
-1.0617279170896778
-1.0940689567146977
-1.1237655933669024
-1.1486135215236497
-1.1679164883641484
-1.1819701043977808
-1.1915055349062926
-1.1971971864239246
-1.1993111813765904
-1.1975440928982566
-1.1910740907396673
-1.1788193280816621
-1.1598710779623063
-1.1340418069241096
-1.1024410523846653
-1.0679646491310337
-1.0355555292352716
-1.0120669985854884
-1.0055320721239291
-1.0236151287805115
-1.070994825987372
-1.1453998925569722
-1.231992097603284
-1.2957633720828299
-1.2715867384289994
-1.0515333826505668
-1.2447025470924207
-1.3951604382534069
-1.3787613199859383
-1.2921072558929254
-1.1927330481541933
-1.1108803110141754
-1.0586785847667841
-1.0371107234816848
-1.0411124686131192
-1.063128799529473
-1.0954223308988198
-1.131401705762727
-1.1662106120276088
-1.1967907289999824
-1.22160458948899
-1.2401770218965933
-1.2525865156128813
-1.2590105319309726
-1.2594014615930071
-1.2533426089757922
-1.2401062618216554
-1.2189085843171357
-1.1893287502191454
-1.1518324116252894
-1.1083122778820578
-1.0625312580216344
-1.0203262990150936
-0.9894037310268351
-0.9785296097520721
-0.995891224816263
-1.0463786221124398
-1.1275076668493125
-1.2236788529802685
-1.2984387435800973
-1.2843836056336688
-1.070317481597603
