Predicted value
-0.9891778393337132
-0.8011532882019432
-0.703633466411242
-0.6544170261088069
-0.6134573396553804
-0.5533946993752048
-0.461688489094348
-0.3380913752438688
-0.1901324986609827
-0.02839191688898679
0.13736203750636267
0.3006534425808214
0.4592893315587665
0.6150371839252082
0.7723423293969895
0.9365209040537861
1.1118696533712988
1.300078703136164
1.4992336044958106
1.703564691967601
1.903961261360286
2.0891314665087304
2.247172337749718
2.367234129434302
2.440935496740335
2.463226971879026
2.4325260447419663
2.350174041370914
2.219609123612524
2.0461272932048695
1.8387304615926297
1.616353631244431
1.4217382134090137
1.3473916693584056
1.579461195485666
2.466967265414207
-1.106401605823254
-0.8561383141394232
-0.6968189960926596
-0.5913266162033914
-0.501391369137161
-0.3994664512130808
-0.2718536649100647
-0.11687856416064246
0.059165937968867155
0.24647873083922311
0.43549937718911536
0.6193910857032822
0.7951175613203926
0.9632630133764595
1.1269244139915542
1.290091408018946
1.4559382696474144
1.6254001676399712
1.7963089294665346
1.9632376725047513
2.11806528630309
2.2511369918841893
2.3527822604751005
2.414872433144992
2.4320736328713357
2.402492189802741
2.3275359972016534
2.211042167993615
2.058065258282535
1.874197352874062
1.6669176570427178
1.4512610967433384
1.2630689844647058
1.1842562482132557
1.3859152349590722
2.1966918755346034
-1.19521163128421
-0.911646033787229
-0.7161070678311006
-0.5769387934976056
-0.45800995182925597
-0.3319075399480015
-0.1840389084970142
-0.011498568242975904
0.18053056113294597
0.38296725021708433
0.5864599780101647
0.7838616667633485
0.971379792122208
1.148524210515131
1.317158739724423
1.480052421524559
1.6393386754240145
1.7952414081648784
1.945332762979479
2.084463763935763
2.2053728222842484
2.29984411180956
2.360174377049787
2.38062900013773
2.358542307200498
2.2947593319884603
2.193242760952072
2.0598957486063565
1.900994902978508
1.7221041864851119
1.528965945992298
1.3326559653358485
1.1622615124795512
1.0895110200291815
1.2711674802583055
2.016611042399838
-1.2418614890187034
-0.9470385690732743
-0.7347241215249087
-0.5790358364983926
-0.44629006551106243
-0.30948623120139607
-0.15336724529252854
0.02603256817261068
0.22453261678576164
0.43372566460183193
0.6444791527353753
0.8493923800752492
1.0440079944316527
1.226874055162118
1.398740452084541
1.561266890536781
1.7156351670444865
1.8614122524722498
1.995918958018985
2.1142378722369446
2.209860012666133
2.2758384219425816
2.3062049436208674
2.2973298257090944
2.2488788083091102
2.1640651440467082
2.049020764426756
1.9113377301173484
1.7581743767159064
1.5947963780394818
1.425047484672034
1.256034144653952
1.1102787640743355
1.0497642061851502
1.2176734467594812
1.9052392890237755
-1.2416774461301934
-0.95185340682599
-0.7370531304212775
-0.577420996206653
-0.44198162511286465
-0.30438702847910326
-0.14891601228548657
0.029308512645290774
0.2270162972287803
0.43643868756079524
0.6486785849578095
0.8561419125835543
1.0537997277531561
1.239352005223217
1.4125554183678388
1.5740743503672425
1.7242330646581328
1.8620036411742829
1.9844751306023332
2.0869305812526386
2.1635263404586715
2.2084385129318234
2.217230860472251
2.188122939131368
2.122813079598406
2.0265541125030904
1.9073067107494353
1.774022054182811
1.6344484061046507
1.4933313146468314
1.3525007030622085
1.2151262798390778
1.097391670466871
1.052003635928508
1.2093318868324197
1.8435835147849755
-1.1963727769561041
-0.9230008787649693
-0.7157291157302044
-0.5609265760503883
-0.4305423234196545
-0.2990861364790327
-0.15054647327013565
0.020735679949270946
0.21232156125361035
0.41705379418847327
0.6262914509047661
0.8323087498075304
1.0295981005521213
1.2151241189924862
1.3877702621779107
1.5473200669666545
1.6933368035380578
1.8242648652997469
1.9369895976642613
2.026975708170519
2.0889740877107195
2.118158995453475
2.111448306689688
2.068685081529905
1.993335271411217
1.8924001279890517
1.7753690034551184
1.6522649208981142
1.5311777362693688
1.416154098091994
1.3069359255203257
1.2028259579769434
1.1139262686283944
1.0841596676683714
1.231860838019651
1.8153300339037228
-1.1118792389223016
-0.8624854865572296
-0.6692639162203158
-0.524955426609723
-0.40460881895508555
-0.28376499929414783
-0.1462720548502081
0.014198259771606575
0.1959706958353371
0.39247789618373247
0.5953580971845964
0.7968150567418695
0.9909533677923167
1.1741121981057532
1.3444191986686989
1.5008900327188734
1.6424238838718495
1.7670075930022227
1.8713569378705297
1.9511091951846977
2.0015527001116826
2.01875283147202
2.0008258902179
1.9490388925749889
1.868390555680134
1.7673729009322292
1.6567401268525046
1.5473378972841971
1.4473881405106028
1.3600980485957683
1.2830833922142428
1.2118817126961101
1.1507966082317935
1.1354763834185302
1.2730049688478524
1.8068864284912636
-0.9966265734782808
-0.7755819903265291
-0.6001312541986137
-0.4694870861269418
-0.36193575749834156
-0.2541937205833394
-0.1300973953371091
0.017252595830112544
0.1868854665683997
0.3728068937039536
0.5669579116965563
0.7615310742341572
0.9503303497030038
1.1291750183639835
1.2955501625681807
1.4478133755178388
1.5842952471836986
1.7025962062868345
1.7993005930033383
1.870216596514316
1.911124102962375
1.9188877510498634
1.8926857726843418
1.8350326930038197
1.75225186605904
1.6540983176531507
1.5523596436013458
1.4584889582351739
1.380665292598983
1.3211495927300954
1.2754247539406691
1.2353921353883452
1.199860918695738
1.196726693215999
1.3226079570042457
1.807310004902967
-0.8602071953176904
-0.669403442311973
-0.5132493636649191
-0.3974859815824467
-0.3037402551915313
-0.21002227032267848
-0.10026645057952666
0.032912270887946515
0.18919574848238496
0.36314847214979
0.5470371724376737
0.7330991729255489
0.9149201126955792
1.0878993303688302
1.2489870948454416
1.3959881745159952
1.5267571446171795
1.6385785298482243
1.727945554606309
1.790841114499989
1.8234997784203268
1.8235063686507142
1.790981135538975
1.7295299314001016
1.6466162838255438
1.5530570597062097
1.4614706862919125
1.3837328427706994
1.3278353434180907
1.2950157895994796
1.2786446610695197
1.2671390353610914
1.2541342558540634
1.2603028026213163
1.3725795436272328
1.8081506455625873
-0.7123691769710844
-0.551804255916892
-0.4148043179582618
-0.31365493794308885
-0.23339526363832055
-0.15342313312856903
-0.05786360739473288
0.06107959093606563
0.20369491477940008
0.36509294672986936
0.5378871441092001
0.7144112441646902
0.8881089445097435
1.054052958591287
1.2087599577624348
1.3495814386936535
1.4739843856326382
1.579005919682904
1.661089130074428
1.716399153607383
1.7415954963227416
1.7349147642521499
1.697313576084639
1.6333506580202821
1.5514661582215297
1.4633612533824212
1.3823083412749686
1.3204477089614182
1.285466724941681
1.277528513097584
1.2879349151606938
1.3017895248287785
1.3078868688486023
1.3202096066300568
1.4167831085197795
1.8032321420017225
-0.5622862326203788
-0.43056696371548164
-0.3113627224205019
-0.22348273459780282
-0.15542069032132086
-0.08803446590756887
-0.005717126189921262
0.09967383442395257
0.22899197885259984
0.3778817223632874
0.5393215057063052
0.7057879708401866
0.8706525711405021
1.0287472965835278
1.176249072440478
1.3101490857689486
1.4276099957064727
1.5254868795174057
1.600213044779451
1.6481456872808402
1.6663449823941652
1.6536397531589069
1.6117295493026214
1.5460029862211724
1.4657317197822146
1.3833446599739925
1.312614142154244
1.2658109672222917
1.2502246797020606
1.2649153637454988
1.2991797897055097
1.3349941264456433
1.3566538352114472
1.371984967945981
1.450866094650604
1.7883926690322385
-0.4180586641743597
-0.3128265456386987
-0.20922763203913142
-0.13253960753253674
-0.07472627062176848
-0.018157917280824554
0.052440720889625994
0.14550162929683458
0.2624055251316504
0.39931802165399954
0.5495973241226788
0.7059037012785598
0.8615987933343203
1.0113517779982049
1.1510857084246673
1.2775171494019137
1.3875817588160357
1.4780138787344241
1.5452757025881363
1.5859273601647406
1.5974094987104905
1.5790908246443698
1.5333307944672572
1.4662383936679955
1.3877879070452497
1.3109979511404468
1.2500069976735741
1.2171033542509326
1.2191062734328182
1.253963721770332
1.3090475449048355
1.3634045015316891
1.397178096222702
1.4125675070397308
1.4720523668161727
1.761201905193989
-0.2864041638062883
-0.2046911100876852
-0.1139964242410911
-0.04597943300789186
0.003935009744092194
0.05182997260029278
0.11259772182411217
0.19491013219892406
0.3006398173096996
0.4264599297693868
0.5661192296710735
0.7124961366769599
0.8589972558998481
1.0001984883530848
1.131846491501363
1.2504611325982875
1.3528218653078588
1.4355988468368175
1.495319286713848
1.5287571677007272
1.533716292370366
1.5100587738981117
1.4607297948463631
1.392460891439296
1.315814371285042
1.2442769279677448
1.1922372646623125
1.1719067691811578
1.1895801829054593
1.2421009641443308
1.3150098508644377
1.3846311667008062
1.4273058759576729
1.440129466196789
1.4789126092506582
1.7206694113501364
-0.17250197983435314
-0.11102229566812451
-0.03028391253827354
0.03178814706637373
0.07633965140645581
0.11788941604131051
0.17090649108702344
0.24425930098121218
0.3402791287924511
0.45613150253004603
0.5859621897661246
0.722895827437514
0.860430894210342
0.9931109615265512
1.1165751246692035
1.2272164051434444
1.3217219186329545
1.396748907018447
1.4489225266959969
1.4752407569695047
1.4738551298740892
1.4450793746765094
1.3923777047555188
1.3230165398501448
1.2480441410380065
1.1813081275296948
1.1373473316996727
1.1282181199799084
1.1596523505802292
1.2274107427299614
1.3153077845195826
1.3971585957195343
1.445850576426882
1.4538894002997802
1.471126140745675
1.666956237992304
-0.07995825656858749
-0.035343039148014656
0.03842176288104387
0.09728817666959974
0.13902505635879997
0.17658453203249946
0.22398229149637758
0.29024546406365503
0.37813229022755057
0.48528367332356
0.6062443072913843
0.7344065466974914
0.8633997195356946
0.9877873682455179
1.103161128137198
1.205848803248772
1.2925018658455159
1.3598102755657986
1.4045263758809907
1.4238808673310857
1.4163586671830266
1.3826870319960052
1.3267888313280896
1.2563865057420904
1.1829232086264376
1.1205131073996797
1.083758993675867
1.0844984121932337
1.1278756530110363
1.2086023489198752
1.3088802684501
1.4002323825616991
1.4524385983181625
1.4539168838469645
1.4492450439313096
1.601099332922148
-0.010864363099358522
0.020155664340197825
0.08979897671710349
0.14806200522414126
0.18940824199945852
0.2252346092874295
0.2690824370028186
0.33010458869964077
0.4114556831762106
0.5112329660462188
0.6243773808329802
0.7445639607609839
0.8655839986863273
0.9820647417862776
1.089601787978822
1.1845111208264099
1.26345799715489
1.3232048850496865
1.3606565275372575
1.373283167381627
1.3598891992839979
1.3215802056289194
1.262682669033943
1.1913038275918875
1.1192003351065536
1.0606697970746564
1.030305061919735
1.0396735442984912
1.0933190314372627
1.1849475626768318
1.295268264968301
1.3937306612320561
1.4473481325266913
1.4409390971358393
1.4144692582290748
1.5247561549488728
0.03407625949130524
0.05453369035876221
0.12265303262312276
0.18266502290481942
0.22581685860212905
0.26197448913683946
0.30419224478398615
0.36172012522992136
0.4380794178333522
0.5318025656078149
0.6382195454620858
0.7512966364879741
0.8650105443335773
0.9740875892051705
1.074170250063183
1.1616079743779366
1.2331219996497649
1.2855811780365114
1.3160636371300267
1.3222837364428297
1.3033513787674007
1.260717496514328
1.1990616436825103
1.1268112725255919
1.0559636485144888
1.0009266461170685
0.9762200594834564
0.9931007445998715
1.0555090711160553
1.1561969911220333
1.27450571690988
1.3780297284660719
1.4313497923607466
1.4161570550923486
1.3684392640707275
1.4399749565390885
0.05537376880874222
0.06796767091680672
0.13681859785219738
0.20060209067906715
0.24745417103202685
0.2857457625939301
0.32803921682693965
0.3836570464481557
0.4564582066419005
0.5453871050602083
0.6461511555419372
0.7530103054399926
0.8601427507460941
0.9624011951041903
1.0555096965676851
1.1358885678429125
1.2003501400324879
1.2458976548080636
1.2697993037633413
1.2700156746857378
1.2459477808995847
1.1993606299359334
1.1352401198346926
1.0622751236446932
0.9926381234171076
0.9407828724482022
0.9211024869794443
0.9445122842672216
1.0143547811517002
1.122485734245293
1.2470061278867055
1.3538717873272033
1.4055560004924952
1.3810773603570146
1.3130511797384339
1.3489944694293794
0.054547982576927216
0.06158195912741529
0.13302248126284155
0.20221914034086974
0.2543165850889958
0.2962374204302007
0.3400541023436328
0.3951407006853957
0.4656654751358258
0.550959589584856
0.6470921655769727
0.748613434172531
0.8499121760036474
0.9459871296712276
1.0326707872057077
1.1064841703585229
1.164358981264904
1.203455133782151
1.2212432858217295
1.2159297965191704
1.1871917133836003
1.1370781418994678
1.0708378516775194
0.9973674174309664
0.9289557680469018
0.8800459110930929
0.864859001507037
0.8939460202184137
0.9700643093185137
1.0842362633716398
1.2134517898246282
1.32224091347225
1.3712842988391225
1.3373636884035491
1.250297492076372
1.254075202518854
0.03390980144205495
0.037259909070174076
0.11272220956029197
0.18856657159685378
0.24707947203009337
0.29379179132990807
0.34029471333289946
0.39599634461067285
0.46534652683947103
0.5480361828523667
0.6404766018662401
0.737499519957445
0.8337068764730904
0.9242559139700751
1.0051070267320856
1.072904639186518
1.1247215988894286
1.1578912874279124
1.170095074866546
1.159782057498399
1.1268894129124243
1.07372136901853
1.0057489029400215
0.9320270498512064
0.864908299166468
0.8187751742368303
0.8076389201416833
0.8416704505376975
0.9230605171047495
1.04206465217068
1.1746909848636848
1.2842517318937798
1.3299382040639494
1.2867107371179258
1.1821352388058641
1.1573632313522502
-0.003659686809975713
-0.0025519289887205626
0.07793323661409704
0.16124747101977394
0.2269644620563606
0.27928904158055995
0.3293458268307193
0.38656270749380994
0.4556440910021655
0.5366121211028724
0.6261972871250238
0.7194991318682263
0.8113293329105175
0.8970094636460416
0.9726404247731234
1.0350060625225663
1.0813360449048393
1.1091488399240137
1.1163408183167118
1.1015982761865593
1.065101728179584
1.0093823478443127
0.9400951168028239
0.8664082765864048
0.8006902447225489
0.7572194481595191
0.7497657306413792
0.788110294460997
0.873900729381817
0.9966947506919106
1.1316470025967509
1.2410538707309875
1.2829078767351039
1.2307420868607801
1.1103822437000979
1.0607862136387918
-0.05492251004078815
-0.055036493797622724
0.03105523897268403
0.12226131185770434
0.19559902929630446
0.25402118076114305
0.3082061993330136
0.36759065323917595
0.4371073208115593
0.5170797851440934
0.6045317727521318
0.6948125390217493
0.7829346604433791
0.8643838178135256
0.9354077340209687
0.9929395529706208
1.0343758008998671
1.057426846069479
1.06020465582485
1.0416248295840942
1.0020935506782183
0.9443414374058985
0.8741714724321095
0.8008234380167136
0.7366387707668804
0.6957536619266361
0.6916707559086669
0.733777129098503
0.8232045511801165
0.9488835306055607
1.0852415126202781
1.193754020720902
1.2314916988244948
1.1709323100279603
1.0366409668946526
0.9659803959825876
-0.11648178585787144
-0.11718773977969886
-0.02529420225296783
0.07385165473097934
0.15487706753638097
0.2195644119633761
0.2781716319865265
0.3401359403297832
0.4105932659610132
0.4901379407788582
0.5760584394999799
0.6639318012963492
0.7489578573409341
0.8267807533566877
0.8937956787888823
0.9470893825953328
0.9842301581336567
1.0031227044801851
1.0020918070022216
0.9802723143847855
0.9382776108455602
0.8790108792181989
0.8083891112052263
0.7356852336582245
0.6731750724955954
0.6348193570776652
0.6338327657860395
0.6792083164596315
0.7715924014844773
0.899359644979022
1.0363337069218173
1.143356364495217
1.1768388526274791
1.1085527319674275
0.9622486615812591
0.8742465737808531
-0.1849585841909959
-0.18597491032275834
-0.0884321666871574
0.018364447617804622
0.10682724809102462
0.17765677267879593
0.24072114987779222
0.30545322337438485
0.37716800750021084
0.45669934441003757
0.5415699374049441
0.6275594334923679
0.7100371103554265
0.7847951766578678
0.8483719082987679
0.8980070051134676
0.9314408508549306
0.9467709823435092
0.9425292097037469
0.9180576668750908
0.8741577983499982
0.8138790926186209
0.7432204433448415
0.6714525441246157
0.6107508900451423
0.574871957433072
0.5767261504125296
0.6249163274499154
0.7196363412030463
0.8487762289779017
0.9856756671878738
1.0907212396686576
1.1199121547876048
1.0446394682601503
0.8882518157086707
0.7865323195314917
-0.25714363489295633
-0.25848519542085263
-0.1557445647619804
-0.041878190322131574
0.05349424922605907
0.13008632406026716
0.19741168556237215
0.2648967836805418
0.33801300522839006
0.4178022931828126
0.5019895404109206
0.5865291821220808
0.6669386279642345
0.7391436653251394
0.7998169183197276
0.8463460504051241
0.8766398408258196
0.8889837344137463
0.8821081489123672
0.8555489122210569
0.8102758820268431
0.7494592604656803
0.6791495449956566
0.6085826418305824
0.5498025983350948
0.5163368739824303
0.5207792540841616
0.5713496047781961
0.6678238599679633
0.7976781093027098
0.9338836091369481
1.0365411539671103
1.0614697123760908
0.9799817372823975
0.8154022935507871
0.7034372950363303
-0.3301213723538893
-0.3320419419062077
-0.22479879406548609
-0.10468533215410564
-0.003163559096041616
0.07859365227513504
0.14978517632086988
0.2198320106384729
0.2943407589507496
0.37453026846642223
0.4582945806241409
0.5417330652656697
0.6204871075194431
0.6905981922748266
0.7488608713508702
0.7928020915718474
0.8204918962161731
0.8303957759661845
0.8214321268144441
0.7933155596384973
0.7471643876010879
0.6862446814275079
0.6166300172167425
0.5474916350191478
0.4907143672213197
0.4595755720793093
0.4663436077952032
0.5188652946000328
0.6165345246487826
0.7464828804116789
0.8814239999207202
0.9813326699622805
1.0020634243564
0.9151279620917027
0.7441721675527234
0.6252381006441595
-0.401365150171191
-0.40429692253657723
-0.29343309678504687
-0.1680837118018697
-0.06135771023792595
0.02479113656314135
0.09929068695922184
0.17156037114834513
0.24732261516507165
0.32794256820448225
0.4114498920264601
0.49405761066310594
0.5715047485703059
0.6399278939914256
0.6962280998976031
0.7380598656958921
0.7636445172143276
0.7716173085426179
0.7610721953893262
0.7318866639718881
0.6853074303453391
0.6246724407599716
0.556051592378046
0.4885241437359138
0.4337910839711982
0.4048619673058145
0.41367408284530877
0.46771350768403264
0.5660287718547985
0.6954747350916237
0.8286130259457292
0.9254422117688704
0.9420519417150914
0.850406822472832
0.6747839361848471
0.5519288802041623
-0.46880361512472724
-0.47329632528532595
-0.3598219853404429
-0.23038240369103935
-0.11953339238005306
-0.029899695150111497
0.047223045742863776
0.1212594913120017
0.19803045063196617
0.2790177381291258
0.36235312420209503
0.44433117588295695
0.5207606929203653
0.5878507343906421
0.6425910899826539
0.682749666717457
0.7066868243151753
0.7131953889700768
0.7015310942011158
0.6717177269700235
0.6251104856631579
0.5650961720774816
0.49771603049600677
0.43193250154455093
0.37924106505047955
0.3523688928359851
0.36291940753414964
0.4180322353762984
0.516447637724738
0.644809496176623
0.77562749760319
0.8690635067746543
0.8816254135154805
0.7859601868982115
0.6072526490774133
0.48327378424915346
-0.5308592106152681
-0.5375211058649763
-0.4225180840779021
-0.29021579737353403
-0.17641320710628206
-0.08429237019944785
-0.005321479277915983
0.06993902359342931
0.14739302426282558
0.22861068449407357
0.3117928736535969
0.3932833374726692
0.4689318927690974
0.5349960559056601
0.5885349033155849
0.6274138128991166
0.6501182337504853
0.6555849667721207
0.643216798533504
0.6131669034963655
0.5668794037167905
0.5077680386089078
0.4418222385749993
0.3778652035338094
0.3271680488733156
0.30216388537699573
0.31412203448445564
0.3698516341088989
0.4678218514061065
0.5945289756330773
0.7225250048100291
0.8122641525678351
0.8208391745848915
0.721784735653677
0.5414363969286268
0.41886738655402705
-0.5864605948785341
-0.5959031643450412
-0.480471553720516
-0.34656576924054516
-0.23102160147109516
-0.13746169351684367
-0.05747274227632654
0.01841217408500334
0.09616699928905023
0.17742357228974048
0.2604198140511659
0.3415165839053194
0.4165756720222575
0.481878290656765
0.5345322969720454
0.5724834126434211
0.5943270883742143
0.5991295831726788
0.5864254770037931
0.5564803995036814
0.5108084250881285
0.4528295442608885
0.38846006049296244
0.32636386996154304
0.2775715459675911
0.2542131592548313
0.26722600799103835
0.3231060951056144
0.42008846426636925
0.5445825772838765
0.6692709734145276
0.7550186831542125
0.7596534639341588
0.6577790709096194
0.4770916610315989
0.35819924107228096
-0.6350314182330961
-0.6478194702474376
-0.533028931687422
-0.3987646210614
-0.28269130709809126
-0.1887531121994246
-0.10859845989367628
-0.03271789114677994
0.04492198920888883
0.1259899733141576
0.2087303777297609
0.28948993034963205
0.3641136429901818
0.42888151730455915
0.48092922946094263
0.5182651014252004
0.5395788819615166
0.5440513168705761
0.5313333737843832
0.5017864902905032
0.4569765235272337
0.40031038293566495
0.33761181383555416
0.2773676561701463
0.23035431840129697
0.2083923693912344
0.22209124944179587
0.2776523237367387
0.3731130355085127
0.49485395058845266
0.6157702078594337
0.697245489773421
0.6979762917837515
0.5937931875342007
0.41393014620463914
0.300718947797106
-0.6764584159035516
-0.6930667792628602
-0.5799137449495874
-0.4464808817545625
-0.3310536479599918
-0.23777687400009365
-0.15830159554137807
-0.08305806396731019
-0.00596153600125086
0.07467121844125463
0.15706203937526755
0.23751358225770342
0.311826161683549
0.3762540838816647
0.4279399921385788
0.46493698974894215
0.48601330077877447
0.4904491680930757
0.47799675900352123
0.44909723979559363
0.40535107955835087
0.3501342394248712
0.2891603837979775
0.23072380364490358
0.18533555675686242
0.1645025942457657
0.17851254475139272
0.233291556118844
0.32671533693892074
0.4451904855838835
0.5619005304786117
0.6388450205832861
0.6357066876890761
0.5296773404036991
0.3516739318899035
0.24589835777758
-0.7110421481261645
-0.7318199682749577
-0.6211916423293777
-0.4896904640505025
-0.3760149770761884
-0.28438903166847496
-0.20640525378660382
-0.13241343815489642
-0.0562830420213823
0.023663518407439056
0.10559886957877633
0.18575339994285134
0.2598561402160698
0.3241121640015377
0.37565086551807436
0.41255273779824264
0.43364899888772945
0.43830478357342223
0.42635882224649496
0.3983167549304868
0.3557976655334946
0.3021302572789436
0.24290251329172186
0.1862028847264983
0.14226821088355923
0.12228988972523917
0.13624147134375028
0.1897940294996741
0.2806965656103305
0.39543350377944103
0.507546232884688
0.5797368306387269
0.5727757531726526
0.4653275803196247
0.29010605966110564
0.19328787979960088
-0.7394339668379781
-0.7645772732514488
-0.6572230596199256
-0.5286359410897155
-0.41772178098039936
-0.3286616272375568
-0.25292723488494107
-0.18076556550481904
-0.10600326200930976
-0.026985862117144127
0.054385751241237415
0.13424364816277282
0.20822077488767043
0.27245086381024847
0.3240309615745503
0.36105244726318597
0.38239481341413967
0.3874942314950218
0.37626220878815464
0.34925465365373953
0.3080945891029109
0.2560487787884756
0.19856584316934497
0.14351723498582286
0.10085890055778007
0.08146676504707681
0.09500953397014432
0.14692388816715055
0.2348661533914215
0.34544713693750595
0.4526292305392248
0.5198932694009838
0.5091831999373015
0.4007255318476729
0.2291140218073146
0.1425642445697217
-0.7625629178181567
-0.7920958563078742
-0.6886065831440329
-0.563776869058366
-0.4565171590037879
-0.3708445639960552
-0.2980465769380242
-0.22824298960725226
-0.15521808935898676
-0.07735527104026894
0.0033494761339002937
0.08290634368525067
0.15682958380450024
0.22116134033232973
0.2729487661160686
0.3102789251670907
0.3320660033948378
0.337804427557973
0.3274658067121749
0.30164335210826426
0.2619507884644632
0.21157993006338066
0.15582824746854737
0.10234108307773533
0.06078887449166462
0.04173400203775147
0.054550879010065154
0.10446283852936858
0.18906642765179357
0.29514408572207707
0.3971360482381411
0.4593678679288574
0.4450273696068819
0.3359703429042155
0.1687240154903758
0.09356752707256179
-0.7815563082370912
-0.8153211634161385
-0.7161162249366854
-0.5957341402443053
-0.49289145173343807
-0.411321748553475
-0.3420644934917999
-0.27508630717648086
-0.20412713927972923
-0.1276201570687503
-0.0476751472825212
0.03157543034945204
0.10550706884795502
0.17005231891951625
0.22219283013168575
0.2599978188208615
0.2824040512710691
0.28895278160667665
0.279664375866264
0.25515777512950794
0.2170256896147519
0.168373660612649
0.11433806623166108
0.062330968465010426
0.021734591306671727
0.002801370806917875
0.014623116326537691
0.0622310560838905
0.1431935976512019
0.24450670360668353
0.3411390523479479
0.3983168123805222
0.3805270934738051
0.2713011381863108
0.10912427066329282
0.04632571456343078
-0.7976575917203806
-0.8353134723618515
-0.7406357751655155
-0.6252313159432195
-0.5274297689879272
-0.4505640706398435
-0.3853621071973249
-0.3216100055045903
-0.2529990899836352
-0.17802136619502182
-0.0989160499506094
-0.019975994300090037
0.054018313888382116
0.11887439879587618
0.17149506619566088
0.2099201357656456
0.23309859007503606
0.2406086691646709
0.23250965712010482
0.20943615624174872
0.1729497136080203
0.12605994226624492
0.0737339532327447
0.023145173198902847
-0.016613345415246637
-0.03559402238342795
-0.024975013309206907
0.020104083684089637
0.09721380733940253
0.19360214866082248
0.28481067564728746
0.337012254946803
0.316034151380067
0.20710874702577467
0.05067623794018954
0.0010656268615874386
-0.8121450557966851
-0.8531748811971767
-0.7630932642453471
-0.6530357700037673
-0.5607590618464305
-0.4890816936304409
-0.42835729497635344
-0.36816324722331795
-0.30213584298743995
-0.22883216615060764
-0.1506333332818209
-0.07200711368296804
0.002095894804671453
0.06734560165895534
0.12055517595533385
0.1597257381771289
0.18381010231514733
0.19241542420912763
0.1856317030886221
0.16410070834690568
0.12934425098911065
0.08426797719579038
0.03366321829624412
-0.015538924587032703
-0.05453396361974269
-0.07367279448292106
-0.06439013829248694
-0.021975264727759503
0.051173297562302385
0.14259067733257538
0.22842974301777386
0.2758466082990745
0.2520355180754261
0.14393594140098648
-0.0060870746202485015
-0.04179046231917035
-0.8262545495160124
-0.869979760135069
-0.7843983579019329
-0.6799022810174307
-0.5934972052207453
-0.5273779637932672
-0.4714628065139112
-0.4150916296285047
-0.3518374061147905
-0.2803257889349049
-0.2030890613081837
-0.12478107904806822
-0.05053340242696669
0.015176739398582694
0.0690648579139464
0.10908652815207104
0.1341921689580357
0.14401168903711067
0.1386593198117059
0.11877710512945337
0.08584009155839264
0.04264344963657397
-0.0062022557268929
-0.05401045021347594
-0.09226323992495747
-0.11160253459733152
-0.10370565748418835
-0.06399067746203183
0.005202049585790942
0.09172651056928913
0.17237939144271686
0.21532738552168168
0.18914503363688978
0.08246590211648175
-0.06047580886211139
-0.08164259887277275
-0.8411091716440072
-0.8867113941318723
-0.805385232741379
-0.7065214537788536
-0.6262063167165285
-0.5659070204688262
-0.5150476053851676
-0.462701744898113
-0.40236921177110374
-0.33274509874172964
-0.25651892379351554
-0.17853836805100476
-0.10412339111860977
-0.03790465631259
0.01673061159318669
0.057688209034061466
0.08391221918645222
0.09505113458318719
0.0912386932972551
0.07311190620679925
0.04209350090416193
0.0008630711446108362
-0.04615321239318564
-0.09251421558207677
-0.12998552535797808
-0.1494917449975168
-0.14293847623285
-0.10585215576896459
-0.040489372154878515
0.04135107402261064
0.11713647626639657
0.15606257476430793
0.1280845922526317
0.02349912101423548
-0.11167067738387101
-0.11774485333685497
-0.8576584617035117
-0.9042071888538339
-0.8267631472313981
-0.733475038211259
-0.6593522436362593
-0.6050369123537233
-0.5594031202596565
-0.5112301191626127
-0.4539333465012813
-0.3862757661726822
-0.31110706219088313
-0.23347302333864065
-0.1588859501355539
-0.09213289706544828
-0.03670584482202181
0.005249708915453554
0.03266993423614612
0.04521977049779518
0.04304948579181716
0.026787276701277264
-0.0022006388440147895
-0.041354094706578866
-0.0864337807725081
-0.1312438552300029
-0.16782937129708367
-0.18738868357604363
-0.1820411990560174
-0.14740189043625135
-0.08561970664050861
-0.00812120887677652
0.06325275789469689
0.09873696694876308
0.06965540132499518
-0.03208056503330733
-0.15876224746543538
-0.1492499407628884
-0.8766292067927894
-0.9231144088646039
-0.849076542943688
-0.7611998560145997
-0.6932718124776038
-0.6450197063170017
-0.6047157919578466
-0.5608178221111777
-0.506644895276128
-0.4410240690911001
-0.36696510014507056
-0.2897127379131261
-0.2149720419068831
-0.14768601866966555
-0.091450300637517
-0.048460423869518474
-0.019787317963731253
-0.0057497108576244
-0.006182085403333613
-0.020467415347765458
-0.04729896737467447
-0.08423879491962051
-0.12723598028843436
-0.17033901593470302
-0.20586776532109569
-0.22528502034232442
-0.22090958756341814
-0.18842590126503292
-0.1298531892269706
-0.05622401906117905
0.011328559534499474
0.04408027625141814
0.014700310886118333
-0.08334963622589787
-0.20080073125374812
-0.17526520063548715
-0.8984895061058404
-0.9438579732508829
-0.8726760929891326
-0.7899616513969541
-0.7281490637224112
-0.6859697242766363
-0.6510469702086883
-0.6114917241841252
-0.5605143049318677
-0.4970001553786812
-0.4241161473951344
-0.34730349177038755
-0.27245692365490204
-0.20467155909936696
-0.14764243921406942
-0.1036111066148398
-0.0736524059488153
-0.05806687814484357
-0.056673438348634246
-0.06886730202100419
-0.0934031641380058
-0.12796725457360994
-0.16869790030819914
-0.20988643382864552
-0.2441225087074513
-0.26312392960857023
-0.25939478660534115
-0.22867081445070778
-0.17282128805080843
-0.10246622759934898
-0.03802003237116311
-0.0071717027882706365
-0.03594135779978922
-0.1293966205975467
-0.23685444196129238
-0.19491786883050566
-0.9234272319594893
-0.9666213600674581
-0.8977016683445039
-0.8198397619378509
-0.7640012986391238
-0.7278506701487095
-0.6983208613176423
-0.6631530449568872
-0.6154363552542073
-0.5541073027543322
-0.4824842599782116
-0.4061991708209247
-0.33132993061462784
-0.26311655891195446
-0.20534615537581485
-0.16029950239280727
-0.1290498678986973
-0.11187588015489858
-0.10857910458383338
-0.11856696299772082
-0.14065670937897776
-0.1726601255302616
-0.21090523614749587
-0.24992447791922812
-0.28257220285963874
-0.30081196397967835
-0.2973195333304219
-0.26786485015402445
-0.21414890208989784
-0.14636371684615074
-0.08419899719817357
-0.05432128035678749
-0.08148465539680586
-0.16937984129250278
-0.2660746249084398
-0.20742709478194976
-0.9513435004403841
-0.9913411764765538
-0.9240777277666103
-0.8507230684512049
-0.8006753537803318
-0.77047202229896
-0.7463208641482882
-0.7155734936090389
-0.6711860028994712
-0.6121374052469193
-0.5418895501171307
-0.4662563239496326
-0.39148894754908026
-0.3229618581612833
-0.2645438319575834
-0.21854547290175852
-0.1860307785188564
-0.16725100366460247
-0.16198729174648985
-0.16965834071262526
-0.18914453024109054
-0.21838426867025393
-0.25389563504836005
-0.29045050498809244
-0.32116307052789334
-0.3382338056658704
-0.3344973023833839
-0.30574181855312255
-0.2534836508698999
-0.18747438459077
-0.1266774891636294
-0.09675643649947885
-0.12125332844221602
-0.20258874365046112
-0.2877639633677175
-0.21217972215945388
-0.9818612260675956
-1.0177154458250635
-0.9515211627626894
-0.8823172382108981
-0.8378541023932337
-0.8134946768212563
-0.7946942663925092
-0.768398959939048
-0.7274210422259557
-0.6707726144259109
-0.6020488556365952
-0.5272339468016912
-0.4527394321827612
-0.38406052404756363
-0.32513437522968963
-0.2782894634139701
-0.24457076215120213
-0.22419512844358772
-0.21691912700814298
-0.22217114875843838
-0.2388949773846468
-0.2651567248972249
-0.29766510636990373
-0.331430167612244
-0.3598216288600828
-0.3752687745329941
-0.3707531154106628
-0.3420666869640666
-0.2905266377818311
-0.22543451679630355
-0.16503019907703698
-0.1339995090607273
-0.15473511896545714
-0.2285060305326074
-0.30144570189123565
-0.2088064699864356
-1.01434829266931
-1.0452251556926329
-0.97956115518013
-0.914162833619249
-0.875072769619218
-0.8564454428854903
-0.8429649155999077
-0.821160381776998
-0.7836912177143399
-0.7295927756319216
-0.6625816107412548
-0.5887979310388688
-0.5147976208199757
-0.44618002499580217
-0.3869346035115755
-0.33939338524067886
-0.3045706804132955
-0.2826405616641924
-0.27333000789340267
-0.27607513406468237
-0.2898834155590126
-0.3129500694933116
-0.34217558924718344
-0.37280765405218613
-0.3984680646280181
-0.41180780023742697
-0.4059445639157946
-0.37666109275149673
-0.32506287068850326
-0.2599945041325514
-0.19897871740580014
-0.16575450755144203
-0.18163527787851608
-0.24686755869743499
-0.30693003366766647
-0.19725483279996583
-1.0479543365402675
-1.0731681116989835
-1.0075701409393916
-0.9456634278832668
-0.9117442496853331
-0.8987396228840543
-0.8905531394020829
-0.8732911014090408
-0.83945313453227
-0.7880880347584049
-0.7230203170494165
-0.6505295949404032
-0.5772973419320695
-0.5090075790778219
-0.44968341053294625
-0.40164390172066533
-0.36585937491625786
-0.3424515961950967
-0.3311123575726723
-0.3312834305236667
-0.3420365936421746
-0.36169822973546856
-0.3873626578685421
-0.4145157255352576
-0.43702904696354605
-0.44776944730598583
-0.439981470862471
-0.4094270462678264
-0.35698938449337037
-0.29105172829681975
-0.22842948614881442
-0.19195038140596973
-0.20192534032898404
-0.257716742199157
-0.30437417300701936
-0.17785477271182268
-1.0816596174256705
-1.1007036601258982
-1.0348045288073267
-0.9761224600611055
-0.9471922378305
-0.9397105667069103
-0.9368018763472407
-0.9241497393043605
-0.8940900564906255
-0.8456757591617502
-0.7828248054539438
-0.7119375248704563
-0.6397996974337248
-0.5721579572354315
-0.5130479945682311
-0.4647574084489041
-0.4281977438825197
-0.40342804741006294
-0.3900990020671685
-0.3876561705983329
-0.3952368953585063
-0.41130178653154553
-0.43314228884186573
-0.45648436257103353
-0.4754486591542252
-0.4831135266616853
-0.4728425578068071
-0.440367004504464
-0.3863390401699967
-0.31867836564005125
-0.25350583855051007
-0.21277747096331978
-0.21588409773231898
-0.2614500802774931
-0.29433238883661056
-0.15137311262229894
-1.1143339575131084
-1.126906387733597
-1.0604534074390088
-1.0047871834971038
-0.980690647008484
-0.9786447807358214
-0.9810077023007492
-0.9730473675733929
-0.9469354636929963
-0.9017207265652922
-0.8413993152226278
-0.7724718168455357
-0.701804753268737
-0.6351829241696698
-0.5766313656028568
-0.5283859368379551
-0.4912833853224589
-0.46530899076095844
-0.45006636652087967
-0.445003511578953
-0.44932557075255847
-0.4616317867547943
-0.47941562641087526
-0.49864684691553224
-0.513696148035691
-0.517850844409113
-0.5045875002971328
-0.46959850905735434
-0.41329798294943504
-0.34314185741314635
-0.2745716194019544
-0.22871435345673102
-0.22412767370205222
-0.25885038658119175
-0.2777922196545456
-0.11905246790911911
-1.1448032679516995
-1.1508264890781414
-1.0836930967505882
-1.030897723723777
-1.0115074790133964
-1.0148209076141133
-1.0224552070133264
-1.0192775677305792
-0.9972990751410903
-0.9555573979188201
-0.8981113062994641
-0.8315397227557275
-0.7627643203356558
-0.6975814615787526
-0.6399803253334678
-0.592123211692561
-0.5547550583791326
-0.5277759569949771
-0.5107367363236208
-0.503087294102195
-0.5041041200784123
-0.5125311734906121
-0.5260707690893474
-0.5409421991975859
-0.551769286822479
-0.5520477382241272
-0.5353628543550301
-0.4973616809472342
-0.4382148384818107
-0.36491588756646337
-0.2922439641110267
-0.24054237386661517
-0.22762567912146353
-0.2511043533643162
-0.25619313427381835
-0.08263058320899083
-1.171920766002964
-1.1715541197116042
-1.1037450705687994
-1.0537389739185083
-1.0389510711274257
-1.047550682064908
-1.0604530007559827
-1.0621478170314642
-1.0444939339726291
-1.0065130136245275
-0.952310873571372
-0.888521686268643
-0.8220949132488923
-0.7588099492009253
-0.7025931682043749
-0.655510167822864
-0.6181963080582514
-0.5904549530851217
-0.5717789559579223
-0.5616206918522764
-0.5593331556061945
-0.5638131061054525
-0.572980775149549
-0.5833130735796066
-0.5896923343866494
-0.5858242429870543
-0.5654005305909262
-0.5240180593379191
-0.4615999193728596
-0.38467990001968205
-0.3073930014258788
-0.24934533123020286
-0.22770059469289702
-0.23980124805961153
-0.23142405544654773
-0.04433608097459415
-1.194639623306381
-1.1882847374156706
-1.1199345059803605
-1.0726928275071692
-1.0624164522399777
-1.0762198205436104
-1.0943695214152283
-1.1010105744480645
-1.0878631144203676
-1.0539302468885872
-1.0033496574674923
-0.9427868086201494
-0.8791900574968543
-0.818291588393394
-0.7639264854847019
-0.7180393873692594
-0.6811377763717944
-0.6529168742361224
-0.6328071535356526
-0.6202654425753736
-0.6147283124952787
-0.6152557004504609
-0.6199973538767037
-0.6256984896916334
-0.6275078605695319
-0.6193450199020875
-0.5950077894568429
-0.5500395708091796
-0.4841130150915991
-0.40330548721504045
-0.3211265422102983
-0.25649208445249044
-0.22600781700721653
-0.22690981991285275
-0.20579643462842845
-0.006856888870294632
-1.2120834864595689
-1.2003821826273984
-1.1317465104218414
-1.0872880880517952
-1.0814294261781574
-1.100326727865088
-1.1236667776788412
-1.1352924407836196
-1.1268046495366246
-1.097188222750081
-1.0505982532057674
-0.9937069239167541
-0.9334312847708994
-0.8754245503003819
-0.8234006781404299
-0.7791581680077112
-0.7430579944837418
-0.7146761652705264
-0.6933773916335534
-0.6786265812006349
-0.6699531268830151
-0.6665930811670239
-0.6669400841294945
-0.6680211679974933
-0.6652621026418408
-0.6528025868036962
-0.6245481408433821
-0.5759868301098721
-0.506538755397219
-0.4218284001198909
-0.33475823454177034
-0.26360025737270076
-0.2244942160411481
-0.21473090070112766
-0.18198996527508882
0.026721996688547404
-1.2236110847141406
-1.2074360730087579
-1.1388769498535327
-1.0972453156905386
-1.095685964265873
-1.119516911687954
-1.1479302134673204
-1.1645198570536386
-1.1607934067727563
-1.1357208761214919
-1.0934613208396216
-1.0406686967864767
-0.9841974211429412
-0.9295886255776742
-0.8804041074983554
-0.8382702820938643
-0.8033828253008406
-0.7751879878372615
-0.7529825647757529
-0.7362450355195965
-0.7246092572340201
-0.7175031125136283
-0.7135814910729883
-0.7101697372706801
-0.70298403205678
-0.6863929112090523
-0.6544130632332814
-0.602476511787462
-0.5297490806872266
-0.441405476200127
-0.34975821317852357
-0.2724797703540421
-0.22533359756014598
-0.2058237255025035
-0.1629685586988782
0.0530142238996586
-1.2288709956191668
-1.2093099952348143
-1.141274759894535
-1.1025138766606009
-1.1050845434384722
-1.1336110954132113
-1.1668930221243596
-1.1883399906200598
-1.1893988641827673
-1.1690318864928102
-1.131389899531699
-1.0830834917636927
-1.030872142910884
-0.9801505546932978
-0.9342962449803737
-0.8947369476330461
-0.861484213645616
-0.8338446627630481
-0.8110464002913914
-0.7925890030760449
-0.7782250033337385
-0.7675927709286674
-0.7596289255204501
-0.7519767115206806
-0.7406589527151317
-0.7202840814793094
-0.6849851214753518
-0.6301382043074608
-0.5546530315703379
-0.4632564657898127
-0.3676859586661322
-0.2850556145275839
-0.23083815272439315
-0.20290468657952598
-0.15186489020325145
0.06846341028851258
-1.2278425874500243
-1.2061769790743166
-1.1391726761065524
-1.1032985673746318
-1.1097492201271275
-1.1426252212076768
-1.1804534856170092
-1.2065357492049362
-1.212298072880337
-1.1967058003500988
-1.1638908417373317
-1.1203952132242634
-1.0728502598552685
-1.026468736559718
-0.9844107330520384
-0.9478781132767455
-0.9166795112285466
-0.8899727940311318
-0.8669180818422012
-0.8470457142059198
-0.8302437856365437
-0.8163828512276825
-0.8047049376798101
-0.7931938980634513
-0.7781982316261904
-0.7545795647475284
-0.7165938674858986
-0.6595619737860884
-0.5821348940621431
-0.488591568279802
-0.39010591757288265
-0.3032701245790227
-0.2433458188110768
-0.20871807523047956
-0.15183266349721655
0.06951137612280571
-1.2208592067872603
-1.1985388442568559
-1.1331034792460908
-1.1000733966832634
-1.1100414931378029
-1.1467808470397451
-1.1886842736579617
-1.2190342683747677
-1.2292835409644076
-1.2184154443845832
-1.1905338157631877
-1.15208688654585
-1.1095437949030489
-1.067898658217704
-1.0300599485244932
-0.9969758708899538
-0.9682333856469386
-0.9428332518674871
-0.9198698132138095
-0.898916010087233
-0.8800150955387378
-0.8632945684514803
-0.8483287277946181
-0.8334678080181195
-0.8154076896492891
-0.789278502602689
-0.7494668643652886
-0.6912388328072127
-0.6129827156346811
-0.518526477184854
-0.4184874301015733
-0.3289660061656705
-0.26508447892285236
-0.22587937249537127
-0.1658667478200872
0.052803578735760345
-1.208609840202821
-1.1872262290079858
-1.1238991258044628
-1.093580438886972
-1.1065593904289446
-1.1465048743615187
-1.1918331197942817
-1.2259087479220487
-1.2402663499857034
-1.2339263527655453
-1.210956988021985
-1.177687455000123
-1.1403896723208882
-1.1038011690312877
-1.0705434760192167
-1.0412826601533318
-1.0153652061250953
-0.9916271067873667
-0.9691005835411672
-0.947415135758732
-0.9267914240858487
-0.9076416384791597
-0.8899022997436394
-0.8723187048812676
-0.8519582634831198
-0.8242365964330224
-0.7836792910807553
-0.7254974405258232
-0.6478103504682705
-0.5539878869701518
-0.45409167416932084
-0.36375254423543407
-0.29801510439568757
-0.2566928294241241
-0.19659252432250407
0.015430857237786887
-1.192115760215755
-1.1733764500331338
-1.112670533067694
-1.0848121253044762
-1.100122724585769
-1.1424181059327785
-1.1903149056543278
-1.227374176322239
-1.2452755267005915
-1.243099689664975
-1.2248732987776383
-1.1967811122341454
-1.164861713106171
-1.1335566489125575
-1.1051638632960157
-1.080037929705074
-1.0572658332193825
-1.0355116737504186
-1.0137504935383737
-0.9916842758886328
-0.9697358321872065
-0.9486326021428051
-0.9287061496633632
-0.9091281555258615
-0.8873637997795559
-0.8591324033734509
-0.8191068715582582
-0.76244166292048
-0.68697750920078
-0.595613744069855
-0.49784967552168147
-0.40885876823565503
-0.3436573008949389
-0.30294644076758764
-0.24602714559889255
-0.04479477276725162
-1.1726790770413766
-1.1583868166887972
-1.1007663207997416
-1.0749759333081896
-1.0917441094424287
-1.1353128358042004
-1.184695940253148
-1.223778289657747
-1.244455549895149
-1.2458960533996444
-1.232080196812443
-1.209022486613113
-1.1824906757547502
-1.1565892010199244
-1.1332541508019243
-1.1124980780350995
-1.0931289347883126
-1.073632055336062
-1.0529312650718043
-1.0308186551667846
-1.0079461491443893
-0.9853895092740479
-0.9639106996291367
-0.9431413505395551
-0.9209722677407859
-0.8934453105166531
-0.8553883382918521
-0.8018951061918731
-0.7305137887914993
-0.6436540393577825
-0.5502369610985962
-0.4649788889927695
-0.40290226744161606
-0.36568897198376227
-0.31531697439453965
-0.12903410138755284
-1.1518006687225006
-1.143841636640324
-1.0897094880277856
-1.0654411682452047
-1.082586125262191
-1.1261205252050512
-1.175672128071794
-1.2155900716211365
-1.2380648840066202
-1.2423836105425115
-1.232476808794209
-1.2141621507212836
-1.1928972826056319
-1.17240624470948
-1.1542229547676184
-1.1379858242643102
-1.1222033157172593
-1.1051749746278863
-1.085779993098369
-1.0639194951005517
-1.0405032877492983
-1.016990610422282
-0.9946112459189045
-0.9734920468022401
-0.9519782873587918
-0.9264530889808057
-0.89190529596402
-0.843360411459357
-0.7780543513594338
-0.6978796489791083
-0.6111521572428095
-0.532117059459447
-0.4758199263874051
-0.44499545790683587
-0.404457233963351
-0.23709008326555736
-1.1310656625445468
-1.131411916015384
-1.0811118328331488
-1.057668425120461
-1.0739059716954713
-1.1158716285600305
-1.1640437870932683
-1.2033892239832054
-1.226479607667197
-1.2327552366956418
-1.226093797722339
-1.2120882564979805
-1.1958445460400213
-1.1806603038116452
-1.167624346004117
-1.155966663619671
-1.1438742937354462
-1.1294532718321584
-1.1115448191334238
-1.0901787742620765
-1.066552852917865
-1.0425464244556684
-1.0198959419341525
-0.9992597641508282
-0.979466676120055
-0.9572587601248091
-0.927789204620366
-0.8860029746276034
-0.8287968165646724
-0.75750864446758
-0.6798087649820028
-0.6094404571096652
-0.5614689412020812
-0.539729561851712
-0.5120018828747145
-0.36706016124994634
-1.1119954997428314
-1.1227276834667008
-1.0765669150716128
-1.0531233728727376
-1.0669900659415559
-1.1056508126362976
-1.1506911156428008
-1.1878613317832751
-1.21020755569175
-1.2173607448567152
-1.2131426212330938
-1.2028916033663903
-1.191317264490856
-1.181241388100036
-1.1732614147815499
-1.1661617543972778
-1.1577838877149529
-1.1460312130964263
-1.129713018560945
-1.1090075892079434
-1.0854311063422621
-1.061320469434654
-1.03895828701119
-1.0195708494359472
-1.0024987270713877
-0.9848585432094085
-0.9619672642023859
-0.9286708411268472
-0.8814910398220336
-0.821161621000718
-0.7546514910694941
-0.6951518490596191
-0.6577205173965873
-0.6473133758662262
-0.6347739308064019
-0.5149813570057735
-1.0958666429569146
-1.1192239642017792
-1.0775235261073888
-1.0531777340692698
-1.063082337687936
-1.096552168440689
-1.1365557242882687
-1.169804924014595
-1.1899199269722873
-1.1967618719961663
-1.194092544291311
-1.1869631428401832
-1.1796383050446164
-1.1744101616618559
-1.171334255348988
-1.1687084720359238
-1.1640015176431118
-1.154902735085413
-1.1401940097974066
-1.1202209679170714
-1.0968484415134592
-1.0729080715790251
-1.0512677536677861
-1.0337572147858825
-1.0202551551704606
-1.0082649066655005
-0.9932612622584032
-0.9699648307181737
-0.9344757779139902
-0.8868599440313139
-0.8333108852804274
-0.7863951915489145
-0.7611092895241285
-0.7635176658435829
-0.7675888485594609
-0.6744803793676678
-1.0834971912176699
-1.121962706467373
-1.0851429754919342
-1.0590017464268162
-1.0633114520364222
-1.0896405594941305
-1.122635255753429
-1.1501582982826308
-1.166509037773023
-1.1718194791375713
-1.169785601434085
-1.1651348180120507
-1.1616332369355127
-1.1609840903146615
-1.1626451513254212
-1.1643819611484925
-1.163259056556413
-1.1567369341582625
-1.1435720211161362
-1.1242942562145248
-1.1011458312325801
-1.0774890123791965
-1.0568145668410245
-1.0415889720033735
-1.0322520963725277
-1.0267012233946586
-1.02055595397049
-1.0083754822453281
-0.9857788039504025
-0.9520833989227546
-0.9126126411765458
-0.8792104427777877
-0.86672724352641
-0.8822882288135605
-0.9030064047371531
-0.8364436943645539
-1.075004060014239
-1.131434428737013
-1.100145041597183
-1.0714539992813372
-1.0686238662937773
-1.0859269910509204
-1.1099999213277236
-1.13005584635375
-1.1411828295866504
-1.1438244094456778
-1.141601750807
-1.1388767395849344
-1.1388570379883964
-1.142590970788621
-1.1488760049023872
-1.1548933275232636
-1.1572664336614213
-1.1532075140193832
-1.1414456003760074
-1.1227086898132799
-1.0996422429393347
-1.0761723464758224
-1.056447258927531
-1.0435998312762298
-1.0386492244784007
-1.0398872437370121
-1.0430562878000313
-1.0425061816522465
-1.0332998346514088
-1.0139065551538746
-0.9886607687183092
-0.9685566418074821
-0.9681795182673644
-0.9956269434886507
-1.0311291927877215
-0.9887254479213641
-1.0695349737255753
-1.1473450204877564
-1.122649171068561
-1.0909763475205323
-1.0797315057511887
-1.0863678322501662
-1.0998417961671911
-1.110925696231992
-1.1156088825599615
-1.1146856521198305
-1.1116887252908068
-1.1105660212461226
-1.1138989736066676
-1.1220066766518333
-1.1329555380940006
-1.1432826487574963
-1.149126574191652
-1.1474255400300024
-1.136873833522933
-1.1184064898584136
-1.0950937853842584
-1.0714545323945908
-1.0523244734824477
-1.0415270193286394
-1.040671973933659
-1.048437557443577
-1.060655780611884
-1.0714048583163585
-1.0750986841524424
-1.0692362356915832
-1.0570169522638797
-1.0484254358381215
-1.057624082468613
-1.0935492685958443
-1.1394693049665705
-1.1159143428175895
-1.0649813139598407
-1.1683950025113212
-1.1520194601413758
-1.1175036271090588
-1.097084936947954
-1.091899886631129
-1.0935699477171739
-1.0946427849476092
-1.0921230490713105
-1.0871918868111694
-1.08327357460171
-1.0838451457524674
-1.0907843547704141
-1.1035966194445062
-1.1195365126957952
-1.1344277538669774
-1.1438712848045682
-1.1444977215148517
-1.1349520590901263
-1.116378787744164
-1.092288362904211
-1.067815074120706
-1.048505587814316
-1.0388906093221775
-1.0411730320706445
-1.0543984277295637
-1.0744415926324697
-1.0950299143172764
-1.1098143694923077
-1.115175822802136
-1.1130017761959015
-1.112070633226797
-1.1259207029745197
-1.1641433862219241
-1.212908073772041
-1.1991840551015698
-1.0576798796709141
-1.192060643732346
-1.1867241189110354
-1.1504001397205927
-1.1208852339549096
-1.1035256954586778
-1.0929669307943572
-1.083754004158613
-1.0740204168885708
-1.0653651433752678
-1.061075615906818
-1.064090518636871
-1.075494727253694
-1.093883327751283
-1.1156061767153425
-1.1356927384730002
-1.1491427630551307
-1.1522355649233302
-1.1435430375590352
-1.1244129050394338
-1.098802880373007
-1.0724771833754758
-1.0517080799747036
-1.0417405517791776
-1.0453617012687366
-1.061951855807445
-1.0873653645759953
-1.1148795982141797
-1.1372444731919673
-1.149545743429835
-1.1521471422044198
-1.1523830296437025
-1.162918316875607
-1.1937599088852038
-1.233777546096617
-1.2162555413670268
-1.0421138528594116
-1.2143886500463519
-1.2242225171077172
-1.188437348689607
-1.151150283468602
-1.1224660824352126
-1.100424879188909
-1.0817948275008722
-1.0659491470002063
-1.054928214583398
-1.0518434787738502
-1.0590148985077033
-1.07663113843349
-1.1022657015251962
-1.1312563583605624
-1.1577434525481851
-1.176048735237381
-1.1820441201529859
-1.1741929659027703
-1.1540289961469363
-1.1259535723367042
-1.0963645498613732
-1.0722631883297908
-1.0596033620920973
-1.0617334397201126
-1.0783194827493678
-1.1051126662811037
-1.1348178587887627
-1.159117927408914
-1.1715933698610805
-1.1708331266734846
-1.1624437093316458
-1.1579139030532555
-1.167365078865308
-1.1820963902566624
-1.1415036466413089
-1.0106257367618716
-1.2298186962891224
-1.2608955463459126
-1.2298299440546854
-1.1878540675231934
-1.1503998171669039
-1.1192823665324885
-1.093719843919425
-1.074430817239014
-1.0639106144909332
-1.0650421527159049
-1.079430681039301
-1.1062484801925387
-1.1419189134274395
-1.1806431037616116
-1.2155607317500579
-1.2402228182088733
-1.2500226892603061
-1.2432654284634062
-1.2216398143811609
-1.1899738334516317
-1.1552891592172057
-1.1253053115613685
-1.106664365346019
-1.1032358784732788
-1.1149029666532382
-1.1372079777828157
-1.1621338245692463
-1.1800985316049653
-1.1829297542572215
-1.167146743215225
-1.1362932720794927
-1.1003202277208608
-1.0690946960204817
-1.0359972707655276
-0.9462447826580307
