Predicted value
-0.9135258202040137
-0.7785702371200107
-0.7792508871217267
-0.8003703015057955
-0.7821762518689981
-0.7048101728711553
-0.5735028187689428
-0.4059915739749069
-0.22292664800660633
-0.04148470047738395
0.12799728949990286
0.282833424717172
0.4268775569503718
0.5681913960253133
0.7161836721684818
0.878836203213031
1.0605073155313829
1.2606435736397936
1.47355274001045
1.6892098654767704
1.8948999534713755
2.0773602999371876
2.224988936843629
2.329648152566189
2.387629378691753
2.399473371837515
2.368573132562887
2.2988419431530303
2.192220823705348
2.047444153298552
1.8622947318119074
1.642575719933821
1.422222241796987
1.3003855182463733
1.5029627707290876
2.477932347936072
-1.0399704942684107
-0.7929315667276016
-0.695424825092791
-0.6370597744132367
-0.5580837336374913
-0.4359748771134653
-0.2721802537663689
-0.08058431838649227
0.12142663313178059
0.3189995906231182
0.5030621094606555
0.6711832778867854
0.826626220555483
0.9762492233684579
1.1279102750709287
1.287961557190752
1.4593017275008315
1.6403002850030861
1.8247354282156254
2.002710175037744
2.162346653412623
2.291920949149526
2.38200626234891
2.427155928639159
2.426695657626096
2.384321680319605
2.3064339315792783
2.1994864745566396
2.06712665344874
1.9085354903600944
1.7201901734416545
1.5042606684788038
1.2880420764803904
1.1602279073201829
1.3314624958449799
2.228488903833088
-1.1588862659064412
-0.8430018914318607
-0.6833127593986172
-0.5752499686778041
-0.46001528008962533
-0.31328426688148503
-0.13346422944690395
0.06879811948848946
0.2788972072640775
0.48394834931394726
0.6759060883426364
0.852459996834925
1.0162328827140228
1.1728945482863047
1.3288101573742628
1.4887814164867312
1.6543267247505047
1.8227987458730797
1.9874700553670035
2.1385451693849418
2.2648959195353093
2.356182352714362
2.4049286580457925
2.4080886062069498
2.3676731814848146
2.2901400455890872
2.184475746297471
2.0592527251629185
1.9194297385183616
1.764301836614238
1.588810098662276
1.391407448578231
1.1928606290615147
1.0717653420626767
1.224177223416207
2.0566312601979413
-1.2423962628641978
-0.8912153908702621
-0.6970489543607148
-0.5620081082364814
-0.4290684183850436
-0.2728469968186513
-0.08935618583352012
0.1134633591604628
0.32337314343521584
0.5291587797779178
0.7236109938069056
0.9044432019045883
1.0736189159946528
1.2356593326284706
1.3955154819734816
1.5565357970562919
1.7189544667505205
1.879184009256206
2.030032697938774
2.161799340123595
2.264040003521644
2.3276691561356384
2.3469668855082007
2.321029943767517
2.254242877845678
2.1554720012331057
2.035914996433991
1.9058880576450634
1.7713162428374576
1.6313266551224284
1.4791437667698737
1.3094671872672383
1.1366900110998732
1.0297061132448928
1.1706729424435263
1.9469580458946958
-1.2767897983393506
-0.915684066742346
-0.7077598076975079
-0.562523560043816
-0.42542036935628613
-0.2706472711822353
-0.09237705781833871
0.10369859265552783
0.3073560609673892
0.5088031319695128
0.7015158873625538
0.8831665922002102
1.0550653530883427
1.2206442411287481
1.3835346231324164
1.5457421821839172
1.7063250850209792
1.8608445206451825
2.0016989438444095
2.1192893606290064
2.203808441705008
2.2473166967730376
2.24567993839416
2.199909361147414
2.116484311562152
2.0063637785846367
1.882621344876648
1.756985357787591
1.636046957134416
1.5185288867089868
1.3958032694544806
1.2588222942538603
1.1157975969986929
1.026347571798887
1.1594424715969143
1.8843305028073245
-1.2585970163456284
-0.9061116717179944
-0.6993389001868511
-0.5557650124218163
-0.4238875632324099
-0.27802613525706166
-0.11098903793783671
0.07339037078027583
0.26660517582029397
0.4600803855125622
0.6478604665172172
0.8275375880178566
0.999794072048242
1.167047192831598
1.3317144698175611
1.4945785084383743
1.6536378112175618
1.803699361494164
1.9368157244178368
2.0435094667677536
2.114576420295438
2.1431322544315243
2.126479535073168
2.067340478525278
1.9740395152493917
1.8593451086217034
1.737907581160615
1.6225745363974988
1.5203433804761055
1.429336995419289
1.3389793475407843
1.2365182814474984
1.1242085042184944
1.0528443574035404
1.1789349582010082
1.8546592172948995
-1.191395510425343
-0.8604493540241
-0.6649717421089623
-0.5308936101743071
-0.41024569062065475
-0.27792623817683504
-0.12578214302527213
0.04387981853780304
0.22401853692853688
0.4071083749810692
0.5876735535598882
0.7632082427462835
0.9338077556559512
1.1009595378276071
1.2659805172421397
1.428555380131783
1.5857440175628923
1.7317012990674936
1.858204024101685
1.9559239315667065
2.016237563784644
2.0332391359190334
2.005536906614561
1.9373824323432287
1.8387210683306587
1.7238767047386523
1.6088095497431516
1.5072283430131148
1.4263132556098257
1.363428457230992
1.305989460763481
1.2376154390261265
1.1548563011236124
1.1001539677371959
1.2182925476920805
1.8454285440077105
-1.0832534606650432
-0.7821975419292855
-0.6043148115586956
-0.4843368030560518
-0.37821529649876423
-0.26180541475626623
-0.12633135991028602
0.02714699021378683
0.192844562952077
0.36414878211539725
0.5359983878171113
0.7057882295127116
0.8730784967372779
1.0385187167582586
1.2024425097784381
1.363564102170741
1.518127508246577
1.6597396529962107
1.7799750738368143
1.8696877604050337
1.9208207195796665
1.928381539960031
1.8921681277004798
1.8177984456547136
1.716637061958963
1.60433515422402
1.497924873156473
1.4117491964325715
1.3529801517479718
1.3180971089062326
1.2924782863326967
1.2562182392510375
1.2004374466817975
1.1597127441584751
1.2678448103515232
1.8460067603867445
-0.9447222937450497
-0.6782670077755224
-0.5212418484578266
-0.4174359839009701
-0.3270261933151802
-0.22713264857161605
-0.1086383039191263
0.028409974460154225
0.17930895041688155
0.33824944414186603
0.5005384672542144
0.663482864633829
0.8261671481338052
0.988498559871609
1.1499457724964761
1.3083795724076477
1.4593499310974996
1.5960196013591001
1.7098353307726342
1.791869516413226
1.834623183847541
1.8339611119517523
1.7907672946326727
1.7118792829105902
1.609898837770418
1.501599297450492
1.404872674159692
1.3344972963367534
1.2974753552346525
1.289304550571151
1.2933247109776307
1.28623434274603
1.254019086661289
1.2238895892581994
1.319405873400288
1.8477844753880004
-0.7872998697142285
-0.5573200082706163
-0.42207828092655514
-0.3345888589645192
-0.2594817866268051
-0.17538774460036055
-0.07307903640165632
0.04821670317244725
0.1847344259740485
0.3313808897378945
0.48380021063162115
0.6392317205759093
0.7963481743262749
0.9544111106871407
1.1121411691919398
1.2666899498740374
1.4130321311156504
1.5439875807395194
1.6509486602442225
1.7252433831225398
1.7599260972866677
1.751669470497984
1.7023503181060895
1.6198927760857011
1.517971041063998
1.4142959244992688
1.3274303521472433
1.272414234178529
1.2559443875321235
1.2724659620501548
1.3033036573811279
1.3219094703067107
1.3094443337841284
1.286259351346141
1.3664139453070192
1.8441786762292285
-0.6222927489610721
-0.42851990809062024
-0.3142521292231386
-0.24181491745861333
-0.1804517846596618
-0.11049336887787484
-0.022786965508864332
0.08410019344993774
0.20722364682983863
0.342136903681448
0.48480166143627096
0.6324163939924035
0.783307839765494
0.9361870049240457
1.0891398402394283
1.2387183029692292
1.379435629701448
1.5038658738601454
1.6034176543540861
1.6697111713822472
1.6963514234375487
1.6807747578161678
1.6257659571882528
1.5402145587600327
1.438717572001159
1.3397567575679181
1.2623977056666367
1.221790658415501
1.224214909520949
1.2630152375302457
1.3175457377985371
1.3581791648600796
1.3615740328632224
1.3417327988605776
1.4039480237833188
1.8305350206152613
-0.46001320508927324
-0.3006247690843691
-0.20529676836855806
-0.14567936148955618
-0.09572871339311669
-0.03761501648645888
0.03759339039652577
0.13186114780825683
0.24296880266066218
0.3670622262068423
0.5004098178540213
0.6401994178566968
0.7844770551603646
0.931494986626567
1.0788124923129192
1.2224951301507763
1.356702174002025
1.4738533134286322
1.5654399333177043
1.6234089685145623
1.6419139945702461
1.6191144223516238
1.558624963335442
1.4701894756558902
1.3691914401420864
1.2747332024110714
1.2062333033168735
1.1788212574407277
1.1982675795851399
1.2567892541488113
1.3318327435540906
1.3908735913171797
1.406399244637571
1.3865754522803293
1.4286520377771037
1.8039565573221448
-0.3092533357349183
-0.18136703915808028
-0.10214754547506405
-0.052517433286241234
-0.011190192879125774
0.037729040604040885
0.10283955335785155
0.18653544244752762
0.2872451278899161
0.40166420192253344
0.5263629374943507
0.6585501291059098
0.7960540856645177
0.9367550887466504
1.0777870223176516
1.2148347232921128
1.3418034480704906
1.4510432501022326
1.5341895693464986
1.5835474979721342
1.5938165595024834
1.563840972611487
1.497992817659015
1.406767835558981
1.3062113164472966
1.2159102316015462
1.1555029779041959
1.139985391579653
1.1745465987163124
1.25026635595136
1.3427623473922439
1.4168069951179283
1.441054262189008
1.418343230741929
1.4385924751928356
1.7630829735741171
-0.176984895419432
-0.0770677148829963
-0.010680453328894706
0.032092754636649554
0.0677849398498507
0.1102996861387491
0.16782288274338686
0.24309803512794906
0.3351395834317995
0.4411592941948843
0.558028319787944
0.6830075129228947
0.8137665924572408
0.9478943331821607
1.0821926481404451
1.2120627990014945
1.3312475598696234
1.432104524362657
1.506468436613794
1.5470299957646079
1.5490305822744308
1.5119623347148887
1.4408865193915705
1.346955733881388
1.2467627211377035
1.1602559949393836
1.107175641888203
1.1022871216350625
1.1501421872829392
1.240689743716961
1.3478111046930705
1.4337792516200758
1.4637558898390948
1.4357588935829761
1.43307168043009
1.7078407116952308
-0.06823934395450545
0.0075608083508801535
0.06455313042458835
0.10365500726153441
0.13669283912067728
0.1755569351136886
0.22796509428069084
0.29694921143409914
0.3820604002646489
0.48099986252847765
0.5909406013145933
0.7092246301715533
0.8334171199944819
0.9608885037821957
1.0881934774128408
1.2105376441986402
1.321583803909785
1.413766134947697
1.4791673131425822
1.5108865039928392
1.5047007087982651
1.4607136908085725
1.3846112069572245
1.2881140757215666
1.1882572738872725
1.105239326241932
1.0587972842226916
1.0633841340399046
1.122873083536342
1.2261024017632685
1.3453208777042245
1.440513076498244
1.4736909546502115
1.4385496018105155
1.4124154575030132
1.6391808584227736
0.013871917663266353
0.06946353358055223
0.12043620744576307
0.1589181838510057
0.1921140124303577
0.22990879567661202
0.27952029685776925
0.344223849282456
0.4240679818471701
0.5172214510428331
0.6211604981474889
0.733334183929624
0.8512511435760862
0.972128603483632
1.0923495607572875
1.207002197485601
1.3097424368561175
1.393141598677611
1.4495719296323915
1.4725589203359766
1.4584063287761877
1.4077932596829033
1.326968053586921
1.2281366695052096
1.1286792530839256
1.048943219383533
1.008569998045777
1.0216311400837863
1.0912933217277927
1.2053164533834713
1.3344301625613713
1.4365469203578778
1.4708705734542875
1.4272625793944669
1.377750373846889
1.558818576396969
0.06803205287155101
0.10717856754261304
0.15527594793039165
0.19591339696957913
0.23179167189810862
0.2708249088752279
0.31971842723798
0.38195950480806184
0.4580628267989547
0.5466460440210459
0.6454891829842664
0.7521700828969361
0.8641821441997751
0.9786460118989173
1.0918389363149625
1.1988000056901449
1.2932417811362749
1.367924636405768
1.415544864670479
1.4300669136417845
1.408309500704045
1.3514903930058026
1.2663608654025018
1.1655338235147068
1.0666448517003895
0.9900985681824757
0.9553591936670583
0.9760597172771712
1.054644026255304
1.1778364053986476
1.3149684603278888
1.4221003271969033
1.4559665520705585
1.403072807674521
1.3307832152983523
1.4689850070543742
0.09451823434852788
0.1206902855583859
0.16870434220739353
0.21389632954221294
0.2546102834006817
0.29684626125986696
0.3468014003541833
0.40815459661968734
0.4818616457960123
0.5669722980520449
0.6615690817391359
0.763375502059872
0.8699038683148709
0.978226100698322
1.0845699660986554
1.1839838437674468
1.270290877791005
1.336483785778711
1.375610213813673
1.3820809082382084
1.3532146670127712
1.2907305889356886
1.2018251096861883
1.099444251198239
1.0013959670312915
0.9280589929197745
0.8986487602996974
0.9263132530716224
1.0127677359081564
1.1437526077946354
1.2873287889473888
1.3979255845285348
1.4301424364133015
1.3675939264088641
1.2735923825165505
1.3722000158151346
0.09495185044014708
0.11122615221657424
0.16151621878677122
0.2132214170464755
0.26050123959288446
0.30751801270987167
0.3599790717530383
0.4217437782023678
0.49418869564665147
0.5767796478687892
0.6678978027580761
0.765423912728398
0.8669159474133391
0.9694361293843179
1.0692093802394895
1.1613419543830084
1.2398121328998581
1.297879821874506
1.3289643000456917
1.3279247415783602
1.2925620527106843
1.2250585578429218
1.132999703019126
1.0295947644560788
0.9327471085398658
0.8627343992828752
0.8384608413562775
0.8725526332288592
0.9659998373960503
1.103618404916681
1.2523306712331348
1.365156821276586
1.3948891558967251
1.3227010304482165
1.208438631657889
1.2710718624306754
0.07202126485914959
0.08101938064275459
0.13546713927222595
0.19517067033745997
0.25029863582790507
0.3032685614169664
0.35932821741662335
0.4225137283357877
0.4946055273768989
0.5754693929638707
0.6637781602544144
0.757575843294546
0.8544853847663552
0.9515896219055083
1.0451478708660662
1.1303633393306234
1.2014049302471799
1.2518264499640817
1.275432333474492
1.26752729971574
1.226373402640197
1.1545773008266143
1.0600587814777933
0.9562241954955921
0.8610010406812814
0.7944980217217149
0.7752540702333024
0.8153455774899813
0.9150490283018852
1.0583218785818167
1.21108344318057
1.3251653063331954
1.3518728862801286
1.2703718300532318
1.1376004357910203
1.1681278500128915
0.029195223342795066
0.03305593011776259
0.09305001480382549
0.1617562684737534
0.22556450382090878
0.2852543680883802
0.34565416295964957
0.4109790451505988
0.4833988322317658
0.5631623928055159
0.6492238103090644
0.7397907271545539
0.8325630523953046
0.9246661033665374
1.0124218015329074
1.0911603068277085
1.1552680048332453
1.1986116089721714
1.215387857199262
1.2013394212456499
1.1551657580166885
1.0798582690238718
0.9836178464843008
0.879985225691609
0.7868460841936821
0.7240790809485411
0.7098115647140103
0.7555500522028614
0.8608763347466648
1.0089607691021472
1.1648574953471185
1.2794275542925517
1.3028007002268378
1.2125506738511542
1.0632373667049633
1.0656782239613898
-0.029558375823843505
-0.02917902248692255
0.037265939228705316
0.1155127186134688
0.18839954510882678
0.2551867704916795
0.3203314274505092
0.38823468922644366
0.4614428581530392
0.5405698183450275
0.6248368712023612
0.7126100835551232
0.8016712689209029
0.8892020442226967
0.9716066091658329
1.0443635350405314
1.1020954757460342
1.1389938780664295
1.149649022410965
1.1302296211063758
1.0798462906391837
1.0018350487356753
0.9046261185799085
0.8018353025492985
0.7112455683366505
0.6524508229706125
0.6431276867869518
0.694199971584517
0.8045800667657571
0.9567270959559185
1.1149690761610807
1.229410943706673
1.249307757738667
1.1510382047127576
0.9872832577863925
0.9657140451077156
-0.10003669774474172
-0.1019430591862067
-0.028598310623436554
0.05929134994506902
0.14125239331311276
0.21515402581615978
0.28513677519719516
0.35579847330919245
0.4300499478898882
0.5088505148651618
0.5916710383066976
0.6770254490313105
0.7627757366269341
0.8461661051674806
0.9236947617791269
0.9910022412877296
1.0429588111545947
1.074085900539366
1.0793632073579567
1.0553697093738124
1.0015987914160394
0.9216906525015989
0.8242546256945146
0.722925581706473
0.6353277462739063
0.5807215929802801
0.5763005291724367
0.6323994246901209
0.7472921930318299
0.9028061740614807
1.0626825381627427
1.1764798856147718
1.192868203638211
1.0874079187871941
0.9113694958854922
0.8698384382661708
-0.17804029295636992
-0.1814576287367037
-0.10117640899451086
-0.003932830927190813
0.08673770927445552
0.16744911033604853
0.24208538013874503
0.3154544291546236
0.390820106799413
0.46946591443184466
0.5510911156351083
0.6343419199634879
0.7171525922699826
0.7968292877921341
0.869968685107019
0.9323796366160322
0.9791846311292903
1.0052344171318475
1.0058892201730367
0.9781191552697683
0.9217702369980901
0.8407463778084413
0.7437874907823248
0.6444948282952805
0.5602825446066216
0.5100347200040395
0.5104352785344826
0.5712299222953033
0.6900899444851393
0.8482931226659715
1.009132384709905
1.1218241344400228
1.134730573767849
1.0229496149240627
0.836777591917774
0.7792295063865715
-0.25957912826962526
-0.264101447247941
-0.17720502145363387
-0.07123435634521144
0.027470964663161318
0.11441137189288642
0.1932783903533144
0.26910548405559054
0.3454981319643498
0.4240410836429649
0.5046375597745024
0.5860458689575607
0.6662590592274451
0.7426383623822628
0.8118768731441199
0.8699516852012674
0.912236134001412
0.9339044235430691
0.9306842930844151
0.8999150614012091
0.8417639227205933
0.7603583114795909
0.6645220543494785
0.5677734392735614
0.48726980432980077
0.44148133579489357
0.4465620165963418
0.5116736351374375
0.6339250020104995
0.7941285801197726
0.9552661639607407
1.066409597990806
1.0758773539210016
0.958638644103196
0.7644191847258002
0.6946322900067871
-0.341042137507695
-0.34657155865011097
-0.2536777239250296
-0.13988521224285494
-0.034074413960016904
0.05828795913212752
0.1407680229992495
0.2186417391434867
0.2958447128584405
0.3742383923817484
0.4539025556974449
0.5336833476102252
0.6116141668670501
0.6850989532818511
0.7509194397700236
0.8052152656645585
0.8436040474086598
0.861573122444146
0.8552012735844443
0.8221728561191871
0.7629439400878856
0.6818258973265496
0.5876818587770138
0.4939011938977479
0.41734217257069683
0.3760288124048068
0.3855701425369664
0.4545542806687515
0.5795713748961975
0.7410541576334694
0.901808147343365
1.01095096661165
1.017007374081972
0.8951289846470514
0.6948408288137092
0.6163764300675658
-0.4193280486394466
-0.42600936728896543
-0.32796721565643616
-0.20747401529550824
-0.0956837990863099
0.0011190305963306594
0.08644441110960051
0.1658287469366545
0.2435260357904847
0.32164843024239687
0.4004223062071935
0.4787538741234477
0.554694214906092
0.6256729024635346
0.6885476395062663
0.739610135272048
0.7747113443978844
0.7896377172246998
0.7807998350705734
0.7462012711961259
0.6865542810548617
0.6063155357154972
0.5143451218062222
0.42386099170601793
0.35138451073922405
0.31446626556011725
0.32816042148794944
0.40049619801329767
0.5275920227873234
0.6895871768702412
0.8492428095975486
0.9559046318660094
0.9585389436896015
0.8327674672722625
0.6282502923329155
0.5444156477424774
-0.49193693784240927
-0.5000906511719843
-0.39791443742739996
-0.2719947104613932
-0.15548996152247468
-0.055350934941825816
0.031946751427400055
0.1122185252021886
0.19002477811982
0.26770116756626583
0.3455886058911317
0.42262271454358835
0.4968460943715747
0.5656929916596926
0.6260803733832624
0.6744376164705865
0.7068345163361734
0.7193396813181409
0.708674153666835
0.6731338361325061
0.6136545577312591
0.5348009346740837
0.44539012446717013
0.3584296845765255
0.2900705835397765
0.25736752374653865
0.27481467303951185
0.349901218555098
0.47832340256846745
0.6400134282772353
0.7978163851938449
0.90147969086302
0.9006310297208678
0.7716259428099133
0.5645606355033728
0.47838477611547764
-0.5570234153323167
-0.567080023362357
-0.4618846675980933
-0.3319045080916178
-0.21203292122896167
-0.10973485976493574
-0.02140014473730662
0.05908460636740681
0.13657395212290357
0.21359894597186177
0.2905813748017736
0.3664533894846203
0.4392202209374736
0.5062967709958746
0.5646393892446726
0.6107976466655085
0.6410429462799084
0.6517069216356509
0.6397983177452596
0.603877977682799
0.5450732232222048
0.4680208714007897
0.3814579224589298
0.2981461399848754
0.23383687302575806
0.20507109415579042
0.2257822987639887
0.30294218088010694
0.43187642144246674
0.592396047768611
0.7475541998628085
0.8476643218270199
0.843219336777595
0.7115478130523275
0.5034480398651812
0.4176698536725669
-0.6134135740036252
-0.6258515423452966
-0.5187919067065776
-0.38615202033173135
-0.2642916966296139
-0.16103819137284048
-0.07262402946320741
0.007381194827074479
0.0841138407667838
0.1602716772453288
0.2363226350161572
0.31116096241575514
0.3827236792663394
0.4483801058902223
0.5051037729509165
0.5495447449339557
0.5781568672327559
0.5875142257552292
0.5748897404589162
0.5390818519997327
0.48137825548562807
0.4064541389051667
0.322931947895857
0.2432958748715956
0.18287261088646503
0.15767595471694895
0.18108219724000807
0.25957134201401516
0.3881517367768878
0.5465981271044892
0.69829105446612
0.7942644581162913
0.7860638554165665
0.6522051200317072
0.44441920373430094
0.3614867070249649
-0.6605888416730575
-0.6758781915100212
-0.5680938878717291
-0.43417758797616113
-0.31168963327671323
-0.20866883497368038
-0.12111928888155538
-0.04227452309374877
0.033271246874563745
0.10835361784389073
0.18345141310767257
0.25738567931541106
0.3279932068834816
0.3925701024039087
0.4480833962261967
0.49126254185211804
0.518723507751736
0.5272615284245211
0.5143900217358051
0.4791182454996276
0.4228645096978745
0.3503107333660888
0.2699333887820952
0.19391096190818857
0.13712452880474407
0.11505145469630725
0.14051811727413002
0.21954149040534843
0.34686695043216065
0.5023163364280762
0.6497116598761771
0.740951469989963
0.7288042900543938
0.5931622994667346
0.3868840973474958
0.3089634984144847
-0.6986406826425601
-0.717193764837145
-0.6097608768863728
-0.4758886229043407
-0.3540758317218077
-0.25242414138130614
-0.16663891238534445
-0.0895987116795726
-0.015640558385544904
0.058180257416883326
0.13231823176319635
0.2054857210799099
0.2753868514269849
0.3392162926121623
0.39391022668846937
0.43625577916131186
0.46301031099946477
0.47116884200852344
0.4584620430295728
0.42408424751361373
0.3695563440372332
0.2995377720107642
0.22233070493033352
0.14978342078338158
0.09631437937704548
0.07685920316385828
0.10370514333313197
0.1824372582627752
0.30759298862877055
0.45912263429169387
0.6013979742651366
0.6873154743632791
0.6710197492677903
0.5339427384912879
0.33022997078946403
0.25922288073008937
-0.7282007060347118
-0.7503313220906951
-0.6442220642265464
-0.5116134393596489
-0.39168585002495204
-0.29245785808749286
-0.20926702968031297
-0.1346183199116582
-0.06260346372832011
0.009803202031572303
0.0829972026568064
0.15554718789049796
0.22499250420980635
0.2883983442771981
0.3426458042732409
0.38455810296993087
0.41101355095444825
0.4191861561096314
0.40700156404295346
0.3738149113740098
0.3212236673850649
0.25383820725370976
0.17976124966472568
0.11048995478347373
0.05996696710912834
0.042584553356471065
0.0701047799833643
0.1477139500310448
0.2697968263196304
0.4165110594853352
0.5528802666024402
0.6329209209456885
0.6122891675610895
0.474094424468695
0.2738927172634579
0.21145967735323506
-0.7503511685386972
-0.7762428239227004
-0.6722938128942557
-0.5420375212653727
-0.4250853401688798
-0.32923044267107593
-0.2493751815866978
-0.1776325756373994
-0.10786049876467323
-0.036979565432131024
0.03531323861333027
0.10740894715028308
0.17665103426518258
0.23994809150729438
0.294102734173918
0.33595353595003224
0.3624802494438586
0.37101621207186347
0.359661213996988
0.3279087691560397
0.27740923356980196
0.2127001088561337
0.14166270490575486
0.0754256657761518
0.02744623875471008
0.011575139981394617
0.039065992747669524
0.11474113834548758
0.23288769587169628
0.37394662844272497
0.5036888105855309
0.5773612368871189
0.5522491170501251
0.4132512190595379
0.2174220019593604
0.16501037451122305
-0.7665211194746432
-0.7962048369423247
-0.6950943226885584
-0.5681264841419184
-0.4551006013661203
-0.3634464714381836
-0.287565831902345
-0.2191618450871088
-0.15186929358574563
-0.08258101561864584
-0.01111844557547787
0.06069963196745226
0.12999140878752863
0.19348335354436375
0.24787772793765475
0.2900092089026147
0.31694100831857225
0.3261477868174558
0.3158845191774071
0.2857628372163196
0.23746480380426893
0.17543411033622694
0.10731189149071982
0.04384426708983658
-0.0020030968851886813
-0.016916115837082465
0.009869559599232247
0.082848317104558
0.19626400199206245
0.3309134903035945
0.45340329004580554
0.520309539729724
0.49064594837895414
0.3511866281147468
0.16053696105453302
0.11941116831757159
-0.7783735380740324
-0.8117153226168652
-0.7139494147993515
-0.5910401506323063
-0.4827402084922652
-0.3959830638942898
-0.3246068254647249
-0.25988736860980155
-0.19524635374869753
-0.12757317580833677
-0.05684358921822132
0.014883863846659885
0.08447497649192996
0.14845080569963973
0.2033935298402311
0.24611674849852533
0.2737512008123776
0.28389696581635776
0.27494747181307805
0.24661463330522304
0.20059370525554704
0.1412165471437065
0.07586847520139936
0.014902302074509762
-0.029210929273599466
-0.04368606459620632
-0.01822682132057745
0.051370031707450914
0.15935833662214535
0.28695970722106895
0.40169725844474913
0.4615627384389773
0.42737956090721896
0.2878573517726954
0.10316974461612459
0.0744418356794656
-0.7876887682206284
-0.8243865034943484
-0.7302941421758462
-0.6120421797947274
-0.509111912283398
-0.427813296965807
-0.36136056343759776
-0.30058545961798266
-0.23870557150263738
-0.17262927740271128
-0.10251403697404285
-0.030685320379231926
0.03944599826021163
0.10417507811753698
0.1599469834804635
0.20353964431637908
0.23213790328015355
0.24345383532147694
0.23600511119411513
0.20958870974426996
0.16589731760295806
0.1091358405715872
0.0464211403143263
-0.012295045300950129
-0.0550364879958033
-0.069536840024565
-0.045945047882820236
0.01968811738337637
0.12167823733316183
0.2417363185836493
0.34837532976777674
0.4010767229335069
0.36253653114530215
0.2234343787133214
0.04549470972381031
0.03015328611927991
-0.7962493762351631
-0.8358386473034757
-0.7455748025734318
-0.6324095838174761
-0.5353389211362388
-0.45992851345240593
-0.39871161243353126
-0.34205971199794616
-0.28299436269968503
-0.21846319598780012
-0.14882990584892314
-0.07671084292583855
-0.0058144771156004305
0.05991127285533969
0.11676051204795947
0.16146394285888055
0.19124998145748853
0.20393206767880295
0.1981406446831211
0.17374527931610215
0.13242310934767562
0.07823979137856907
0.018033934922958832
-0.03864880425162683
-0.08032468327687343
-0.09523400106914406
-0.07394688859522881
-0.012731043745362406
0.0828406489508909
0.195028702836258
0.2934011742994293
0.3389907822113144
0.2964108139358331
0.15831992222763308
-0.012058345637747698
-0.013122711346419949
-0.8057312542546997
-0.847599335631625
-0.7611556841643691
-0.6533462432890718
-0.5624794739816977
-0.4932632486371759
-0.4374963010022001
-0.3850746132926415
-0.32883068367758683
-0.2657693074716325
-0.1964817719015675
-0.12389565545935899
-0.052034186876823804
0.014898196085114853
0.07303439329170686
0.11904972739850549
0.1502088624906285
0.16441899890578526
0.16041477227605816
0.13812865947739722
0.0992120099009791
0.047581629000614634
-0.010209305831129117
-0.0650237676048781
-0.10586601339503955
-0.12146920518408369
-0.10279984498716428
-0.046305999308802595
0.042598419081696155
0.14677865789820269
0.23691483878735656
0.2756398782451407
0.22951076134747084
0.09314907196167946
-0.06880789309252182
-0.054782457437009394
-0.8176053769894683
-0.8610124007421113
-0.7782345197456197
-0.6759042052506927
-0.5914533114024259
-0.5286262189461723
-0.47843759690240845
-0.43029371843479963
-0.3768439551125906
-0.3151656694047136
-0.2460956767950676
-0.1728892046325773
-0.09989728298235148
-0.03159021158186397
0.02799739521500237
0.0754810286466121
0.1081577136148189
0.12402399318754254
0.12191308199344139
0.101813474638216
0.06534313046122618
0.016262904404242592
-0.039164292775113935
-0.09221049150074029
-0.13236170543495376
-0.14882898749844325
-0.1329500778295254
-0.08131780700604371
0.0008575722689528769
0.09709606915169151
0.1792383947378428
0.2115539256555961
0.1625517680242734
0.028775642253876903
-0.12384166128530986
-0.09397803846576516
-0.8330541047725482
-0.8771602333036251
-0.797770176527099
-0.7009161286053143
-0.6229782595684908
-0.5666404486677935
-0.5220882130690699
-0.47822521333472606
-0.4275226120604535
-0.3671431441630589
-0.2981834749117078
-0.22423872311397913
-0.14999636016659137
-0.08019750921487177
-0.019046410691415713
0.030012060720709978
0.06430699887502649
0.08192314283262611
0.08178964299188617
0.0639468239187819
0.02997412475625056
-0.016528394559222337
-0.06959090023915321
-0.12089317370127833
-0.1603954127521662
-0.17777085526356187
-0.16470348364221352
-0.1178966721485329
-0.0423154469566169
0.04625951097669621
0.12086942939657569
0.14744377413135398
0.09643443718533881
-0.033757675732362324
-0.1760545632293653
-0.12966324437541282
-0.8529053224867429
-0.8968025970037345
-0.8204255758716682
-0.7289417406940562
-0.6575196703085611
-0.6076951666518227
-0.5687844709209533
-0.5291773008459619
-0.48117062276551853
-0.422022721837693
-0.3531006983739541
-0.2783474462152294
-0.202790908529557
-0.13144340565820295
-0.06867653692747501
-0.01799202193319523
0.01797468504968364
0.03739865292215521
0.039305227244531296
0.023784931360538004
-0.007624201757937469
-0.05148579863573713
-0.10212425594356732
-0.15162448444079277
-0.19041241980299178
-0.20860751461032379
-0.19821559357736357
-0.1560181572857017
-0.08669690649367852
-0.005294377799507392
0.062462419718870635
0.08417415001518028
0.032208756958773704
-0.09326411700853375
-0.22420255203421988
-0.16065638684583147
-0.8775870237945023
-0.9203344448406952
-0.8465282328203722
-0.760230598611298
-0.6952549223529257
-0.6519115962438963
-0.6186129682668878
-0.5832253851789106
-0.5378748849587303
-0.47992288706854574
-0.4110137216208152
-0.3354414740995634
-0.25857384892504387
-0.1856900211276154
-0.12132219896754555
-0.069021309758539
-0.03138029468050857
-0.010128404257837035
-0.006141072689517623
-0.01927686460348371
-0.048040080325549
-0.08915932366004657
-0.13725312773088386
-0.18480804788469365
-0.22270691426845807
-0.24149963871879157
-0.23349053929538305
-0.1955090294133034
-0.13191916533436598
-0.05699240402288075
0.004798558687658945
0.022724373776769065
-0.028974629374610643
-0.14847122999983764
-0.2669707253660241
-0.18571800666423463
-0.9071042047468026
-0.947764527969469
-0.8760501404086835
-0.7947028207520801
-0.7360545951153661
-0.6991242001095272
-0.6713915671933093
-0.6401925263435334
-0.5974849289213094
-0.5407384173204048
-0.4718775708114073
-0.395546581198239
-0.3174474067384152
-0.24311696650161324
-0.1772368182089757
-0.12339535886453316
-0.08413234741656889
-0.061072920527051724
-0.05498770453782255
-0.06568156715941981
-0.09170044952865945
-0.129938021340734
-0.17530605701704283
-0.22068888757761307
-0.2574174893031925
-0.2764571746532831
-0.2703889015089338
-0.23606236188939284
-0.17749369910613666
-0.10815638112273229
-0.051254875940815306
-0.03586178038760865
-0.08592439499520788
-0.19809086299274453
-0.3030533490358497
-0.20364077143005507
-0.9410391319415451
-0.9787158329547891
-0.9086080102979781
-0.8319487798041788
-0.7794812889592351
-0.7488783386987607
-0.7266656465905124
-0.6996440953133051
-0.6596058431975593
-0.6041315118600153
-0.5354252579026962
-0.45847582951008947
-0.37930915282519234
-0.30370603547092795
-0.23648166376483054
-0.18124615430825333
-0.14047194797302756
-0.11566875311489533
-0.1074945033705429
-0.11569584190005076
-0.13885842667545556
-0.17404031864525718
-0.21644531458050598
-0.2593517673869409
-0.294530646905927
-0.31334878198102495
-0.3086438380933216
-0.2772610724235398
-0.222842718038814
-0.1580434292832541
-0.10479401963041086
-0.090535189488898
-0.13747752299608068
-0.24089817794534404
-0.3312428499263107
-0.2133482087710103
-0.9785752095769835
-1.0124480887924618
-0.9434841307469318
-0.8712480395490453
-0.82480639635525
-0.8004446685339793
-0.7837199660347977
-0.7608969949498561
-0.7236048031339257
-0.6695356425925517
-0.6011690364120437
-0.5238283825464147
-0.4438486010514271
-0.36723588362095305
-0.2989189827923195
-0.24251013120156795
-0.20039705704299055
-0.17396010867631648
-0.16373466738587988
-0.16940326088541213
-0.1895885395361357
-0.22151199066099647
-0.2606683920505355
-0.3007269920224563
-0.3338916984737869
-0.3519186115080423
-0.34788449168635655
-0.3186086669975689
-0.2673378945240797
-0.20589325575436426
-0.15493472581568443
-0.1403070648282137
-0.18257458237082463
-0.2758165719556007
-0.35052424968908946
-0.21399830820990948
-1.0185437986374424
-1.0479017627356955
-0.9796673270662447
-0.9116070860565614
-0.8710444383203172
-0.8528499559053249
-0.8416058742248337
-0.8230432329470551
-0.7886310360380215
-0.7361720015885379
-0.6684134872633382
-0.5909994534459487
-0.5105543116727129
-0.43328664901018354
-0.3642145678881477
-0.30692918381222345
-0.26371312860168983
-0.23580116258634684
-0.22359465380714588
-0.2267051839554733
-0.24378933781168735
-0.2722312735612076
-0.30781640383249825
-0.34460288987208715
-0.37522211220368695
-0.3918092786679336
-0.38766531316261055
-0.359565583956881
-0.3103443273933779
-0.2509802493754122
-0.20087319151941008
-0.18431837949140953
-0.2203380760973646
-0.302004889416608
-0.36017098491229593
-0.20508746827878277
-1.059492451692884
-1.0837621254422374
-1.0159127200729332
-0.9518146607841683
-0.9170038816642584
-0.904923324566725
-0.8991829777090169
-0.8849870527807648
-0.8536485113268294
-0.8030779072148724
-0.7362798603641791
-0.6592008658584655
-0.5787310203466876
-0.5012540625089174
-0.431849324585474
-0.37406022579313647
-0.3300412541387841
-0.3008634289445906
-0.28678146057635323
-0.2873286746740218
-0.3011926938774237
-0.3259203188769266
-0.3575884708547342
-0.39064389727406484
-0.41814205077699323
-0.43258957492364924
-0.4274996189021232
-0.39958920441624796
-0.3512675299737624
-0.29266786900663955
-0.2419480469149225
-0.22190981649169533
-0.25015023951616433
-0.3189428728506482
-0.35983759840196927
-0.18654977606465784
-1.099772130026341
-1.1185411228765236
-1.0508181863233155
-0.9905127603576704
-0.9613526565006673
-0.955356304276546
-0.9551737758724386
-0.9454942585220957
-0.9174801112037251
-0.869146032911909
-0.8037406323067845
-0.7274912712167294
-0.6475259055300038
-0.5703722147126041
-0.5011390437903325
-0.44329252738918934
-0.3988336725960335
-0.3686500942374085
-0.35283647093490667
-0.35084057123680046
-0.36137883450432595
-0.38216192930332
-0.40956090107429743
-0.43841290908287683
-0.46219658834413313
-0.47378520362533627
-0.46689543801802647
-0.4381753261888774
-0.3896009505256633
-0.33046251524630765
-0.2777007473917853
-0.25268869273401984
-0.2717263272541901
-0.3265104392415117
-0.34964440148379344
-0.15884619572563496
-1.1376400776609292
-1.1506739563946073
-1.0829146416930509
-1.0262806370544382
-1.0026959118351664
-1.002774412156486
-1.0082291777131798
-1.0032518210237416
-0.9788615288053469
-0.9331728514685982
-0.8696628044630312
-0.7948146626209687
-0.7159627340009784
-0.639743801279271
-0.5712612647342576
-0.5138717595725857
-0.46939560001064284
-0.43851627141016275
-0.42115479812658274
-0.4166666068205534
-0.42379593106289626
-0.4404203113877221
-0.4632097837737415
-0.4873963671164336
-0.5068839048500428
-0.5149106357447547
-0.5053915122972522
-0.47489870030854264
-0.4249713284578687
-0.36406386019207904
-0.3079308803123826
-0.2765890735113843
-0.28517917004902926
-0.3250560930130316
-0.33024891044378213
-0.12303792227227703
-1.171374150975705
-1.1786264551448244
-1.110766508823768
-1.0577284268664178
-1.0396628914651453
-1.0458173924864729
-1.0570022564642085
-1.0569353380568627
-1.0365026680276541
-0.993914254775458
-0.9328580703903206
-0.8600454653838615
-0.7829822969095153
-0.7083763716964385
-0.6412878453304701
-0.5849294321821147
-0.5409121134615641
-0.5096939328306243
-0.49100888797748904
-0.48411431081896283
-0.48778292679240043
-0.5000644432926517
-0.5179354869540979
-0.5370304374307985
-0.5516836398452564
-0.5555000674146957
-0.5425911981794725
-0.5094501135076449
-0.45717906938922476
-0.39340848271962076
-0.3327428620605933
-0.2939211440151558
-0.2910706206165497
-0.31544960826719515
-0.30289866302763563
-0.08083793870450576
-1.1993935546143288
-1.201008537969548
-1.1330780007053392
-1.0835963601257639
-1.0709991945456754
-1.0832246743480154
-1.1002270812449586
-1.105281451096031
-1.089153894011787
-1.050145926116686
-0.9921376385157774
-0.9220381789631784
-0.8474872787224084
-0.7752228693958481
-0.7102216503393313
-0.6555162349244862
-0.6124786716223677
-0.581320151913504
-0.5615750296381341
-0.5523983338425074
-0.5525942077090651
-0.5603925980364741
-0.5730875012162715
-0.5867265909926459
-0.5960835587470491
-0.595135436876272
-0.5781919982877172
-0.5416674783752584
-0.48623079831965943
-0.41870362843544795
-0.352580465817763
-0.30540585998442865
-0.29044545181671577
-0.2991140431333531
-0.2694599349426819
-0.03463471006392391
-1.2203801259373672
-1.216688317029166
-1.1488001688464977
-1.1028548846664086
-1.095660116632644
-1.1139220921097723
-1.1367990022919405
-1.147161908257966
-1.13567411718057
-1.10072572073401
-1.0463692171576806
-0.9796793061797259
-0.9083895003408042
-0.8392245854401962
-0.7770356351108649
-0.7246376881732606
-0.6831337806759584
-0.6524672356610695
-0.6319614009501054
-0.6206668368880357
-0.6174247402660116
-0.6206565958230547
-0.6279881210602822
-0.6358949618443787
-0.6396027536863844
-0.6334695349138889
-0.6120085314656991
-0.5715584769844904
-0.512361334521136
-0.44044799575078925
-0.3682456983917363
-0.3121909707699316
-0.2848433324413463
-0.27803219972725346
-0.23241691319057511
0.012518031258889244
-1.2333935529848763
-1.2249007040247086
-1.157233036740205
-1.1148004650063525
-1.1129002594422541
-1.137105462752897
-1.1658523695562908
-1.181655618032178
-1.175097398401709
-1.144655062291918
-1.0945334657109482
-1.0319391449161004
-0.9646573571534118
-0.8993545653408656
-0.8407125555139843
-0.791290496508798
-0.7518923311794022
-0.7221733756919329
-0.7012363463601512
-0.6880276803463624
-0.6814344156014461
-0.6800844949157757
-0.6819536071551001
-0.6839640239184778
-0.6818097802354431
-0.6702424317731644
-0.6439869466077891
-0.5993125051838629
-0.5360425358980483
-0.45943665405471723
-0.3808987470077676
-0.3158447063816045
-0.27628469761096464
-0.2547228259106498
-0.19483605443846005
0.05695129689555986
-1.2379732164359498
-1.2253437538060608
-1.1581165792903623
-1.1191413247039284
-1.122354162602032
-1.1523162380961889
-1.1868313452041739
-1.2081147735341562
-1.2066945499498793
-1.181136199632732
-1.1357770999040084
-1.077920946552979
-1.0153612444900286
-0.954659520565424
-0.9002835846196541
-0.8544980835171028
-0.817778250317486
-0.7894725951153841
-0.7684557636837044
-0.7535733531484289
-0.7437705687559051
-0.7379006806266244
-0.7343117424772759
-0.7303954138922749
-0.7223344320932981
-0.7052897565470437
-0.6742091084238047
-0.6252999951289517
-0.5579767961323923
-0.4767475383739416
-0.39203605588165746
-0.31832375716197614
-0.26722666366131975
-0.23218218141507405
-0.1602906741478787
0.09447623217444431
-1.2342187260129116
-1.2182554309547613
-1.151703828168456
-1.1160669845026248
-1.1241023599480853
-1.159504160738078
-1.1995492404492842
-1.226220953700515
-1.230026088083073
-1.209622101466581
-1.1694598220634709
-1.1169049758602752
-1.059714838491105
-1.004298414594388
-0.9548642754145759
-0.9133439831424534
-0.8798553464873287
-0.8534230344980631
-0.8326887729540865
-0.8164039079885695
-0.8035879932401797
-0.7933426880137604
-0.7844150929201695
-0.7746931445178491
-0.7608722898497915
-0.7385418137158664
-0.7028853442983267
-0.6500576646241197
-0.5790734565577813
-0.49370744882958256
-0.4034440792715799
-0.3219126622157381
-0.26048562315968066
-0.21378707258330662
-0.13274128745984273
0.12052999919568867
-1.222840687815153
-1.2044630242597656
-1.1388089933492815
-1.1062951277696635
-1.1187170080829785
-1.1590716616200851
-1.2042316778214581
-1.2360270377664122
-1.244982879874684
-1.2298558080317104
-1.1951923409366543
-1.1483851505564442
-1.0971102914463737
-1.0475761296244543
-1.0036865879190993
-0.967002082504285
-0.9372555809494435
-0.9131330137993687
-0.8930412677187698
-0.8756476268431579
-0.8600662584289147
-0.8456746074470044
-0.8316498206732978
-0.8164070123502299
-0.7971817588859043
-0.7700131175741816
-0.7303351522191439
-0.6742588650859624
-0.6004070280340544
-0.5118361242738101
-0.4171269041816068
-0.3291323722655173
-0.2591238059526604
-0.2031561086247275
-0.11636786751737256
0.130376630021813
-1.2051728028177537
-1.1853970734973356
-1.1208232039694535
-1.091089108688775
-1.1072810875837982
-1.1518946561705934
-1.2015388630675456
-1.2379808141546655
-1.2518109310879568
-1.2418962199207202
-1.2128629614562798
-1.172096206916595
-1.1271457188150864
-1.0839709858260804
-1.0461261102039727
-1.014763165178933
-0.9892044959990535
-0.9677848401577402
-0.9486775180961924
-0.930479743560419
-0.9124247710768004
-0.8941975849460726
-0.8754405879992245
-0.8551307173665017
-0.8310740469389123
-0.799782680306699
-0.7569560419976374
-0.6986689870659559
-0.6231569177568034
-0.5327677693476172
-0.43520675360307376
-0.3426165758308001
-0.26629791854715207
-0.20396675951240384
-0.11535101262920014
0.11936650482669524
-1.1831360698686353
-1.16306142421857
-1.0996902987971928
-1.0722393193242366
-1.0913751490771784
-1.1393144366446457
-1.1925623580262605
-1.2329263361993428
-1.2511169949795309
-1.2461275968343093
-1.2226505745224754
-1.1880297422847934
-1.1496438120580763
-1.1131553920829649
-1.0817241575812062
-1.0560578041475885
-1.0350441723913235
-1.0166570154278964
-0.9988407173217065
-0.980140308768462
-0.959936814440787
-0.938258752757153
-0.9152529416294608
-0.8904960912547839
-0.8623974354983297
-0.8279663151238943
-0.783181627321511
-0.72408684491585
-0.6485293335697128
-0.5581504044810434
-0.4597973817655945
-0.36495538617719114
-0.2850689882997628
-0.21972681310640163
-0.13360003207694776
0.08325709284641467
-1.1591456606014154
-1.1399509009755695
-1.0778350496330533
-1.0520016606666525
-1.0730256790129635
-1.1230955321708227
-1.1787919886536629
-1.2220793865601052
-1.2438520556099513
-1.2432504746318336
-1.2250223720606648
-1.19643803776409
-1.1646610187237452
-1.1350095670056324
-1.1102051443208085
-1.090476411559109
-1.0742548922313007
-1.0591463440352002
-1.042874251025288
-1.0239532083696221
-1.0019447606787848
-0.9772609216455086
-0.9505955954970318
-0.9221658877913812
-0.8910182826401765
-0.8546833237704768
-0.8094312162031564
-0.7512741119815354
-0.6776632055880648
-0.5895245906950022
-0.49285156796371044
-0.39850719199280793
-0.31817375247428054
-0.2535000484052601
-0.1744271830777796
0.0185963702140048
-1.1359509603848474
-1.1189080992165317
-1.0580362915143646
-1.032986531737402
-1.0546094050069361
-1.1053447267864067
-1.162048912536355
-1.2069738713933313
-1.231270265157157
-1.234252299333599
-1.220715264925959
-1.197825276355342
-1.1724875005721636
-1.1496290933569735
-1.1314904992533976
-1.1177881797862377
-1.1064776588499945
-1.0947924626636385
-1.0802465327326796
-1.0613494520960376
-1.0378797960189856
-1.010676546481311
-0.9810262435577806
-0.9498288343527255
-0.9168024697883101
-0.8800212395131841
-0.8360544737512462
-0.7808762263054281
-0.7115233334252195
-0.6281844670954337
-0.535985316763888
-0.4451808888535452
-0.36775935685678923
-0.3075873746420532
-0.24016873007256215
-0.07683111339979426
-1.116399340390711
-1.102910952586429
-1.0432376733079218
-1.017992071404367
-1.0387082597216761
-1.0883869010226617
-1.1443814193512216
-1.1893765859680452
-1.2148616045101277
-1.220356833329173
-1.2107008023013361
-1.192926655028879
-1.173639023529766
-1.1573280694902723
-1.1457114521947696
-1.1379617566023101
-1.1315408839679733
-1.1233085201643578
-1.1105835017016867
-1.0918991446299864
-1.0672908352901462
-1.0380708525187812
-1.006165946661009
-0.9732020898619821
-0.939602482848663
-0.9040038040341898
-0.8632762655348121
-0.8133397458399806
-0.7507855486762811
-0.6750256403118366
-0.5902829914159107
-0.5061923428752577
-0.43508477593048644
-0.3831663438888535
-0.3317551637508267
-0.20349721961281997
-1.1031144527147956
-1.094783047220089
-1.0362891427809278
-1.009775871381975
-1.0279102870489956
-1.074594006029391
-1.1279207574498575
-1.1711685870848114
-1.1962574017000351
-1.2029523235952286
-1.1961343927141443
-1.1826769552773841
-1.168843061577592
-1.1586408096158909
-1.15322426390836
-1.1511917983085826
-1.1494959063332193
-1.1446231404984262
-1.1337143318323308
-1.1153580502789135
-1.0898888444079877
-1.0591405929509392
-1.0257287594487994
-0.9920479129844653
-0.9592570108309664
-0.9265690811387947
-0.8911485437640185
-0.8488329132615142
-0.7957204881905227
-0.7303862934593233
-0.6560894557285246
-0.581800804154504
-0.5201942482425975
-0.47989383954976655
-0.4482348226853613
-0.35956587176235183
-1.0980802348678345
-1.0968191394436864
-1.0396128531764823
-1.0107600375903343
-1.024552516483709
-1.0661643024379122
-1.1146951816984194
-1.1541923860102652
-1.1771088951414952
-1.1834995458614597
-1.1782908203093894
-1.1681713972502186
-1.159022721924806
-1.1543264323174953
-1.1546329199412417
-1.1579370499360957
-1.160667566646826
-1.1589404151463272
-1.1497375646596484
-1.1317363747752847
-1.1056145479622843
-1.0737767104999763
-1.039575106728329
-1.0062132267972639
-0.9756118640892025
-0.9475665634670747
-0.9195181237163255
-0.8871782052605306
-0.8460846156924571
-0.7938899491321991
-0.7327973891576444
-0.671033097306605
-0.6215701481805869
-0.595478886244008
-0.5862573167659231
-0.5402771522503951
-1.1021223834996525
-1.110318999745823
-1.0547879353220193
-1.0226653222668802
-1.0304027626726635
-1.064850010790171
-1.10640151352586
-1.1400653503145497
-1.1589402798427668
-1.1634221640200266
-1.1584894472047997
-1.1506230692445927
-1.145283632642121
-1.145382275368404
-1.1508259697647836
-1.1589773228662765
-1.1657278425942623
-1.166826505863865
-1.1591167669869162
-1.1413993260814141
-1.1147394857792516
-1.0821612086122845
-1.047799495308573
-1.0157028841026985
-0.9885731713123557
-0.9667843221147154
-0.9480214259264653
-0.9278079013075783
-0.9010294191268444
-0.8643006381037385
-0.818640282032424
-0.7714057812560597
-0.7357751005495335
-0.72523492974277
-0.7395255704307084
-0.73728806022731
-1.1142798215672702
-1.135023565575582
-1.0820495320036927
-1.046071092595642
-1.0462784388207613
-1.0716327380450128
-1.1041348054609665
-1.1299610856299127
-1.1429791363370012
-1.1439833822886403
-1.1380141052478208
-1.1313229087636851
-1.1289106879629829
-1.133073896189391
-1.143036078858447
-1.155498688997475
-1.1658025568175912
-1.1693335055753997
-1.162816936181179
-1.1452111917552201
-1.11801260888039
-1.0849108129036196
-1.0508654685581498
-1.0207998026684955
-0.9982062210172824
-0.9840196948544041
-0.9761197422698147
-0.969756223989083
-0.959042260341101
-0.939403804447205
-0.9105042243460595
-0.8786581020561942
-0.8570957987436565
-0.8616236104628809
-0.898227996630401
-0.9379808517305415
-1.131059649941021
-1.1684484501087389
-1.1196986513824436
-1.0798991547802355
-1.0716018165738561
-1.086347477046492
-1.1080782209077786
-1.1243621705718394
-1.1299688257231262
-1.1261546303460803
-1.1180345199345272
-1.1116101251818873
-1.1113835323397578
-1.1189914728770463
-1.1329329843303912
-1.149218398566215
-1.1626234213310727
-1.168173516206967
-1.1624952451679806
-1.1447370951105613
-1.1168670832583194
-1.0832825324798256
-1.0498032885606454
-1.0222477635958067
-1.0048959811714444
-0.9992097181419863
-1.003191332837418
-1.0117043887108683
-1.017935174016039
-1.015929130343448
-1.0037744840003615
-0.9865114725480527
-0.9772039225680161
-0.9938050121724795
-1.0484652911602217
-1.1247528813027439
-1.1455702553000942
-1.2051111352308466
-1.163420775244762
-1.1208209270722178
-1.1038927328118333
-1.1072576345398015
-1.1171569871553655
-1.122789451515605
-1.1199693515202038
-1.1104840204972206
-1.0995381872709393
-1.0928631089189436
-1.0944218937038974
-1.1051447222526434
-1.1227629160074786
-1.1425634675481706
-1.158740185835088
-1.1659584690095561
-1.1607623463643941
-1.142519277721163
-1.1137047109778604
-1.0794590252777696
-1.0464886763534262
-1.0215155603754773
-1.009588271341113
-1.0126404929268598
-1.02869968706275
-1.0520979665148429
-1.0749010157479941
-1.0895346015363228
-1.092236040451917
-1.08647441274905
-1.084852779527873
-1.1072126206651172
-1.1716896130952725
-1.2743051608714748
-1.1465286527336194
-1.2356496862523496
-1.2055127675081831
-1.162589162913898
-1.138201547110953
-1.1305854399835416
-1.1286622672779594
-1.1235151802367753
-1.1121553516697327
-1.0969745625291039
-1.0832839525942946
-1.0765232795537492
-1.080074360858902
-1.094111010471324
-1.1155501762862854
-1.1389195818507782
-1.1578104262572402
-1.1665240470428815
-1.161533350814497
-1.1424477134066273
-1.1122783939232257
-1.0769347432659195
-1.0440240659720676
-1.0211643626292433
-1.014133787056248
-1.025257946100223
-1.0524605985519015
-1.0893593215820254
-1.1266597565088765
-1.1548745688751243
-1.168050708999008
-1.1677153866259269
-1.1656318252987998
-1.1831747868449536
-1.244177502200635
-1.3569504599175404
-1.1171397853735567
-1.245832574933618
-1.2340194802756477
-1.1952973776982767
-1.1664872041080092
-1.1500042336691203
-1.1378530362908739
-1.1232696082402283
-1.1046223036018437
-1.0849846279256
-1.0697911304617307
-1.064166997141026
-1.0708669511691857
-1.0892541600263184
-1.1153794750513129
-1.1429699409028944
-1.1649875552808466
-1.175359182618205
-1.1704907772756956
-1.1502481003379432
-1.1181963676852757
-1.0810271938501095
-1.0472472445206455
-1.025343628681881
-1.021760697542705
-1.039106019843227
-1.07503432012544
-1.1222215463392353
-1.1697214240008658
-1.2057783042787766
-1.2218372711083798
-1.2170297859897692
-1.2018050667560918
-1.1986083665728586
-1.2365617899949213
-1.3359657023258351
-1.033847396276463
-1.2154611978912673
-1.2317835604883665
-1.2045723413262028
-1.1769475642560936
-1.1561015401545762
-1.1375465503226356
-1.1169532485544558
-1.0942147134499263
-1.0731659321523452
-1.059380868292217
-1.057643608766126
-1.07003084433232
-1.0950345661190228
-1.1277808022731364
-1.1611469243831305
-1.1874309702459374
-1.2001660062713557
-1.1956852375835119
-1.1741138149451267
-1.139575533252541
-1.0995413147836866
-1.0633959698846291
-1.0404446766086282
-1.037705367231705
-1.0579222018164969
-1.098272995338699
-1.1502142935830098
-1.200796212315891
-1.2355696124058806
-1.2428851288456442
-1.2189314522897423
-1.1722635260144614
-1.125814417387497
-1.113451999262022
-1.1670176814385693
-0.8649582412782797
-1.117168941018515
-1.175414331501457
-1.1707074753870708
-1.1533117461392859
-1.1358245133876654
-1.1177107762800258
-1.0973698904925842
-1.0763930288901502
-1.0594573634415139
-1.0522896051507935
-1.0593009377205318
-1.0818319776729262
-1.1174346369786412
-1.1602421021339526
-1.2022230243433119
-1.2349658872621234
-1.25157882988983
-1.2483034009327623
-1.2255122555362827
-1.1878751239722933
-1.143618932918291
-1.1029611916338233
-1.0759451158857258
-1.0700349001516347
-1.0879245116982699
-1.1260578168427138
-1.1743362083188447
-1.2173866314423971
-1.2375624539542922
-1.219536438278172
-1.1559036037122765
-1.0526264580427411
-0.9324103814726192
-0.8331773088646461
-0.7976957273514913
