Predicted value
-0.9297174547507407
-0.79198001313739
-0.7714802505736058
-0.7756713145309526
-0.751285555466205
-0.6770120442427707
-0.5537936061644038
-0.39509979626936764
-0.21864882693033194
-0.04034893657900729
0.12930885344077403
0.2865661192574944
0.43384139134710664
0.5778723935234911
0.7271767994881395
0.8894244466150034
1.0692237362567152
1.2666891358109413
1.4769921910456758
1.6909221687144709
1.8963112902620447
2.0800303983915875
2.230150730402962
2.3378131664801236
2.398364788471458
2.4114307361332683
2.3798040942589975
2.307374796559707
2.196797201559877
2.0482319930914494
1.8613082941727361
1.6434532691128376
1.4289459355504563
1.3144863267843525
1.5187474461445072
2.475312550255416
-1.0486929580863913
-0.8084467889648876
-0.6970976460487701
-0.6267901816253441
-0.5444848055183693
-0.4266115150427443
-0.27079238785107873
-0.08708952058861019
0.10965971694955634
0.3055715826904559
0.49120916690825944
0.6629409764507712
0.8225360614372639
0.9755230051806136
1.1288992377964067
1.2887561664625737
1.4583014515500943
1.6366293088235069
1.8184298945734094
1.9946565438575736
2.1540017929568505
2.2848866366617626
2.377559260060475
2.4258464540632434
2.4281199849376227
2.387148251607077
2.30871754134838
2.1992439957748253
2.0630739355777457
1.900803375382901
1.710754300225935
1.4967424835267793
1.2864762140116812
1.166354176758215
1.3401008123880245
2.2206056693687235
-1.15997113058179
-0.8574450150461628
-0.6889813329065924
-0.5723159183443829
-0.4554838194598907
-0.31341693947890437
-0.141070872565503
0.05436347743181402
0.2605142438863973
0.465223740830924
0.6599179724436108
0.8409943840498358
1.0095505143302779
1.1699403818909841
1.3277119130199906
1.4874644022941568
1.6510868046729072
1.8167124977884082
1.9785709372781626
2.1277482671715626
2.2537043525011695
2.346249783427052
2.3975800702036114
2.403912417247266
2.366290043345437
2.2902269146469503
2.18407888845619
2.056362539982861
1.9127172720410939
1.7538366002099905
1.5764976741285395
1.3808110503642426
1.1880123846339377
1.0745409720289136
1.229813844272881
2.0470253438819617
-1.2367309054822004
-0.9031057559608113
-0.7034772090513831
-0.5619334453236736
-0.42831115512455775
-0.27670295167193704
-0.09996585457390939
0.09711630189160636
0.3042813660726964
0.5108478505809394
0.7089527001911322
0.8949557567666468
1.0692862374705652
1.2351786556374331
1.3968193453787014
1.557417012240847
1.7176384339940065
1.8747304888653744
2.0224990042104025
2.152150407700793
2.253840736566331
2.318635129222428
2.3404763987116635
2.317710579750503
2.253737361766574
2.1564609801019365
2.036429347508941
1.9038828791419087
1.7654065074150744
1.6215057093196532
1.4672268890355646
1.2989310839006076
1.1315246029772636
1.0318677755487675
1.175740392847291
1.937656581132014
-1.2658614891410442
-0.9246776113542224
-0.713274271747144
-0.562726038600414
-0.4252890083292664
-0.2747825098933111
-0.10245505431023594
0.08891687632714362
0.29087756243068086
0.49401400383020133
0.6910554324961456
0.878283549353466
1.0554826043065768
1.2248384154298546
1.3892763370743528
1.5507269483637884
1.7087417541664367
1.8597663810990368
1.9972325224090535
2.11246914865727
2.1962751669488974
2.240856691002503
2.2417292885672877
2.199135912565212
2.1185516088099376
2.0099534372045125
1.8857452559088257
1.75755901006084
1.6326238491977094
1.5110186815182236
1.3859195695220203
1.2499375913182107
1.1118323459812127
1.0292980807096321
1.1651703731798198
1.8763083253437252
-1.2441497670251647
-0.9125664873043099
-0.7033171172724557
-0.5549801919329529
-0.4227493682987452
-0.28065259515977853
-0.11874995233705887
0.0618470186010433
0.2542318225812754
0.45008854156014766
0.6426480350772881
0.8280944453923091
1.0056060620187552
1.1764023650922226
1.3422570869733108
1.5039423177541194
1.6600079438745556
1.8061909608265208
1.9356073518948866
2.03972218601889
2.1099382701209812
2.1395070056070047
2.125363956156778
2.0694429453623497
1.979043179197464
1.8659308406805202
1.7440667433898178
1.6261818676685333
1.5198898493827904
1.424646656933894
1.3316596888405876
1.2298282625629424
1.1219818563023878
1.0570884202457618
1.185749503091075
1.8481987546629883
-1.1751814865433219
-0.8650976843889282
-0.6674476410728336
-0.5287249437447709
-0.4074883182186917
-0.27838018752204774
-0.13062952094929836
0.03602547585900179
0.21601055165354344
0.4019664942291665
0.5875583432089666
0.7688700271150303
0.9445245346099345
1.114865206274885
1.2806287834905354
1.441552385869456
1.5953015192200153
1.737001453164849
1.859516762257756
1.9544704077058603
2.0138413595738487
2.0318453325887713
2.006703643342363
1.9418574037676017
1.8462051562122797
1.7330485402094717
1.6176395711176685
1.51355151713706
1.4285600947673767
1.361339674522171
1.3010673096187992
1.2330025813876597
1.1542904072533415
1.1056339912987856
1.2261229245965013
1.8403939736427466
-1.066862622669639
-0.7859067595059042
-0.6056825328600239
-0.480912485938337
-0.37386560544001507
-0.2601360354101705
-0.12842284226842512
0.02266237549380562
0.18869555585304582
0.36316009660779514
0.5401067120328619
0.7155293624308579
0.8875545274553879
1.0557442064898237
1.2199150338714644
1.3788937043179734
1.5295794255062956
1.666584261338422
1.7825889119682037
1.8694016061239416
1.919558268607108
1.9281698820435653
1.894624897974405
1.823707579164212
1.725714183539666
1.6152548414160106
1.5086367425876
1.420050749416482
1.3572456972144982
1.3179893449445272
1.2893991085300078
1.2531962568236958
1.2011110875113724
1.1660606378788494
1.2763516344160357
1.8420465566343425
-0.9294756942677433
-0.6818739340984024
-0.5220414281783106
-0.4131550881694388
-0.32146476928017
-0.22379184170459723
-0.10855665266806622
0.02654855657235028
0.1780979989281287
0.340325615190759
0.507634440335416
0.6759482138486911
0.8429607584083881
1.0075493236494384
1.168726974630935
1.3245331089398569
1.471217223091987
1.6029760289848165
1.712374855585443
1.7914378707636667
1.8332449341712405
1.8337427552875434
1.7933813921644703
1.7181408969740475
1.619534005155733
1.513276086741714
1.4165200422722248
1.3438783425640206
1.3029138924283616
1.2903927542150198
1.2913719087507631
1.2841610698091397
1.2553660146583578
1.2306088584498993
1.3281450951975766
1.844474963819458
-0.7741936999028565
-0.5615246784240062
-0.42284838885266735
-0.32994113378024953
-0.2532368264926348
-0.1710041496476899
-0.0715914579432233
0.04805569868055934
0.18538373143852208
0.3353032995399846
0.49254821401347
0.6529982767204934
0.8139809113457898
0.9737845996234604
1.1307328213837655
1.2821973221484522
1.4238910079284888
1.5496905045515745
1.652113329232742
1.7234316161644192
1.7572603266074645
1.7503297682765597
1.7040569596968689
1.6254848136288196
1.5271791905790173
1.4257784998025167
1.3390956120197257
1.2819943062849128
1.2617192140174762
1.2739661571065304
1.3017558151889472
1.3201347106452792
1.3108904795222227
1.2928502134387265
1.3749482225309113
1.8411197936028203
-0.6119817936195904
-0.43382651174011494
-0.31543675131521665
-0.2372603843229097
-0.17405778716478498
-0.10571543416014761
-0.02067703364906011
0.08471604975899424
0.20867833617616327
0.34673826938172525
0.49394777713851495
0.6461729793355261
0.8004412987525301
0.9545457938498844
1.1062299448254813
1.2523122942158569
1.3880771825146336
1.507172238603588
1.6021321952043541
1.6655089120271542
1.6914461147815276
1.6774112076878276
1.6257025015519746
1.544305229804424
1.4466907121223134
1.3502568803162114
1.2733120150343935
1.2308238654832093
1.2296102487463847
1.2642516613741204
1.3157782946691845
1.3561400374867583
1.3626254873524606
1.3477715832533141
1.411916132534634
1.8274081409061995
-0.45282383552911876
-0.3073190336259751
-0.2071943159403911
-0.14157548032933617
-0.08963711892298905
-0.03300970144368656
0.0396351276449696
0.13244385937529243
0.24431359235028738
0.3713435651278543
0.508897513157478
0.6528599129990497
0.8000228187201656
0.9477728921800755
1.0933772913300208
1.2332092196558633
1.362226066424603
1.4739320924361805
1.5609404504909181
1.6161128847256814
1.6341166393132853
1.6131138357245474
1.5562057597855508
1.4722100460889442
1.3753695689022332
1.2836948565228554
1.215843951024193
1.186761748483338
1.2027518870451885
1.2572551125232212
1.3293756546297035
1.388148402332118
1.4066914852129886
1.3917581600317264
1.4358055789147328
1.8005529886981395
-0.30521754095270465
-0.1895207539859038
-0.1048923640683619
-0.049083158561482494
-0.005720706735229668
0.04173371619973022
0.10427852394966307
0.18645433714368082
0.2877708263632844
0.4048604088518777
0.5333964944704709
0.6693138944694647
0.8092305867084798
0.9502101840417312
1.0891400896600425
1.2220483552071768
1.3436595954324988
1.447413867968866
1.5260591094989544
1.5727944410596417
1.5828053264975588
1.5549091000941506
1.492937683090436
1.4064402952249546
1.3103095474178523
1.2230363863546008
1.1634998619092116
1.1465135150638028
1.177798248193857
1.2496487522612294
1.339323837554772
1.4131372571061083
1.4403717357504782
1.4225018339643907
1.444807895058088
1.759310557995903
-0.17588812717486108
-0.08656243044373158
-0.014248094225103303
0.0347852677274826
0.07246211883023031
0.1134385007577065
0.1683076705389063
0.24193006579320064
0.33437077630675555
0.442764933760624
0.5630958235395696
0.691378984140608
0.8241150017270054
0.9581210408019168
1.0899932877707628
1.2155063332876213
1.3292379927032112
1.4246360726152119
1.4946340464305594
1.5327924139487614
1.5348086002299868
1.50011750838656
1.4332141903962612
1.3442864505453869
1.2487654586336197
1.1655035355761938
1.113487093486489
1.1073061766787835
1.1520470702612695
1.2388679300584455
1.3432762524743689
1.4290681565488443
1.4620298038322563
1.4388577457761595
1.438344474070871
1.7037148677227634
-0.06967613043181539
-0.0030023637088992597
0.060324222979807676
0.10566894711147891
0.14055227844212093
0.17772656142777046
0.2273280595376611
0.2944792928405738
0.37975413883442677
0.48076523099857205
0.5938067309433742
0.7150024792770948
0.8407867583707277
0.9677993380420887
1.0924250337658932
1.2102675973116175
1.315835292680414
1.4026478968210632
1.4638690158176801
1.4934404340234941
1.4875636269302623
1.4462544793765721
1.3746075699752756
1.2833630213453389
1.1883887848313428
1.1087912388494734
1.0635640427770117
1.066996214367722
1.1235022989931576
1.2231271845443206
1.3397324975443905
1.434807504885936
1.4709819525801868
1.440668208956146
1.4168423558386363
1.6348053983312494
0.01043955053655536
0.058215544066001504
0.11581274881641714
0.16042753915464206
0.19525490601714227
0.23114964196221427
0.2777594910469441
0.34042539207705347
0.4201918789562882
0.5151275213395922
0.6218379035358383
0.7365789605761456
0.8557634285275266
0.9759146324537377
1.0932767408703843
1.2033558710745302
1.3006589463149574
1.3788338943727136
1.4313125487074194
1.4524333788578438
1.4388918472302545
1.391248675729856
1.3151375188540193
1.2217703908358362
1.127358594167532
1.0511657563103378
1.0121048115753062
1.0240992770030612
1.0908678755444623
1.2013773679133875
1.327958277112114
1.4300089377839649
1.467341887191726
1.4285699467186388
1.38150433330649
1.5543607001469182
0.06321732234581973
0.09569518404396775
0.15059266694555912
0.19717084804902535
0.2344082307590359
0.2712919947161079
0.3169674026263128
0.3769620142670349
0.45275965368232635
0.5428655740963528
0.6441958772306696
0.7531578804753173
0.8661806976998434
0.9797237183631412
1.0899518459552242
1.1923372016445906
1.2814444232764153
1.3510976045343221
1.3950282351066672
1.4079821310519682
1.387136196202145
1.333559841341352
1.2533679190172828
1.1581690191456204
1.0644318250216758
0.9914898619209661
0.9580982921173671
0.9777623318383233
1.0534922983762285
1.1732221502483038
1.3078735709089215
1.4149730780331218
1.451852226772929
1.4037976276036568
1.3340851283907857
1.4646480270835156
0.08895657465622539
0.10944268951698709
0.16432569957712462
0.21519805454675794
0.25695750524381017
0.29677429801021604
0.34329236365264443
0.4022040237155976
0.47540631746061024
0.5618231545468275
0.6586780320504261
0.7625439310878741
0.8698971388857524
0.9771770376325568
1.080521272820433
1.1754220720018909
1.2565517409130942
1.317950428716065
1.353674038651943
1.3588815756410355
1.3312161792777086
1.2722195002138528
1.1884318510686738
1.0917876107096072
0.9989335939840964
0.9291944287096
0.9011003189143094
0.9276958289284853
1.0112804079208535
1.1388091998209453
1.2799231602314607
1.3904975408794247
1.425714314345983
1.3679940082168747
1.2766826093737875
1.3681965968657361
0.08925438083342
0.10066727638180167
0.15780014918746516
0.21487234715825473
0.262859921255836
0.3071848398379715
0.35600378041803926
0.4151602318285938
0.4869424291392034
0.5706752724761899
0.6638837600882795
0.7633155065622218
0.8655175299809964
0.9669445879991397
1.0637498332497257
1.1514903541605093
1.2249871791074445
1.2785284608370484
1.3065127352097061
1.3045132745188053
1.2706215418903632
1.2068145105293513
1.1200040508170972
1.0223836204436714
0.9307050288449432
0.8642129981707686
0.8411545198033715
0.874080519038228
0.964586001898437
1.0987085781424972
1.244940944309398
1.357727481088784
1.390425481372477
1.323034590001658
1.21155071443632
1.2675998683049539
0.06673629185766962
0.07154988953040443
0.13273316405681618
0.1974528758375018
0.252942603425145
0.30296016758332794
0.35520006495526346
0.41565017859832076
0.48697095487043063
0.5688703161969375
0.6591657280663086
0.7547829671648962
0.852356156829624
0.9483824569377952
1.0390643289299921
1.120059453840087
1.186370072950518
1.2325566579659883
1.2533723113694526
1.2448010588554668
1.2053621353924815
1.1374303955123066
1.0482370078265129
0.9501715344908439
0.8600232593445323
0.7968931247065941
0.7786947772805192
0.8174609192670703
0.9140963225769809
1.0537884029359927
1.2040170776487338
1.3180146568001472
1.3476306536884755
1.2708725572667947
1.1409386982858725
1.1653502726440816
0.02477868144392425
0.024997474162811967
0.09155334990895826
0.16490239685835503
0.22873223985679694
0.28523389841032437
0.34167404362244236
0.40418376623618885
0.4757789471053873
0.5565317767762522
0.6445398133730013
0.7369051086139555
0.8303582815026126
0.9214578890061748
1.0064809438167865
1.0812128720531304
1.1408614994668176
1.18027671433401
1.1945721897027568
1.1801348679953794
1.1358887280977519
1.06456857996827
0.9736741754335175
0.8757316971699015
0.7875056018656852
0.7278957591806599
0.7144397563360189
0.7586350399396
0.8607171529463813
1.0050956064357313
1.1583748141202697
1.2727909231510621
1.2989932088150755
1.213407874098189
1.0669595187753442
1.0637081276534897
-0.032763193293935844
-0.035602587967930505
0.03717858776481147
0.1196857344384347
0.19227168701468902
0.25566918647142917
0.31675920857558265
0.38181940407715953
0.4542058647322506
0.534335184303449
0.6205692439605384
0.7101792282773495
0.7999949822572944
0.8866478624849883
0.9665066275594051
1.0355035653799654
1.0890688785956681
1.1223522555536172
1.1308284533619017
1.111275523177553
1.0629969265080519
0.9890491361393525
0.8971512972395261
0.7999100541996019
0.7140076378268977
0.6580916665658504
0.6492877554518801
0.6985478584699939
0.8054652048564204
0.9537476386134194
1.1092620440692842
1.223460249672316
1.2460882583239774
1.152382766397268
0.99148861611665
0.9646049881599567
-0.10181023810886095
-0.10661631198339794
-0.027199042104575195
0.06457124102532139
0.14593596126065758
0.21628743919632118
0.28216953454399946
0.35001346853503207
0.42350137162991086
0.5033730800078251
0.5882357064152136
0.6755174479348544
0.7621438760614575
0.8448234941007873
0.9200265543118656
0.9838439133505956
1.0319379804129956
1.0597624889819763
1.0631488112180025
1.0392507447659125
0.9877240460423712
0.9119083728857689
0.8196946437576252
0.723717031446525
0.6405227974071239
0.5884618494326158
0.5842181812740426
0.6381941390487946
0.7493726667883743
0.9008392232267869
1.0578608448906113
1.1713117676846716
1.1903200214380998
1.0893043902492452
0.9160929969092232
0.8695804331575018
-0.17828918914066974
-0.18437632968086362
-0.09831200038618469
0.0024447821595515616
0.09225738979098502
0.1693032538015105
0.2398429829358383
0.3104713044288871
0.3851828985746742
0.4650183230243093
0.5488076910181452
0.6341194890184871
0.7179658046907353
0.7971301968473345
0.868187385785145
0.927391786377716
0.9706415582941943
0.9936932187710636
0.992725864426401
0.9652505906436337
0.9112466910277338
0.8342985763161654
0.7424229828745293
0.6482318564875513
0.5680892085346049
0.5200071597801953
0.5202042228785418
0.5785345392523955
0.6934071902243253
0.8473667571187126
1.0052169214794098
1.1174549855262483
1.1328636654681672
1.0253942772664137
0.8419894068629532
0.7797502457215548
-0.25833082477084446
-0.2653680138496655
-0.17299285528465225
-0.06385660839384832
0.03376732739274538
0.11697319494026347
0.19179648337452362
0.26500768256517576
0.34090096468829933
0.4207937667369914
0.5037141058241453
0.5873498887309199
0.6687853893622133
0.7448713735415968
0.8122839608773924
0.8674401392237543
0.9064717995105132
0.9254321483879797
0.9208352941927016
0.8905285991521047
0.8347849584748717
0.7573954159845872
0.6664583672114455
0.5745169453254737
0.49770794393956713
0.4536707145964937
0.45813979664568866
0.5204275041779476
0.6384092196838458
0.7941716380996575
0.95218957886756
1.0627771485297306
1.074630903163495
0.9615631396116167
0.7700294479331099
0.6958030957602871
-0.3384327824196772
-0.3463841578947927
-0.24832196320129613
-0.131686373862624
-0.027140259402484344
0.061463943227564384
0.13999810743824315
0.21542257118300986
0.2923182175863746
0.3722543250449065
0.4544292018402829
0.5366256823303064
0.6159814247871681
0.6894015258972859
0.7536551647884953
0.8053157211731138
0.8407419887541769
0.8562736374018135
0.8487438767320696
0.8163132505763169
0.7595175573805122
0.6823169567847971
0.5928492984700758
0.5035455067840655
0.43027538463970266
0.39027537367851656
0.39878253567544264
0.46457821359437784
0.5850474005503506
0.7419027021593302
0.8994218333252202
1.0079217553902908
1.0162577447250036
0.8984088002206594
0.70070875573846
0.6180221753259958
-0.4155849190545824
-0.4246457372830386
-0.3217444223898067
-0.19870221491036283
-0.08831989442398559
0.004743500362324351
0.08626031877937565
0.163396263888181
0.24100635421304872
0.32088567172630356
0.4023730964182551
0.4833188462990746
0.5608913795474014
0.6320329837087015
0.6935930863193166
0.7422908830546846
0.7747012044371371
0.787436541254801
0.7776307331032798
0.7437329048307391
0.6865107231096128
0.6100568508391628
0.5225085115673891
0.43614425057309913
0.36653120463412225
0.33047737979048775
0.34271349655670674
0.41150480600988754
0.5337918189451107
0.6909970348110661
0.8473294183822593
0.953286461053889
0.9581120912266492
0.8362343754459337
0.6341967897381774
0.5463277499109527
-0.48735678483837674
-0.49788790998740473
-0.39115508691110223
-0.2629504642563961
-0.14795855136990393
-0.051502472135257736
0.0321565860751086
0.11040632215032578
0.18836351516735406
0.26802226446307065
0.3488306501221716
0.4286762872196436
0.5047327839587937
0.5739589993463937
0.6332681412101384
0.6795110611552118
0.7094645004410473
0.7199974307012158
0.7085239268935516
0.6737561178189608
0.6166625929506414
0.5414331141355082
0.45616649793123276
0.37295200989033195
0.30702245696193375
0.27473628931704697
0.2903133392791728
0.36152124362371013
0.4849040272616487
0.6416776822103183
0.796106766741267
0.8990379866474977
0.9003183146541044
0.7750833660726075
0.5703833898348611
0.48033626500194304
-0.5519481743686203
-0.5644118105671931
-0.45495182591486283
-0.3229209101761972
-0.20463203346572356
-0.10592848881338168
-0.021037731459584097
0.057667424453361954
0.1355533922737878
0.21478604716197358
0.29489013173175166
0.37375886009766174
0.44854300721844115
0.5161946973098344
0.573671610023321
0.6179393170172331
0.6459598554476658
0.6548403497433762
0.6422534197663394
0.6071481730625736
0.5506636823410875
0.4770529075471418
0.39434094588425195
0.31439419385231787
0.2520833937717397
0.22330052432018255
0.24175399128459585
0.3147354919909795
0.438442175683025
0.5939662134429661
0.7457475360485374
0.8451412074036899
0.842795585832445
0.7147879965497725
0.5089380069855627
0.41943147330219066
-0.6082048912081663
-0.6231038686479723
-0.5120583920841263
-0.37757310288096063
-0.2573345136064738
-0.15756173272752905
-0.07238048384406803
0.006094054907948034
0.08346614036148363
0.162046048109901
0.2414019848262023
0.31939979573922145
0.3931378407740298
0.4595363051968906
0.5155759993579173
0.5583182982620081
0.5848921861854243
0.592623315356382
0.5794204717980168
0.5444437767559066
0.48897324966475725
0.41729292931472906
0.33732150472196903
0.2606722571550643
0.20182997078411996
0.17620724246682123
0.19700422223096384
0.2710611560203316
0.39427909220528523
0.5477076641858019
0.6960768840977785
0.7913992881379937
0.7853064733140308
0.6550269694674741
0.44937741017665045
0.3628430125839082
-0.6556028207463034
-0.6734253492216049
-0.56191923485606
-0.42633615247667456
-0.3054829507465358
-0.20581066031444326
-0.12127504353778487
-0.043715000307842
0.03270022782811375
0.1103981453623758
0.18895707570219566
0.2661819977385829
0.339088402641967
0.4045382092713594
0.4595127732349336
0.5011491470541385
0.5267239080253711
0.5337609772076801
0.5203828184567458
0.48593514153930467
0.43181064906305944
0.3622943742097438
0.28516866602821433
0.21176680229501355
0.15616745764660642
0.13329473779524262
0.15584712012394603
0.23024032778028386
0.3521308195181486
0.5026051119365673
0.646792475399392
0.7375015707543797
0.7275122319694894
0.5953887609329757
0.39113769588693525
0.3097279552459674
-0.6942041657241373
-0.7153755812358108
-0.6044693706405855
-0.46908480917506157
-0.3488988834406769
-0.2504519606987253
-0.16746184511571352
-0.09147216178114126
-0.016436415287298254
0.0601635027241784
0.13788304434636914
0.2144329238032228
0.2867151459701791
0.35150666297419897
0.4057663054471154
0.44668620776644313
0.47167087448405814
0.4784222290802894
0.4652543571537694
0.43167411513065734
0.3791602335154103
0.3119709115739227
0.23772508910339948
0.1674525015665822
0.11480918831571177
0.09422524086870289
0.11790716019122263
0.19187514964852556
0.311592914684801
0.4582609823302452
0.5975111042918989
0.6830758776182746
0.6690312177047717
0.5354366606916265
0.3336465670635368
0.25925105645472984
-0.7245902698701703
-0.7494329242490779
-0.6400830155630358
-0.5060952175354781
-0.3877707081529596
-0.2915987215530201
-0.21099177578776124
-0.13717899442861475
-0.06390820017832023
0.011403577874014383
0.08825678594462531
0.16423518166947648
0.2360971826284103
0.30050841836732123
0.35438236166253034
0.3949458619470374
0.4197120244782017
0.42654108393547663
0.4139176216598851
0.3814865826487982
0.33078797266506005
0.2660277683734182
0.1946373652443451
0.12732273003052016
0.07730422788925646
0.058515769659833496
0.08268438337283153
0.15546546673396744
0.27218173505241866
0.4142221528379828
0.5478178380374921
0.6277419665834559
0.6094969925517841
0.47477194673542805
0.27639209480169924
0.21065973637766633
-0.7477758498873166
-0.7764779323545076
-0.6695051081213795
-0.5379841686219887
-0.42259999010033145
-0.32965309963211853
-0.25218449078892063
-0.1810894483609552
-0.10991933191912577
-0.03605084325224942
0.03993064810319568
0.11545053488069337
0.1870947071493033
0.2513921367569038
0.30518902024280775
0.34572743497151315
0.37061070076207775
0.3778387796378584
0.3660470004639307
0.33499707413922336
0.2862676796320592
0.2239897624562082
0.15538600614453235
0.09082162485364399
0.04307159239051779
0.025574580655502176
0.04959313971047072
0.12044992337075361
0.23337795934979372
0.37002599252099344
0.4973147047667711
0.571163046125218
0.5486129104847766
0.4130918658818157
0.21898451548973774
0.1633502316159708
-0.765109686374275
-0.7977034219890021
-0.693770111436763
-0.5656359489276614
-0.45413563984913835
-0.3652470878405001
-0.2915750274982006
-0.22366158134329941
-0.1548699161414351
-0.08255943663719627
-0.007430373284055032
0.06775471634662168
0.13938201607348005
0.20382015375211293
0.257827671220671
0.2986438629175809
0.32394536299962273
0.33185486044929763
0.32114045349174647
0.29166132960828983
0.24501458650073404
0.18523600349275268
0.11932134301671028
0.057281218991047135
0.011438624009608265
-0.005259228695121189
0.01800289137679136
0.08624793796240299
0.19466971462411714
0.3252446426200455
0.44566616385438523
0.5130925205531233
0.48620028683580563
0.3502394575222782
0.16120803728913022
0.11692182963867123
-0.7781669020164472
-0.8145162475064547
-0.714112599352376
-0.5901210146124273
-0.4832999314994431
-0.39917512403596345
-0.3298522540180541
-0.26550110935579824
-0.19930389634263246
-0.12862398002419215
-0.05430333062529096
0.02068027601369489
0.09248845080728436
0.15730801391089977
0.21179158181335073
0.25315966836351034
0.27914729251506254
0.287984868613543
0.27855738863923896
0.25080450092264256
0.20632395743090312
0.14903895274887652
0.08570302331175524
0.025961326252674846
-0.018318815627057575
-0.03467532181056619
-0.012721301271940358
0.052300156678815185
0.15559288567162022
0.27952509073771814
0.39263888845365863
0.4534134737886386
0.42223764125602525
0.2862426955710391
0.10306012060369363
0.07121664595380639
-0.788637892408605
-0.828435547368967
-0.7318741093637093
-0.6126107158858003
-0.5111103499379351
-0.4323223115830084
-0.3677927237263259
-0.3073001763122839
-0.24385204955859452
-0.1748349230473258
-0.10125686247941677
-0.02633536871301702
0.04584453661875665
0.11126913904311797
0.16646947236457213
0.20863375812118995
0.23554286106459685
0.2455222688373369
0.23756036343785722
0.21166269137207486
0.16941246955613745
0.11460559602239238
0.053740879254527266
-0.003910031496834054
-0.046936529325315356
-0.06335311169152053
-0.0431807812738338
0.018105227615035545
0.11576646206233626
0.2326229093514095
0.33813374963017967
0.3921688038317977
0.3568889539311768
0.22134092172452247
0.04477624578661521
0.02634300505723551
-0.798218783036957
-0.8409920563629211
-0.7484106001073083
-0.6342921711052594
-0.5386011471793642
-0.4655919298125625
-0.4061934288636028
-0.34977466675792745
-0.28917320991394824
-0.22181591686940785
-0.14889847469003095
-0.07389946680821094
-0.0011693654882027078
0.06506204031860519
0.12119159684406851
0.16436461250558937
0.19239800111319225
0.20370230436164735
0.19735836600099121
0.17342563766233127
0.13346021313463013
0.08111862490704863
0.022635104975194175
-0.03309767777690915
-0.07512452789935593
-0.09192607821634893
-0.07390968350520016
-0.016748958855588473
0.07492111688373514
0.18442790551618923
0.28220830694789084
0.329580376942903
0.2905193753456994
0.15599708960816627
-0.01316122412407926
-0.017318868986563197
-0.8085079771165212
-0.8536327972406847
-0.7650045937592056
-0.6562871552192622
-0.5667482731128797
-0.49983571588352765
-0.4458067654043127
-0.39360321820297617
-0.3358967338535617
-0.2701691860986054
-0.19782232744412553
-0.12261370421779925
-0.049174445433692454
0.01803761570006117
0.0752759551259654
0.11963557275086056
0.14896265822088386
0.16174563474478387
0.1571495913314982
0.13527851373550714
0.09765135194468345
0.04777572816497393
-0.008386095080921791
-0.06232359095285221
-0.10353364495878449
-0.12095105877360614
-0.10534728421434034
-0.052561062523927386
0.03291959906737704
0.1349803510139013
0.22508856961232424
0.26605606886601496
0.22369736943608737
0.09089492237483843
-0.07003084922626518
-0.0591294700198146
-0.8209129450145275
-0.8676350804880993
-0.7827857260620771
-0.6795785344246064
-0.5964010358873484
-0.5357901099404195
-0.4872807501439702
-0.4393708345231305
-0.38456897952608976
-0.3204243961190129
-0.2485600707616157
-0.17302665086866206
-0.09874721295062779
-0.030415720976475293
0.02807246835189319
0.0737581387452121
0.10451321537813614
0.11889982058339119
0.11616185223974455
0.09644106924567025
0.061211730803430606
0.013825355527890595
-0.040032946394484896
-0.09223594867350314
-0.13272761673838457
-0.15088381587993976
-0.1378175191301442
-0.08950022300647503
-0.010232054246985527
0.08447691901450498
0.16716928350033064
0.2021840882566585
0.1571828366166358
0.02692069396419235
-0.12489669987156746
-0.09822085677271333
-0.8365708987560342
-0.8840332653865312
-0.8026629806762453
-0.7049473601952807
-0.6282234535727571
-0.5740212847841595
-0.5311071809816633
-0.48751967043184186
-0.43560625769733846
-0.37299336801376115
-0.3015369819055922
-0.22559104449044612
-0.1503777206747439
-0.08083106658100687
-0.020996788102686258
0.026111451508058187
0.058391142615755245
0.07447698731369565
0.07368903666420491
0.05620259588211518
0.023442007470176746
-0.02140238115604015
-0.072925876187513
-0.12338405262578717
-0.16316166838916163
-0.18206181202137994
-0.17151648102687983
-0.12759880905645596
-0.05438302927825663
0.033265932673424564
0.10900251073991046
0.13871452298276127
0.09190134503547198
-0.034870035328852515
-0.17664917662267995
-0.13354494664630515
-0.8562864064681546
-0.9035611810402293
-0.825271361997465
-0.73292324303798
-0.6626477934871186
-0.6148813413837964
-0.5775800146501635
-0.5383091612698565
-0.4892563345821084
-0.42813263284517916
-0.3570353121682823
-0.2806277377915558
-0.20443398954389638
-0.13362788216377539
-0.07240288906373352
-0.02382355809026199
0.010036431087566258
0.02788630709986879
0.029122333238778532
0.013951530168249805
-0.016254790789352404
-0.05847067172279875
-0.10757351497511498
-0.15619992001920224
-0.1951682728585627
-0.21469472810676649
-0.206508293022893
-0.16675423240152523
-0.09924605237016051
-0.018167978869327236
0.05127478808356054
0.07652860128130891
0.02890518366173042
-0.0932997769600445
-0.22406085490284544
-0.1639377733857848
-0.8804883434381178
-0.9266124844391034
-0.8509351733684933
-0.7637500713022028
-0.6998422705439438
-0.6584775543196802
-0.6267657645099967
-0.5917872241266369
-0.5455701399620286
-0.48591540904906216
-0.4151663592980595
-0.3382977589638297
-0.2611340204732408
-0.1890839906479932
-0.12648215052344972
-0.07643653282767653
-0.04098529278044264
-0.021339727235024714
-0.018024717351454476
-0.030801159993512336
-0.058352041918524514
-0.09781748761402659
-0.14435746536383562
-0.19098695583319097
-0.22895036218359585
-0.24886285949798762
-0.24272933315109843
-0.20673962973351295
-0.14441512926618985
-0.0692292327602765
-0.005226333720099627
0.016596705009530248
-0.03067747244804234
-0.14712900346570362
-0.265855499873859
-0.18819754133848454
-0.9092078606019127
-0.9532205557876443
-0.8796494275953103
-0.7973685349842367
-0.7396943030183325
-0.704656008527309
-0.6784872063424139
-0.6477737674709421
-0.6043848687677227
-0.5462141429632547
-0.4758523573525025
-0.39858352807068503
-0.32052638371796266
-0.24731565617885362
-0.18341588684976318
-0.13196738217432624
-0.09496272242656477
-0.07352591111132863
-0.0680979382053129
-0.07840530777532512
-0.1031850383185963
-0.13974387150798862
-0.18352401092813936
-0.2279157458920839
-0.2645818855669205
-0.284523124446802
-0.28000037072715345
-0.24722278339072604
-0.18939187084907697
-0.11924559282752951
-0.059655066872781784
-0.04007330043531886
-0.08570343796880028
-0.19512641893087118
-0.3007877759995213
-0.20517365227149334
-0.9420782896086022
-0.98305881111685
-0.911080235726915
-0.8334162705784182
-0.7818101151140459
-0.7530003923697935
-0.7323211342134747
-0.7058572288878077
-0.6653191728104454
-0.6086942849085727
-0.5388188298554535
-0.46127984546577067
-0.382479968230927
-0.30826628856986765
-0.24321833287064704
-0.19049375183806838
-0.15202628307847987
-0.12884213927940258
-0.12129124081428265
-0.12906175215650434
-0.15094328415704705
-0.18440897806203474
-0.22518258115507356
-0.2670266471399223
-0.30201523586685897
-0.3215220357863086
-0.3180457776210553
-0.2877922382188821
-0.2336191384159482
-0.16750990704282404
-0.1111577039750405
-0.09249535740348114
-0.13508306331212647
-0.23614690753675063
-0.32773059177335906
-0.21386326354465895
-0.9783571079842751
-1.015461560471378
-0.9445843100336362
-0.8712457725098446
-0.825530842503638
-0.8028461139696338
-0.7876103433013766
-0.7654043260604643
-0.727780633415157
-0.6728194936365447
-0.6035975966663023
-0.5259948348573974
-0.446683059532967
-0.3717039200441809
-0.30573284857044203
-0.25192634902991906
-0.21214303119037778
-0.18729839042474322
-0.17764225857799124
-0.1828192311370287
-0.20166929935835737
-0.23183147224472983
-0.26931045130688286
-0.3082385099349709
-0.3410947179717034
-0.35961462976062364
-0.35651860957361925
-0.32798919093684586
-0.27652034500894906
-0.2133273568549826
-0.15892826623893538
-0.13976961046249234
-0.177853599842743
-0.26921395068224035
-0.3457664850762325
-0.21351137065931142
-1.0169692702134
-1.0494647685929752
-0.9792469898869638
-0.9099595313942146
-0.8699646514727548
-0.8533092997412681
-0.8434894439458368
-0.8255826666623896
-0.7909851971977926
-0.7378679822175911
-0.6695401718013175
-0.5921605948422312
-0.5126515080025045
-0.43722721484242366
-0.3706361552983346
-0.31601184942400756
-0.2751187322690274
-0.24874652798091676
-0.23703446972017359
-0.239577466804427
-0.25526334068470496
-0.28189658593851735
-0.3157628504763235
-0.35136255963512997
-0.3815749208106715
-0.39848802779303316
-0.39503002605489107
-0.36734339093195983
-0.31754239896692144
-0.2560659276962978
-0.20226688987956115
-0.18114898363649706
-0.21325410920758248
-0.2936028551181664
-0.35427898044567424
-0.20370990469515213
-1.0565703826278199
-1.0838652958675894
-1.0139374666680971
-0.9484611711766868
-0.9140337362921782
-0.9033296280486729
-0.8989235429556398
-0.8853953302006929
-0.8539877580083396
-0.8029592504290666
-0.7358408504437874
-0.6590529005439537
-0.579745361922851
-0.5042794071238729
-0.4374500074720911
-0.382342784901454
-0.3406064969165848
-0.31288826243065015
-0.2992051041342947
-0.29909566891039363
-0.3114931806505531
-0.3343678686870677
-0.36428738896364377
-0.3961202030647725
-0.4231425913424181
-0.4377880396548306
-0.4331812437010227
-0.405411009630933
-0.3561999835707409
-0.29520750496039116
-0.2406380381913119
-0.21610468299177085
-0.24079828537050985
-0.3089207567313672
-0.35303944804786414
-0.1844909077721524
-1.095627373708748
-1.1172964222310113
-1.0473791577766174
-0.985520677966649
-0.9565344248310272
-0.9517253587311686
-0.9527582762625408
-0.9437260209414382
-0.9157225899922081
-0.8670900042791059
-0.8015683704060279
-0.7258189132728191
-0.6471929829638446
-0.5721692307882609
-0.505559394627098
-0.4503735225050627
-0.4081210845301087
-0.37928836606644467
-0.3637578882620044
-0.3610054548746297
-0.3700078657675513
-0.388902456509354
-0.41454150925169153
-0.44216332150475973
-0.46544040562113487
-0.4771470117682324
-0.47059600995352474
-0.44181222129998227
-0.3921186442871416
-0.33039676711096566
-0.27372538170843347
-0.24438710737576
-0.26034128131750967
-0.31517906893283915
-0.3422846772097351
-0.15640850929399422
-1.1325134986292738
-1.1483166976012111
-1.0782324721390193
-1.0198511549729259
-0.9962080110757742
-0.9972583527595305
-1.0037791532004938
-0.9993929077142584
-0.9750518916692857
-0.9291776543334204
-0.8657046582259668
-0.7915115127342967
-0.7141213478834861
-0.6400976182554613
-0.5742361071756957
-0.5194412064558678
-0.47705776623524054
-0.44739203183706966
-0.4301794990842448
-0.42482701523585203
-0.4303542186485712
-0.4450685354690062
-0.46611152516036514
-0.4890954774945644
-0.5080909008340074
-0.5162109941211925
-0.5069514520240999
-0.4762661031862269
-0.42507401453733434
-0.36148489916965465
-0.30148003040967375
-0.2660784794528389
-0.27213644731282477
-0.312853842903559
-0.32278015685616107
-0.12060418420965627
-1.1656137294575855
-1.1755084310878816
-1.1051865321932879
-1.050193912218538
-1.0318193569964227
-1.038706347367526
-1.0507776888826958
-1.0512088255018326
-1.0308203007570644
-0.9881094228621272
-0.9271888447580587
-0.8551285751232693
-0.7795909809789275
-0.7071887157235317
-0.6426662972687622
-0.5887903584573888
-0.5467144851583454
-0.5165451353892829
-0.49785848454813103
-0.48998725637768076
-0.49199476567607703
-0.5023636060366319
-0.5185317530876824
-0.536492409842544
-0.5507187848961214
-0.5546642553536452
-0.5420051135834834
-0.5086204191852208
-0.45502446399142055
-0.388565097511841
-0.32415874201760075
-0.2816334394850297
-0.2768778059099258
-0.3029294110978493
-0.29586394297007634
-0.07884964373322823
-1.1934358322687044
-1.1975814395858495
-1.1270557820142137
-1.0754081185392714
-1.0622397769673093
-1.0749392725151257
-1.0926213692092208
-1.0980451271333442
-1.081912896035261
-1.0427947873563541
-0.9849644714166993
-0.915655293308608
-0.8426337690585741
-0.7725236018462219
-0.7099805355544789
-0.6575997287029532
-0.6163159749215676
-0.5860161055891131
-0.5661053751266859
-0.5558386387341875
-0.5543257751243781
-0.5602321720785665
-0.5713022694560894
-0.5839202316714852
-0.5929698886438692
-0.5922492298576785
-0.5756160494878699
-0.5388739105709965
-0.48213451198157165
-0.411996892535926
-0.3423487809285891
-0.2919038874442437
-0.27572412251672007
-0.2869207072605408
-0.26346600111526086
-0.0335617007537048
-1.2147217313389465
-1.2134770362522944
-1.1428768299088596
-1.0945607186104502
-1.0865302475695204
-1.1049959763428485
-1.1283241248290643
-1.1388961529840793
-1.127313927728506
-1.092218756543776
-1.0380276180141512
-0.9721074841053409
-0.9022917963121894
-0.8351750169930497
-0.775284817272254
-0.7250099728696557
-0.6850385081428019
-0.6550181455380599
-0.6341727715771578
-0.6216775104903238
-0.6166941916816762
-0.6180815964119601
-0.6239039614433041
-0.6309498919455913
-0.6345251817494975
-0.6287801450824196
-0.6077580192756176
-0.5671888916190856
-0.5067865246001841
-0.43241649122803616
-0.3569762750533838
-0.29814452687815185
-0.27030059104557597
-0.26686980764564583
-0.22809805199693292
0.012216421590132824
-1.2285531204865483
-1.222466662662883
-1.152000358316387
-1.1070118612650603
-1.1040205859389833
-1.1281573822360778
-1.1571136977662457
-1.1729410441997814
-1.1661633235348967
-1.1354933265223934
-1.085473578268223
-1.0235737642121112
-0.9576553122877494
-0.8942414231424474
-0.8376910188668439
-0.7901508107934325
-0.7520340576014786
-0.722730685250594
-0.7012743591909661
-0.6867609259002023
-0.6784124641101645
-0.6752950951471957
-0.6758097856509763
-0.6771667235961195
-0.6751085490516506
-0.6641488635119781
-0.6385231149539877
-0.5938922490537019
-0.5295785192677248
-0.45073064878463204
-0.3692952247147533
-0.3019958683486315
-0.2626744539100165
-0.24531253099377032
-0.19280923184759868
0.05487259713534223
-1.234444714337943
-1.2242390670021397
-1.1541724960554094
-1.112490709028135
-1.1143799227427222
-1.1440118400976138
-1.1784920792642177
-1.1995994724782553
-1.1978079154155516
-1.1719044108968069
-1.1265397014016314
-1.069254512624182
-1.0078980241064013
-0.9488788318752762
-0.8963454610228655
-0.8521665123373706
-0.8164528754553366
-0.7883192005944366
-0.7666020807783646
-0.7503212456153394
-0.7387705951748241
-0.73124119735842
-0.726491523415779
-0.7221742929499119
-0.7144874309236731
-0.6983218938556913
-0.6681145896147281
-0.6194633840216234
-0.5513063468827935
-0.4680920291438921
-0.3808547706018997
-0.3054419030837744
-0.25530132622510215
-0.22521138099802088
-0.161103318979397
0.09032694794710058
-1.232418049706096
-1.2189695163334766
-1.1495996997392122
-1.1111562144606735
-1.1176735732298209
-1.1525082712904156
-1.1922850915702696
-1.2185778087161103
-1.2218443344477756
-1.2009515917049383
-1.1606421196790793
-1.1084956850809216
-1.0523080959242503
-0.9983290717462333
-0.9504545075671146
-0.9102388670537517
-0.8774638423270629
-0.850952912678224
-0.829341111167643
-0.8115782557094752
-0.7970452088279723
-0.785279486845443
-0.7754218338602293
-0.7655922975320988
-0.7524659814469699
-0.731328091718135
-0.6968282325323341
-0.6445082256013063
-0.5729291209680514
-0.4858546203771272
-0.3934429384850915
-0.3107402705958614
-0.2509396073915159
-0.20985172632706292
-0.13681388500316088
0.11418086704107339
-1.2230483612289444
-1.2073642156777564
-1.1389909443884683
-1.1036372684458011
-1.114401293477018
-1.153992652324196
-1.1986771917358352
-1.2299023157293492
-1.2381506392960433
-1.2223782093296793
-1.1874043040936484
-1.1408158172354599
-1.090313556345829
-1.0419435283783143
-0.9993065339294125
-0.9636072384634529
-0.9342724200867406
-0.9098203994663743
-0.8886828269861778
-0.8697491242704664
-0.8525060408210774
-0.8367630807394334
-0.8220720683785842
-0.8070489443253364
-0.7888711033849808
-0.7632372932659218
-0.7250223754738677
-0.669719197560428
-0.5955175273640907
-0.5055085442678486
-0.40900585881243945
-0.3203235292823241
-0.2525311511585565
-0.202698901643535
-0.12393451584266132
0.12191735732766376
-1.20747677779694
-1.1906729021700997
-1.1235708897766181
-1.0910465608239446
-1.1055119107959488
-1.1492234485835318
-1.1982277039136817
-1.233936138646865
-1.2469039900347432
-1.2361896113632398
-1.2066757455851485
-1.1659249596071235
-1.1215012698730322
-1.0792018928145952
-1.0422901456561249
-1.011585892998212
-0.9861366716005805
-0.9641438188722605
-0.9438366687928277
-0.924057251367043
-0.9044210272918581
-0.8850390973247227
-0.8659071349205733
-0.8461690900870174
-0.8235325911282384
-0.7941310180432225
-0.7530775258482519
-0.6958219470423812
-0.6201855888630788
-0.5285945519224515
-0.4295424213077994
-0.33667110830873986
-0.26304733963209215
-0.2072148903202473
-0.126402225634051
0.10915515506739576
-1.1873799289617915
-1.1706625008274893
-1.1050576807087404
-1.0749625566569487
-1.0923894491534567
-1.139361808095281
-1.1918649499528609
-1.2313771923197017
-1.248582065028549
-1.2426578243961133
-1.2185395590135615
-1.183734840858291
-1.1456292333990155
-1.1097261078361453
-1.0789092286980186
-1.0535795397359329
-1.032382599462344
-1.013193271792169
-0.9940426601121662
-0.9737419717529157
-0.9520621033072965
-0.9294493345636807
-0.906379699036549
-0.8825604512170794
-0.8562596637666389
-0.8240674509722345
-0.7813477169100382
-0.7235107569562634
-0.6480075885791511
-0.5565996407768402
-0.4569754801285574
-0.36215268423615143
-0.2853008793846541
-0.22663442757949095
-0.14783336775931954
0.07195792402738269
-1.1648890253292736
-1.1495447813074873
-1.0855991681247559
-1.0573741937368433
-1.0768061442425207
-1.1259326683733737
-1.1808551581910622
-1.2232345200503216
-1.243946456204343
-1.2423115108015388
-1.2233084634847287
-1.194360268390497
-1.1626327250930817
-1.1332905199788939
-1.1087962807097818
-1.0890989318706512
-1.072421015635257
-1.0563038363580053
-1.0385873914447383
-1.0180721517068418
-0.9947149416958239
-0.9693345332849489
-0.9429271930458413
-0.9158014047962068
-0.8868174121054038
-0.853044180572469
-0.8101069553717519
-0.7533758749296162
-0.6799231856869468
-0.5908365747516885
-0.4930020858884593
-0.3988450987636738
-0.321725020699761
-0.2637017534261365
-0.19121274348279876
0.007198406930003572
-1.1424505957601852
-1.1298511543363507
-1.0676616154958736
-1.0405832606178826
-1.0608381703928704
-1.1107534286236447
-1.1667435990856365
-1.2107813339889453
-1.234006979196895
-1.2359108366441407
-1.2215094173969243
-1.1981126585439594
-1.1726257726339218
-1.1498302387197685
-1.131726518266335
-1.117779476261016
-1.105769296873064
-1.092898992970308
-1.076827508758048
-1.056367993788817
-1.031697173638737
-1.004046946691479
-0.9749764867497279
-0.9454353166415284
-0.9149081276402962
-0.8809636424077979
-0.8394956443340782
-0.7858275126225859
-0.7166352992875565
-0.6323116504294246
-0.5389267987677775
-0.448326526475304
-0.37412350590558174
-0.32037085987753616
-0.25853823180518
-0.08702420817805354
-1.1226213388996882
-1.1142481040958752
-1.0538653933137014
-1.0270599313040998
-1.0467404946915726
-1.0958275069040768
-1.1512661355730625
-1.1954837565324812
-1.2199667113829504
-1.2244078187221055
-1.2138581916099966
-1.19548765467425
-1.1759005324987828
-1.1594508856174337
-1.1476364905850045
-1.1394070852582323
-1.1320827186231934
-1.122525545288882
-1.1082261771642914
-1.088036837883568
-1.062391148275759
-1.0329774926276762
-1.0019626646955035
-0.9709779584182947
-0.9401641401095184
-0.9076079055866375
-0.8694735762783926
-0.8210230118603395
-0.7585071024463501
-0.6815868398424694
-0.5954839438848998
-0.5114534254711941
-0.44339639158806926
-0.39747392847592894
-0.3504251260843118
-0.21091731919921866
-1.1077899889906713
-1.1052872806472243
-1.04676277541795
-1.0192476246333155
-1.036778044358552
-1.0832009490808376
-1.1362302976660104
-1.1789052758594727
-1.2031486345990543
-1.2088938503197626
-1.2012263612972724
-1.1871500519335012
-1.1729284937691262
-1.1624442969494175
-1.15665236790673
-1.1539569971902583
-1.1512016047068112
-1.1449067371701938
-1.132409633326906
-1.112630435566984
-1.086299020876639
-1.0556055387786334
-1.0233701679725709
-0.9919464258654392
-0.9621606751082694
-0.9326313576625282
-0.8997880388454187
-0.8588056502814252
-0.8054664707537635
-0.7386444666387483
-0.6626567179539568
-0.5881278710923479
-0.5292489740846872
-0.4943647537666696
-0.4656764755602834
-0.36248407474661
-1.099819717964686
-1.1050849863005414
-1.048553746335731
-1.0193142352259412
-1.0330113334543167
-1.074781295461691
-1.1233661066514677
-1.162588119206055
-1.1849060222313261
-1.1905374383658793
-1.1846045981885382
-1.1739207145655106
-1.1643689505332628
-1.1593163354494698
-1.159134723997807
-1.161653000237792
-1.1632222932838088
-1.1600220814127518
-1.1492528064729548
-1.1299330894330761
-1.1031299198038258
-1.071581375522893
-1.0388066047494902
-1.00792005590456
-0.9804593662513473
-0.9555820013736709
-0.9299677671111963
-0.8986657808874201
-0.85692847995213
-0.802764848891064
-0.739503356866374
-0.6770651954778119
-0.6298933899110323
-0.6085463082017841
-0.6008281050277058
-0.5369767964785006
-1.099605409309322
-1.1149266935749995
-1.0607367205765987
-1.0288478604776214
-1.0370358562511357
-1.0721191536898984
-1.1141481962066218
-1.1479141464969678
-1.166520184234535
-1.170516731226277
-1.1650677619140557
-1.1567718567981644
-1.1510919383171996
-1.1508347819805143
-1.1557485091501107
-1.1630564308431346
-1.1686019133096486
-1.1682244649678495
-1.1590050895860848
-1.1400922014224715
-1.1129311434045248
-1.0808536783874252
-1.0481218251062743
-1.0186461736695183
-0.9946954293633083
-0.9759644871847173
-0.9593559219310357
-0.9397374788775639
-0.911749057113132
-0.8724298805055322
-0.8240031390741827
-0.7755744452889046
-0.7417550745276607
-0.7352942356473358
-0.7496796353851041
-0.7263254481494577
-1.1065411560467835
-1.134793341899921
-1.0836922748069098
-1.048496436331896
-1.0496759289383013
-1.0761543847074133
-1.1095923176652833
-1.1359494863563864
-1.1490908803471767
-1.1499531881715617
-1.14374913387873
-1.136838973847021
-1.1342248139205517
-1.1381073282436311
-1.147569024446436
-1.1591964941094852
-1.1683092017392154
-1.1704073888574527
-1.1624696912793662
-1.1438051762623704
-1.1162777909878439
-1.0838567638236245
-1.0515874040431092
-1.024206093181707
-1.0047241410286052
-0.9933606804163144
-0.9871979865177202
-0.980846617325301
-0.9682256714052082
-0.9452683359250341
-0.9129378413836874
-0.8793670384599047
-0.8591991559777885
-0.8672909761986971
-0.9028257635236132
-0.9185548942647548
-1.1178945671896612
-1.1628074873467547
-1.1161994138789944
-1.0775522053377846
-1.0706352606213994
-1.086930494210265
-1.1100310864107992
-1.1272789881995968
-1.1334266431829334
-1.129854750515967
-1.1218332213964033
-1.1154598669944127
-1.115233886438971
-1.1227019887862182
-1.1362370717825192
-1.151755881739468
-1.1640360819948055
-1.1682377512775548
-1.1612526068627778
-1.1425792897263598
-1.1145379490283578
-1.08177521019997
-1.0501544937190719
-1.0252596593680185
-1.0108451724099559
-1.0076265127315498
-1.0128034646159796
-1.020629322465467
-1.024164015522711
-1.0180617814804667
-1.0018273938535969
-0.9824121601530088
-0.974295046281711
-0.9942884362043443
-1.0472052938587417
-1.0972079455161614
-1.1280859261297453
-1.1945989363187817
-1.154885543678664
-1.1134836856402357
-1.0981083706781856
-1.1032827468853676
-1.1148758378053742
-1.1218386599124448
-1.1199444308607178
-1.1110791323852773
-1.1005788955605444
-1.0942536180433104
-1.0960549919819156
-1.1068248064965882
-1.1241790790623853
-1.1433283547919348
-1.1584874805546548
-1.1644724011181355
-1.1581001260903374
-1.139084068414394
-1.1102335465552144
-1.0769064623548357
-1.0458111038562627
-1.0233897662386728
-1.014126523405645
-1.0191871067576086
-1.0358035452950565
-1.0577430814757751
-1.0770329892221941
-1.0868333731794615
-1.084941910795941
-1.0768609000710203
-1.0766409849251706
-1.1028206361297976
-1.1656889576242042
-1.2407947548799
-1.1278719424290333
-1.2225912921240845
-1.1936132195430553
-1.1514198009340837
-1.128359054314102
-1.1225076967005263
-1.1223737260547413
-1.1187566124250063
-1.1085904652498262
-1.0943303679049
-1.081387225383676
-1.0752550455282934
-1.07928965750903
-1.0935725523221507
-1.1149108979730822
-1.1377679257691575
-1.1557698927995412
-1.1633797882638224
-1.1573469568611285
-1.137618950002801
-1.1075202741998216
-1.0731453746354491
-1.042063259700188
-1.0215717281744354
-1.0168532938299957
-1.029455701519577
-1.0565304833693228
-1.0911964025176728
-1.1242339639906909
-1.1470455268034416
-1.1554160172652859
-1.153064909778551
-1.153274097190569
-1.1759916070234324
-1.2367309216993148
-1.3222930192374043
-1.1034357872819798
-1.2352128945817977
-1.2228088904535808
-1.183593080897149
-1.1552744434826037
-1.1400242654825459
-1.129371729815145
-1.116215652143101
-1.0987968186170338
-1.0802045431670564
-1.0659312449673557
-1.0611231297613055
-1.0684865321736803
-1.0872812289876772
-1.113447154662409
-1.1406525291465308
-1.161902533341312
-1.1712914284165623
-1.1655005006204355
-1.1447225122851492
-1.112813541449418
-1.076618285930542
-1.0445681818200687
-1.0247961302811703
-1.023130329229339
-1.0414057570154396
-1.076548342636908
-1.1208268703140458
-1.1635142945192594
-1.1939364737729725
-1.2054954567554157
-1.1997194615650428
-1.1886956673152016
-1.193367975738451
-1.2341130880952607
-1.308727668498229
-1.0353873143692645
-1.2160379491254636
-1.2287412781900098
-1.198751361070801
-1.1699058280631476
-1.1490392158254086
-1.1311020360405122
-1.1113535615800492
-1.0894913003334425
-1.0693037175029982
-1.0563680517318956
-1.0554451379615433
-1.0685310894423554
-1.0939945918830625
-1.1268415133532788
-1.1598886232878074
-1.1854785318136027
-1.1973115956671274
-1.1919905782262634
-1.1699533876815038
-1.1355913381521592
-1.0964981726485323
-1.061951643227336
-1.0408778515184463
-1.0396719010530768
-1.0603297905309943
-1.0993689733628687
-1.147961712548476
-1.1935593602375814
-1.2230300772027385
-1.226950367967561
-1.204165231515172
-1.1650458043847656
-1.1310101915849236
-1.1268158301452278
-1.1608632993284969
-0.8976798537895576
-1.1428662351353565
-1.19275972900481
-1.1815502124395791
-1.1600103041871899
-1.1402328648864324
-1.1210063704057256
-1.1002202994955583
-1.07918147819389
-1.0624404112161705
-1.0556570939037182
-1.0631617262308475
-1.0861702319180908
-1.1220806099007883
-1.1648870012942454
-1.2064870316148166
-1.2385075743943625
-1.2542176674999521
-1.250117986476292
-1.2268771290997138
-1.1894090811060445
-1.146036703764377
-1.106845998650395
-1.081488352661802
-1.0768160360492454
-1.094823007044639
-1.1313916575897593
-1.1762996047368492
-1.2148020805448878
-1.2308579887652178
-1.2116943683335664
-1.152887920697762
-1.0624665093460897
-0.9616812145959885
-0.8790537137919525
-0.8330475455795505
