Predicted value
-1.2522578431415616
-1.1574220297711901
-1.0642962216212957
-0.9590957187423375
-0.8327960599871017
-0.6804130754429047
-0.5003287912263249
-0.29366318664044533
-0.06369180369462177
0.1846907910132406
0.44546169205187947
0.7119144885493593
0.9770582452232347
1.2339706310481904
1.4761051955611684
1.6975527928039755
1.8932571529033697
2.05918460128863
2.1924479255466123
2.291384389914274
2.3555878974086966
2.3858952995945777
2.3843268539892084
2.3539808291049362
2.2988822571291
2.223785834241459
2.1339329685690913
2.0347629757787815
1.9315784223068881
1.8291646162266935
1.731363245753229
1.640600165385593
1.5573673296867405
1.4796588747007586
1.4023613470076235
1.3165980804154385
-1.1447727620254113
-1.0523324897388475
-0.9642254915096581
-0.8663841705835429
-0.7494970084701176
-0.60829007963504
-0.44085441855464713
-0.2480192391331177
-0.03277100648215056
0.2002816389368429
0.445397104808019
0.6961442180938705
0.9457997438054767
1.1877000514102294
1.4155469288770477
1.6236675443590678
1.807228555513821
1.9624043664608868
2.086499532377032
2.178025311728829
2.2367303661427584
2.2635856079127885
2.260723195145441
2.2313296745423377
2.1794932718202245
2.1100053297684807
2.0281158939441113
1.9392434460042183
1.8486387846759507
1.7610030543639419
1.6800599213952276
1.6080818979016418
1.5453708133396935
1.4896924336479365
1.4356652280418
1.3741032834459255
-1.039817968379904
-0.9487956172572949
-0.8646754548724987
-0.7731199934416517
-0.6645433572323245
-0.533394259515564
-0.37748483188044146
-0.19736530591112963
0.004255452773504226
0.22304355811779206
0.4535278648646328
0.6895418774283467
0.9246198064050101
1.152346772720271
1.3666631594146457
1.5621231110662992
1.7341071808513064
1.8789891252413928
1.9942568463391592
2.078587481850786
2.131876642696223
2.1552217982568544
2.1508598092606515
2.122058608304803
2.072963028015829
2.008394776847174
1.9336065625142878
1.853990363067177
1.7747398456004502
1.7004669326008346
1.6347725159321826
1.5797713184579547
1.535570903301182
1.4997048307419185
1.4665199627521663
1.4265179151682887
-0.9386251356362076
-0.8481305106725333
-0.7670488267406396
-0.6807855198890929
-0.5794928663313392
-0.45735442165765794
-0.3119153124096253
-0.14345838001710529
0.04557382290224701
0.2511111838809593
0.46794232957720117
0.6901550723877222
0.9115310046982745
1.1258942407715118
1.3274143062723756
1.5108631754309596
1.6718264558428582
1.806868720906992
1.9136529899009198
1.991014355693631
2.038987760095817
2.058789916847626
2.052755382243901
2.024226773396897
1.977399134136478
1.9171184485478026
1.8486343021464826
1.7773066906912287
1.708266976633978
1.6460329932074969
1.5940782961504727
1.554355563070086
1.5267741404420578
1.5086317382481889
1.4940002722513666
1.4730658539080723
-0.8422441461081576
-0.7514718968407501
-0.6725615647709816
-0.5906741337286383
-0.49571235014775733
-0.3816066245384918
-0.2456467853214892
-0.08785968502479607
0.08956734115672421
0.2828171644394558
0.4869276991665685
0.6962308871610493
0.9047458297162048
1.1065260672236517
1.2959610064387856
1.4680314953837348
1.6185195458877901
1.7441722037653227
1.8428195666311784
1.9134469493535562
1.9562211971443673
1.972471146287077
1.964622232502026
1.9360852469492351
1.8910992398686914
1.8345285718581148
1.771614112788206
1.707678588355378
1.64778607427197
1.5963556380939359
1.556729128686023
1.5306931133244288
1.5179549624369368
1.5155730819805386
1.5173412934565351
1.5131273615631144
-0.7515549691121766
-0.6597819968699485
-0.5822547226098393
-0.5039021109784455
-0.41438950599190627
-0.3074059947676861
-0.17999762361886568
-0.03194646651096314
0.13480445411873881
0.3166803941793382
0.5089582623819436
0.7062041423327868
0.9026649622638158
1.0926143124007681
1.2706524099687284
1.431960211835166
1.5725076747904538
1.6892161634658691
1.7800750058890769
1.844212196677093
1.8819192478667308
1.8946301873825264
1.8848547051421494
1.8560654467992928
1.812539455124044
1.7591537590207385
1.7011351101832954
1.6437638673880341
1.5920320284239726
1.550255409660604
1.521639973253164
1.5078023019853681
1.5082442217496381
1.5197815716648087
1.535927121831314
1.546227638723856
-0.667279209126896
-0.57386206190127
-0.49700597329597757
-0.4214201308968026
-0.3365444127502968
-0.23583821335546862
-0.11611512201799273
0.023076546433059175
0.18002736856597287
0.3513945769046269
0.5326839721242066
0.7186859828844038
0.9038658733000948
1.0827080980495025
1.2500148051198379
1.4011584861904227
1.5322887746532994
1.6404933912713129
1.7239132374736832
1.7818116362890533
1.814597720916023
1.8238039709311598
1.8120178961344966
1.782767868032506
1.74036309895856
1.6896877688308685
1.6359492995479006
1.5843807770212883
1.5398975208462105
1.5067078016092583
1.4878777058337826
1.4848501485627237
1.4969180335789218
1.520651561262909
1.5492796840881824
1.5720257097539614
-0.5899913239924645
-0.4943635789300197
-0.4175408027033327
-0.3440244570465579
-0.2630406995717596
-0.1678306720205225
-0.054986640878068815
0.0761660096500944
0.22414093229901613
0.38581711904262406
0.5569193510295232
0.732452796156283
0.9070917542782009
1.0755225500575518
1.232740573449313
1.3743014678243783
1.4965264657302464
1.5966618722891972
1.6729926962339443
1.7249104285807728
1.7529349689401579
1.758690699464862
1.7448367064355184
1.714951149483693
1.6733697784524293
1.6249785978942726
1.5749606792067792
1.5284971204055036
1.4904221535344728
1.4648323997141326
1.4546502718267862
1.4611415248395079
1.4833869537645397
1.5177082392571688
1.557047940851089
1.5903036378312425
-0.5201295131495536
-0.4217991466663725
-0.34444337302343797
-0.2723677883992478
-0.1945963845932831
-0.10416329953752795
0.0025495798294955796
0.1264291623261686
0.26620184492870125
0.4189583528095422
0.5806327270132635
0.7464354597699334
0.911240777445968
1.069928071132463
1.217677474871009
1.350219591516989
1.4640393662403552
1.55653410766389
1.6261256566389446
1.6723267026586643
1.6957612479086919
1.6981392189553526
1.6821852260713213
1.6515214701987746
1.6105047975500169
1.5640179018455953
1.517214674189893
1.4752197005842032
1.4427819070772876
1.423882352553413
1.421296169157872
1.436108650359987
1.467185486653586
1.5105971488949779
1.5589974192783882
1.6009560699488903
-0.45800627591805554
-0.3565530214357812
-0.27816705628753163
-0.20696978047892034
-0.13179438370554059
-0.04547905812439862
0.05579393651213599
0.17311335535985933
0.30540819862374496
0.44997108933643865
0.60293579877423
0.7597089195105123
0.9153556861067182
1.0649399434407398
1.2038182626728307
1.3278882048489866
1.4337907321418109
1.5190667667288613
1.5822678973084743
1.6230212332530773
1.6420484063999765
1.6411387204796308
1.623076448181404
1.5915222758568013
1.5508488958601847
1.505930746526972
1.461887899789317
1.4237840964292692
1.3962789289694195
1.3832341722010224
1.3872742613496034
1.4093009178780465
1.447961922927163
1.4990740383937422
1.555000075646085
1.6039801118770152
-0.4038186398154765
-0.29889133311907473
-0.21904463792836615
-0.14822723654564562
-0.07509268935811153
0.007705890130788873
0.10417530790749602
0.21559590969195114
0.3410893488186967
0.4781405017554553
0.6230735312591894
0.7714820971696454
0.9186137148403775
1.0597082612072526
1.1902906284944386
1.3064175255578718
1.40487842686621
1.4833506691192615
1.5405086955038998
1.5760874475874593
1.5908999048486119
1.586808771845724
1.5666523130226973
1.5341243351522902
1.4936083174169201
1.449965689126949
1.408278255076449
1.3735447685364486
1.3503316518856645
1.3423778648787104
1.3521539205517903
1.3803750487658712
1.4254685073873403
1.4829950411061414
1.5450244878913921
1.599465533084485
-0.35765805891501723
-0.24897197113225222
-0.16729819038170796
-0.09642396881872634
-0.02483421940439806
0.054992346803173664
0.1472412309950983
0.2533743045953982
0.37269611488219334
0.5028743382463671
0.640414381087713
0.781088128348564
0.9203168396849027
1.0535081932749535
1.1763474772652551
1.2850429288542164
1.376525221013154
1.448601096844808
1.5000611515793443
1.5307417622078332
1.541541164753216
1.5343896791787455
1.5121740819339147
1.4786161261378634
1.438105209400267
1.3954851892797084
1.3557953463795287
1.3239654950811626
1.3044652419149527
1.3009073915684468
1.3156055005321776
1.3490855783829203
1.3995519367044367
1.4623071856456966
1.5291263781165858
1.5875853016210852
-0.3195199822433573
-0.20685414044596873
-0.12304861672753259
-0.0517403297395973
0.018743664013767036
0.09608857062479137
0.18464840686831882
0.2860566959255909
0.399791310745518
0.5236934650434324
0.6544408519373205
0.787974930221539
0.9198823582780102
1.045730575624901
1.1613575321027825
1.2631155646982708
1.3480694220051503
1.4141484363229786
1.4602528433931712
1.486314249772569
1.4933102478444902
1.4832331784672563
1.4590130412602087
1.4243945525272
1.3837683508175698
1.3419563501246028
1.3039512407214646
1.2746101376346264
1.2583023767547599
1.2585114585851278
1.2773911396274438
1.3152756714052196
1.370144187124594
1.4370392359726427
1.5074394650531668
1.5685864489599668
-0.28931309221812485
-0.17250758764471397
-0.08632486437090975
-0.01426241327442307
0.05549996554181619
0.13080110093856578
0.21615353656667055
0.3133527643309326
0.42204060549147004
0.540222739402556
0.6647403798889353
0.7916960992596286
0.9168337999592133
1.0358728338565895
1.1447962691712235
1.2400933050368785
1.3189558337028204
1.3794291503725113
1.4205168106797794
1.4422396358024736
1.4456488652135995
1.432793457069935
1.4066415362381308
1.3709559899582868
1.3301242111450173
1.288941989325993
1.2523515492179647
1.2251337369402708
1.2115543538658236
1.2149646381095818
1.2373558936544975
1.2788682671149518
1.337253672137667
1.4072928614401035
1.4801666464863366
1.5427812648004156
-0.2668682131250625
-0.14582149702568775
-0.05707280876258658
0.016009073743616486
0.08538119764845298
0.15902591111260564
0.24160448686839123
0.3350648934237195
0.4392037139035374
0.5521822125287527
0.6709965487326396
0.791902138914727
0.9107921658321665
1.0235302356285838
1.1262371825004107
1.2155320210006977
1.2887270459804112
1.3439770801672088
1.3803828693816982
1.3980486253911764
1.398093716400854
1.382618505182554
1.3546243348408995
1.3178876622169795
1.2767883389294965
1.2360920400533948
1.2006868404359727
1.175273938650475
1.1640125285871656
1.1701188186818858
1.1954191987820884
1.2398575546503583
1.3009567301054126
1.3732341368005823
1.447571511639775
1.5105388218309226
-0.25194688963488693
-0.12661305673736606
-0.03516380715926115
0.039150270232342244
0.10841285162196163
0.180739891914806
0.26093178604333933
0.35107967791132993
0.4511259169753764
0.5593786624639219
0.6729806352337426
0.7883320172639241
0.9014674987873152
1.0083874730594649
1.1053433787650406
1.1890771900617292
1.257015054261617
1.3074150771500528
1.3394692559419943
1.3533595598758321
1.3502681584446994
1.3323417972652591
1.3026103215839768
1.2648593474208718
1.223457080350752
1.183135281921929
1.148724383712415
1.124842749023602
1.1155400822114219
1.1238949856549882
1.1515666643627203
1.198300778215947
1.2613894418499934
1.33508537217275
1.4099701835207217
1.4722768304525573
-0.2442496353598419
-0.11463569495776027
-0.020402922423548298
0.055305949438900326
0.12469119852682342
0.1959926648477579
0.2741404495661961
0.3613597616877164
0.45772991238059946
0.5616974569349253
0.6705434843591501
0.7808050546141683
0.8886507834848517
0.9902105750890743
1.0818595020242157
1.1604558331511479
1.2235332090157025
1.26944696490762
1.2974746015569811
1.3078704034681188
1.301874204891012
1.2816743034301619
1.250324521290947
1.2116154141634659
1.1698996277438527
1.1298714018930816
1.0963002224332492
1.0737186205813416
1.066064120020477
1.0762753316086366
1.1058421957248734
1.1543103722530041
1.2187397782027805
1.2931172729685452
1.3677234912253653
1.4284538234626525
-0.2434238514499456
-0.10958698611237472
-0.01253681686364766
0.06468163747839445
0.13437542012064024
0.20489872544396562
0.2813021357899728
0.3659360058852089
0.4590079949028678
0.5590947461619736
0.6636077144640438
0.7692131410672369
0.8722061762979791
0.9688391498000738
1.0556039884212922
1.129468781737446
1.1880684952139402
1.2298498310048107
1.2541702363892389
1.2613510598455524
1.2526848547627034
1.230396830789232
1.197560452819707
1.157967187618655
1.1159503980819634
1.076163385135768
1.0433115772728254
1.0218388677263626
1.0155680992814082
1.0272956967236102
1.0583404469255282
1.1080464265704135
1.1732400775134653
1.2476414297805754
1.321229472204546
1.3795616706987937
-0.24907141522893067
-0.11111622713185088
-0.01126131611269221
0.0675360618328199
0.13768006973136424
0.20762991652136636
0.28254763157982565
0.3648999868866192
0.45501456682629027
0.5515899856273171
0.6521602524388641
0.7535132840450136
0.8520635652164797
0.9441789566998046
1.0264616508440343
1.095983274864877
1.1504741417463462
1.1884666487798778
1.2093928237409368
1.213636018703101
1.202536751489627
1.1783526947624987
1.1441728127489563
1.1037856456055086
1.0615017414194234
1.0219302358477047
0.9897095793935449
0.9691924123202654
0.9640845872027339
0.977038339116265
1.0091996034630024
1.0597094814357824
1.1251598531194793
1.1990031382298325
1.2709162044897537
1.326118423643115
-0.26075593886987625
-0.11883168374931086
-0.01622864304780064
0.06417392981031106
0.13486786309483417
0.20440823139916037
0.27805966790717684
0.35839682429765596
0.4458589782861295
0.5392587888042455
0.6362451988166027
0.733720485775071
0.8282114597105912
0.9161948089624559
0.9943765935450731
1.0599258861522116
1.1106625607987257
1.1451992290997655
1.1630373241874636
1.164617332265108
1.1513231717987948
1.1254407203465608
1.090070489025001
1.0489944446133643
1.0064969792951335
0.9671400280370857
0.9354923336058328
0.915812859221848
0.9116883488509668
0.9256250351333781
0.9585944949500894
1.0095336526268774
1.0747989307757189
1.1475745487737066
1.2172349688794402
1.268661489986901
-0.27800969811053794
-0.13230750683739156
-0.027054321748818944
0.05493903696468805
0.12624279915261688
0.19549894707394516
0.26806606540414224
0.3466183388796443
0.4316986975798159
0.5222261098463916
0.6159570228403984
0.7099009507365611
0.8006902105551883
0.8849038056315403
0.9593454567226777
1.0212757807517945
1.0685986171900277
1.1000015020757545
1.1150502896713654
1.114237921757523
1.0989873445648997
1.0716085733433995
1.0352099045688585
0.9935632757872291
0.9509237730962452
0.9118032862645684
0.8806983114884163
0.8617719017856724
0.8584897650274779
0.8732105096073034
0.9067300377475046
0.9577800864433574
1.0224809160445762
1.0937481464743128
1.1606537410856366
1.2077411381554968
-0.3003402310083662
-0.15109031878497176
-0.04332375149675666
0.04020770547531588
0.11214361081015828
0.18120408735615848
0.2528332098782653
0.329796540442552
0.41273281143826357
0.5006597562373434
0.5914340874914422
0.6821656230664114
0.7695855596142728
0.8503688937826744
0.9214109910618252
0.9800583022689123
1.0242932276700005
1.0528731287394126
1.065423487556589
1.0624852138404353
1.0455160996211426
1.0168464215494983
0.9795886908436716
0.937501550873484
0.8948078223821605
0.8559666963455632
0.8254000744689042
0.8071730573209426
0.8046285801056624
0.8199761960714309
0.8538350075576392
0.9047307446788251
0.9685469916462768
1.0379305607271172
1.1016510138408735
1.1439143317935216
-0.32723660673522276
-0.1747054699135978
-0.06459845081191579
0.020382552487265837
0.09293754565523701
0.16185621596682337
0.23265985778755638
0.3081974456983225
0.38919585525749784
0.47476423140056057
0.5628525044771859
0.6506640539258265
0.7350225195857668
0.8126927606466667
0.8806559622355814
0.9363388896414654
0.9777972901771587
1.0038534426788508
1.0141878546430312
1.0093851070009174
0.9909338465303676
0.9611809259052719
0.9232396913824277
0.8808524181258955
0.8382068931688362
0.7997071460128304
0.7696983268646791
0.7521457325106844
0.7502679798284162
0.7661243269359548
0.8001561419786192
0.850682519553175
0.9133500447695246
0.9805367049498794
1.040709948965412
1.0777388942103896
-0.35817536441178693
-0.2026629649335942
-0.09042197153171377
-0.0041134115882153766
0.06901447663672639
0.13781255959460526
0.20787127167584085
0.282115226074514
0.36135197329058627
0.44477490726960056
0.530420319179861
0.615578598827099
0.697159583706616
0.7720120556929111
0.8371973853667884
0.8902173239799474
0.9291959430570531
0.9530157216352899
0.9614077811413954
0.9549962679061756
0.9352968833165042
0.9046695616047993
0.8662252952759857
0.8236871081719359
0.7812051761733952
0.7431260955393854
0.7137162988840927
0.6968396187912353
0.6955889990659148
0.7118723536239454
0.7459525730186698
0.7959416786052518
0.8572491243424523
0.9219842462318901
0.9783128593947774
1.0097680027861422
-0.3926261219816588
-0.23446305943987672
-0.12032548292820083
-0.03284235481292791
0.04078134270366365
0.10944946091317115
0.17881368556841187
0.251866685488245
0.32948940879987665
0.4109525268186474
0.49437202556529847
0.577118944920723
0.6561832654181959
0.7284919426730876
0.7911810894500568
0.8418223053677287
0.8786031542408494
0.9004617890599277
0.9071757246083535
0.8994047577170013
0.878688035156313
0.8473952691658633
0.8086321006214069
0.7660996098394065
0.7239079750190427
0.6863442783217055
0.6575944595879675
0.6414194176920383
0.6407852595337014
0.6574476966677304
0.6914905895707901
0.7408186395458163
0.8006042282638788
0.8626884049435242
0.9149360211676038
0.9405450133375775
-0.4300568551251534
-0.2696015264474527
-0.15383302586527053
-0.06535686550063866
0.008656919404624236
0.07715716155885743
0.14584910032798962
0.21778606808044643
0.2939153241695414
0.3735780365533498
0.4549634110520615
0.5355169682428177
0.6123029679920281
0.6823209816251691
0.7427766117340651
0.7913063596216505
0.8261566403842127
0.8463169456311177
0.851607153842017
0.8427189883615352
0.8212116230314414
0.789461435460298
0.7505659079305964
0.7082016759433701
0.6664367244002917
0.6294967314232491
0.6014855598114065
0.586059896135744
0.5860580374710813
0.6030828257655798
0.6370387298477299
0.6856230750708172
0.7437714205948709
0.8030570843060956
0.8510448153737805
0.8705986144446941
-0.4699388462127883
-0.30757459296661904
-0.19046643699556126
-0.1012048640356906
-0.026933080552597438
0.04133491506864295
0.10935040897098777
0.18022019591042054
0.2549509509784289
0.3329477489619639
0.41246673134087924
0.4910219209228548
0.5657461841157991
0.6337063408377346
0.6921724220641647
0.7388410750129217
0.7720131159664968
0.7907252307318516
0.7948358227377103
0.7850650087693356
0.7629887623407832
0.7309872047046407
0.6921470434992462
0.6501181590333888
0.6089243382084922
0.5727281560782771
0.5455500050459078
0.530941271698618
0.5316116612798214
0.5490106697986996
0.5828632037772756
0.630659347634966
0.687098278710617
0.7434863299220194
0.7870892000629077
0.8004383117374383
-0.5117513032984686
-0.34788354661785004
-0.22974994299705664
-0.13993418473130975
-0.06556057678099991
0.0023864297784297883
0.06969685194408579
0.1395239366107056
0.21292707003322087
0.2893688349268034
0.36716621520439013
0.44389594835169344
0.5167540254396892
0.5828693387745891
0.639571477185293
0.6846126689483241
0.716343872350243
0.7338450138875485
0.7370093741040546
0.7265821210657509
0.7041529914731465
0.6721031194110924
0.6335060127360881
0.5919826771010677
0.5515108876176686
0.5161886081559827
0.4899515582817862
0.4762449278312544
0.47764923912315604
0.4954603568085294
0.5292236453578408
0.5762222741856238
0.6309196704125994
0.6843561192652818
0.7234995121130582
0.7305502421427573
-0.5549856491523599
-0.390039012286382
-0.2712144248493742
-0.18109682772760222
-0.10679936073408089
-0.039284358318371376
0.027269802361107973
0.0960560010022472
0.1681798213618962
0.243155146095996
0.31935389923719043
0.39440993630992166
0.4655770820830058
0.5300413159596901
0.5851871050051924
0.6288178846117222
0.6593306868009821
0.6758449161641521
0.6782852734393547
0.6674188267266025
0.6448462303402255
0.6129470912987827
0.5747794834524522
0.5339336092479059
0.4943396091306628
0.4600295185849264
0.4348533728109023
0.4221494590395975
0.4243687164851017
0.4426532839343497
0.4763691949743656
0.522593220856989
0.5755538610010806
0.6260264811322148
0.6606825990598449
0.6613933180919591
-0.5991494803334598
-0.4335648988164898
-0.31440135214975073
-0.22425288092924625
-0.15022900526523641
-0.08327718275194623
-0.017551118799791016
0.05017507066987609
0.12104684416750108
0.19462336721554624
0.2693257925661894
0.342839688056504
0.41247161210112254
0.4754598368223786
0.5292392188179337
0.5716602175658831
0.6011620614673452
0.6169000615265308
0.6188270726682951
0.6077291026931704
0.5852150688698818
0.5536607021653425
0.5161065991121316
0.47611042131345455
0.4375532425855832
0.40440004373777894
0.380414354989696
0.36882704602626804
0.3719592636900752
0.3907995173111924
0.4245349116745201
0.4700365276245965
0.5212989503078904
0.568833945052577
0.5990182808857947
0.5933957016883806
-0.6437701963018592
-0.47800201574545803
-0.35886638746871924
-0.2689741119828779
-0.1954384442268545
-0.12919901379687995
-0.0643915975386344
0.002236255498093087
0.07186374674222594
0.14408949842170465
0.21737837152127104
0.289462431377736
0.35769606091272754
0.41936522150292077
0.4719508614877493
0.5133464723145986
0.5420297923214805
0.5571886581571897
0.558801003838941
0.5476690074474894
0.5254073854597302
0.49438583471878267
0.4576256220415527
0.41865032146377934
0.3812906991225621
0.3494437457763691
0.32678585696252804
0.3164401607921973
0.3205979933828203
0.34009452192806
0.3739385154052154
0.4187962629201205
0.46842963968952256
0.513088320660945
0.5388561417700295
0.5269516088353589
-0.6883982985707
-0.5229113600772437
-0.4041826607454831
-0.31484723029417017
-0.2420292221091012
-0.17666729573265025
-0.11288585171582531
-0.04741211883284105
0.02096090634178882
0.09186566749364297
0.16380540426626225
0.2345536555965037
0.3015079106873751
0.361997407618351
0.41354507959317016
0.45408364882511565
0.4821258680597751
0.49688890973528316
0.498372902780046
0.48739361704794626
0.46556929539103087
0.4352616333696792
0.3994709066002535
0.3616852457402309
0.3256840591108167
0.29529560295703944
0.2741086993453273
0.2651386016985661
0.27044700796863963
0.29071622144645004
0.3247774592094212
0.36909330820648284
0.41719432898053643
0.4590698070284034
0.4805126517982525
0.4624184433245126
-0.7326103598978246
-0.5678770730958345
-0.4499437137229773
-0.3614768190846068
-0.2896184137184016
-0.22531285414381444
-0.16267952597404164
-0.09843139339050835
-0.031339400979875615
0.03825727206643679
0.10889510539020711
0.1783842785418517
0.2441608596933457
0.30359314198862497
0.3542421275314706
0.39407615901087417
0.42163969896388476
0.43617625667593807
0.43770546271866606
0.427054291125189
0.405842429202889
0.3764217949836648
0.3417702023116679
0.3053391735685214
0.2708559000360192
0.2420793498963067
0.2225105238695444
0.21505685848905204
0.2216507770139337
0.24282238797918665
0.2772263313832886
0.32112277251327065
0.3678125434072666
0.4070264319545494
0.42426861863304444
0.4001142608843265
-0.7760116635171199
-0.6125090672183007
-0.4957661144226311
-0.40848793748794615
-0.3378412138956124
-0.27478247325989236
-0.21343225669982524
-0.15049512857362896
-0.08472554057561922
-0.01643954819564606
0.0529276204589483
0.12121814347885637
0.18590233160581185
0.2443835023230782
0.294257001583419
0.3335233731745495
0.36075567572207035
0.3752209473298817
0.37695581785808074
0.36679626883833844
0.3463615410267603
0.31799218959422654
0.2846422869542157
0.24972577322810788
0.21691695434797167
0.1899051477968307
0.172103475986413
0.16631180727238143
0.17433384460704604
0.19654836182955737
0.23143458759358165
0.2750517369324583
0.3204726904618372
0.3571718212197998
0.3703669691444596
0.3403155631890451
-0.8182385124095528
-0.6564453228875382
-0.5412917416588175
-0.45552839268638295
-0.38635319727389067
-0.32474114333493925
-0.264819907024864
-0.20329132673505274
-0.13889872944977855
-0.07194010946555085
-0.0038271594729859595
0.06330984599880526
0.12697131477531035
0.18459174886719007
0.23379730393833478
0.27261749641140254
0.29965105821083854
0.31418593914337617
0.3162734569160197
0.30675659479150846
0.2872524468812628
0.2600888110758113
0.2281949296126995
0.19494637728188074
0.16396409726858815
0.13886758463368798
0.12298221743151516
0.11900073546518962
0.12859886667941517
0.15200510119075888
0.18752461295541276
0.2310173290744369
0.27533014673648315
0.3096832977980035
0.3190108610009352
0.2832554218278697
-0.8589602086139039
-0.6993538555047083
-0.5861897395929999
-0.5022706820864004
-0.43483224807625354
-0.37487397806681605
-0.3165364718669682
-0.2565243248444415
-0.19357491654256576
-0.12797305165953426
-0.06111145339018784
0.004902890869683846
0.06759653145652109
0.12443150600965557
0.17306143667945262
0.21154177497293558
0.2384941942368918
0.25322512977845946
0.2557984666231966
0.24706237491063177
0.22863029292729578
0.20281605777723546
0.1725231836900084
0.14108828796616024
0.1120786645601826
0.08904400530095277
0.07522226874965544
0.07319969669518535
0.0845249782870321
0.10927756180564616
0.14559011407028627
0.1891251274843491
0.2325056747181795
0.2647003110293642
0.27036212422050315
0.22912193223446697
-0.8978807025771894
-0.7409343524013688
-0.6301581423275724
-0.5484136055343192
-0.4829801599528334
-0.42488780205615073
-0.3682956530107399
-0.3099163571906465
-0.24848633305415282
-0.18428187638295662
-0.11868111588386952
-0.05377182115303185
0.007994936997352299
0.06410527384976282
0.11223712572959203
0.1504690325908552
0.17744306823938272
0.19248191819349322
0.19566010518214894
0.18782936228059227
0.17059815368346393
0.1462653431154029
0.1177080098791275
0.0882234125409986
0.06132510025406394
0.04049317171858419
0.028878681780040542
0.028962195664623804
0.042166490852205515
0.06842340658678986
0.10569484102444754
0.14944789601873143
0.19208416954357346
0.22232319575366394
0.22454003268230976
0.17805699757677673
-0.9347399125447797
-0.7809194798513002
-0.6729251685393913
-0.593683547571535
-0.5305239058578257
-0.4745124083049931
-0.41983210422793593
-0.36320878812377944
-0.3033827128084502
-0.2406261549157676
-0.17630683275905654
-0.1124971765552761
-0.05162945101166791
0.0038032697250772237
0.05150027475713434
0.089560536761341
0.1166441799524755
0.13208809568401653
0.13597570568638437
0.12916087294266396
0.11324596020180913
0.09051403612932879
0.0638152290954542
0.03640722860078849
0.011749934339436961
-0.006745747100380346
-0.016014957898235135
-0.013681797025915224
0.0015519193656324537
0.02947204519684017
0.06787163934753934
0.11202464818246302
0.15411373571422782
0.18261226140380016
0.18162040559844062
0.13015544260713352
-0.9693147139902112
-0.8190758601220225
-0.714250186153002
-0.637835429729454
-0.5772165779661305
-0.5235014857551654
-0.4709023464375247
-0.4161630148369765
-0.35803218265657855
-0.2967824062376857
-0.23377498668147487
-0.17107070233298777
-0.11108639362769335
-0.05629740030056805
-0.008985850957694523
0.028965194989621225
0.05623175302821414
0.07216306688390615
0.07684990949983356
0.07114703165225623
0.05664975820384813
0.03562473199446959
0.01089480536942104
-0.01432192065482157
-0.036618909587389926
-0.052653855022324954
-0.05944719856039658
-0.05472650009344254
-0.03731666045122442
-0.0075759964108039896
0.03212183193156412
0.0768600414260196
0.1186050937721658
0.14558721105962202
0.14163503894605417
0.08546445747268944
-1.0014195990846904
-0.855204718566011
-0.7539243470535602
-0.6806533328641218
-0.6228379976296874
-0.5716332168663036
-0.5212853529054366
-0.4685610401878552
-0.4122218229200337
-0.352544645093071
-0.2908881928641309
-0.22930508930039842
-0.17019994148555537
-0.11603323998877507
-0.06907111069623452
-0.031180919005145413
-0.0036727263803034184
0.012813400726843574
0.018374229596609584
0.013864347596965625
0.0008712961769166147
-0.018355147502640265
-0.04101954130057554
-0.06394320118970587
-0.08377247671349083
-0.09723287880524867
-0.10142905996988946
-0.09419064682816773
-0.0744639250234527
-0.04274937649101779
-0.0015850690898478181
0.043924101403035126
0.08553131693572671
0.11122689046207951
0.10457146685981888
0.04398337148614462
-1.0309070062062935
-0.8891422007516001
-0.791770891839444
-0.7219507895305427
-0.667194995373505
-0.6187105452335949
-0.5707828044840073
-0.5202057155596678
-0.46575789787354593
-0.40772460009549133
-0.3474655047935857
-0.28702838543801357
-0.2288086157674518
-0.17525453151797785
-0.1286186445144958
-0.09075470912468128
-0.0629606410754445
-0.04586728863191191
-0.03937305613892651
-0.04262437992506603
-0.05404205656918002
-0.0713934235294452
-0.09191039213493933
-0.1124533329397333
-0.12972081343950187
-0.14050518815065288
-0.14199404105197452
-0.13211748038880175
-0.1099412858397
-0.07610590804566886
-0.03331132050186278
0.01315227618816947
0.054827897695725325
0.07946936698767385
0.07037305298465935
0.00566375685678655
-1.057667319488858
-0.9207593596335828
-0.827645124614562
-0.7615707463966943
-0.7101213609313822
-0.664561113245206
-0.6192190148911156
-0.5709206537621435
-0.518465756267632
-0.4621516018719826
-0.40334228999592225
-0.34408385928028795
-0.2867652592123294
-0.23382517411453196
-0.18750469949595597
-0.14964587076609517
-0.1215360443112541
-0.10379813093344337
-0.09632668165179342
-0.09826982586648692
-0.10805706188520955
-0.12347289981211895
-0.14177635679933248
-0.15986630466093307
-0.17449266984949402
-0.18251348579512153
-0.181197797607016
-0.16857441913755225
-0.1438265424088773
-0.10773219940202686
-0.0631505762085612
-0.015554179544717217
0.02639314437191781
0.05021233858321755
0.03893941178880661
-0.029590137618166368
-1.0816285384105686
-0.9499618127635056
-0.8614340578203532
-0.7993851966972378
-0.7514774633213249
-0.7090368697794079
-0.6664405260290143
-0.6205498119720296
-0.570189401890842
-0.5156721412470024
-0.4583697758424072
-0.40032953334299404
-0.3439365571649605
-0.29162219272349926
-0.24561812604405192
-0.2077563747360812
-0.17931513132936197
-0.16091045897279027
-0.15243383949571115
-0.15303557383176453
-0.16115403480524984
-0.17459077228000885
-0.1906314706708272
-0.20621275881735399
-0.21813487222054026
-0.22332016764159565
-0.21911749006346323
-0.20365239201481344
-0.17622320525655571
-0.137742964830869
-0.0912271854727509
-0.042327490384084565
8.890762977528666e-05
0.023313872660899126
0.010127159837158117
-0.06192062290191552
-1.1027556174222348
-0.9766890695396535
-0.8930557271074828
-0.8352944827269178
-0.7911495409606548
-0.7520133479413929
-0.712315373342854
-0.6689567447133214
-0.6207907341716973
-0.5681490974660768
-0.5124142653948445
-0.4556373875902846
-0.40020222866471244
-0.3485349167191243
-0.3028595442143643
-0.2649996212048109
-0.23622538093458173
-0.21714693779625593
-0.20765329765211607
-0.20689722051790788
-0.2133259356091185
-0.22475770874977322
-0.23850426214375078
-0.2515390465086167
-0.2607113655719754
-0.2630063529303412
-0.2558508012705261
-0.23746484395354822
-0.2072594889610569
-0.16628000520427708
-0.11769516119547217
-0.06733231608192436
-0.024258363042435782
-0.0014065250463440038
-0.016249002975060378
-0.09151547610612498
-1.121049475615267
-1.0009135284967323
-0.9224581762472288
-0.8692262683736587
-0.8290486618208122
-0.7933886128397832
-0.7567320212189023
-0.7160235268771893
-0.6701484588203254
-0.6194606364591411
-0.5653560232906245
-0.5098922329414477
-0.4554538875740107
-0.4044638286550051
-0.35914018008649556
-0.32129926369951933
-0.2922043671102048
-0.27246036393840817
-0.261954186388869
-0.2598411501948833
-0.2645771319244963
-0.27399659864921233
-0.2854364899752241
-0.29590595243716006
-0.30230192625435004
-0.3016705844496099
-0.29151462433054365
-0.27014641133336503
-0.23708697522923702
-0.1935108586931294
-0.14273681823519574
-0.09076437749466781
-0.04685623289626975
-0.02416651166914749
-0.04041488222832229
-0.1186065169186572
-1.1365456764293398
-1.02263914463524
-0.9496181120825634
-0.9011341816913536
-0.8651093536218541
-0.8330818794028377
-0.7995979684224545
-0.7616493467815968
-0.7181566685097862
-0.6694987791435739
-0.6170878316674651
-0.5629902548173565
-0.5095935737464957
-0.4593190830539583
-0.4143803721756428
-0.37658770313778445
-0.34719824067298716
-0.3268121346987744
-0.3153144551586578
-0.311862979225725
-0.31492183086874526
-0.3223409727807938
-0.3314815506703946
-0.3393870899151815
-0.34300054457807794
-0.33942719878599475
-0.32624342047104676
-0.3018512674742879
-0.2658789460119644
-0.21962712150428587
-0.16656108176671724
-0.11284875256378528
-0.06794456552540762
-0.04521917842573614
-0.06263504782452395
-0.14346785407100443
-1.1493127773997538
-1.0418997667905363
-0.9745392295189294
-0.9309961275123471
-0.8992879040666419
-0.8710318002343473
-0.8408380235754387
-0.8057487692706138
-0.7647230935970907
-0.7181676397669257
-0.6675132161278479
-0.6148372267266123
-0.562531954234874
-0.5130186952375765
-0.46850774788386246
-0.43080425190050026
-0.40115988096783034
-0.38017038745822923
-0.3677189995370929
-0.3629656706263372
-0.3643821812304182
-0.3698330931248701
-0.3767025559073611
-0.38206696591126965
-0.3829134774817767
-0.37640436661447796
-0.36018724695651405
-0.3327511381702197
-0.29382838665929
-0.24484243865746652
-0.18940146567974148
-0.13383784233607948
-0.08779347650765953
-0.06485099188563193
-0.08321076287239948
-0.16641380184541232
-1.1594503499444875
-1.0587571450416031
-0.9972502065547066
-0.95881227009961
-0.9315603311147267
-0.9071944235092273
-0.880392250673716
-0.848249668853423
-0.8097670228839178
-0.7653813342893392
-0.7165443417431456
-0.665346393891381
-0.6141861945384615
-0.5654864001954801
-0.5214550699910298
-0.4838929679445433
-0.45404671760215504
-0.43250780903507685
-0.41915745820049655
-0.413157318664992
-0.4129860456904645
-0.41652171268259097
-0.42117008000179434
-0.4240387161367319
-0.42215697124030266
-0.41274180302817337
-0.3935094550398217
-0.36303298726209954
-0.32114565911531334
-0.26939016480182376
-0.2115137210171639
-0.15400900702367404
-0.1067009570866583
-0.08337940527305579
-0.10247758261263348
-0.18779646662169647
-1.167086669190946
-1.0732986081594986
-1.0178023693513762
-0.9846026858386114
-0.9619200232959261
-0.9415408209088021
-0.9182135846440707
-0.8890908328830193
-0.8532168944170183
-0.8110615588056649
-0.7640995790974465
-0.7144360269129221
-0.6644774998904208
-0.6166491814942623
-0.5731577531854911
-0.5358001589551332
-0.5058182222199691
-0.48379911508082535
-0.46962167994338544
-0.46244860350151856
-0.46076444308312614
-0.46245950535850866
-0.46495957741124866
-0.46540151017161413
-0.4608546542124788
-0.44858814790776186
-0.42638405795338585
-0.3928963722507528
-0.3480558451527389
-0.29352069507220785
-0.23317315445304215
-0.1736618721036931
-0.12499016789324985
-0.10115013981002505
-0.12080262338266157
-0.2080030034637555
-1.1723760738424005
-1.0856344110955058
-1.036267027343375
-1.0084046859688796
-0.9903750500635945
-0.9740543855957828
-0.9542651169408973
-0.9282192347746036
-0.8950075563283185
-0.8551348380072689
-0.8101007403710686
-0.7620266454768133
-0.7133283265846933
-0.6664344702261269
-0.6235510506344102
-0.5864715565378853
-0.5564330703156286
-0.534018199515656
-0.519102860735647
-0.5108499158661874
-0.5077486606965306
-0.5077001658828765
-0.5081484702791694
-0.5062576266304155
-0.4991345996285157
-0.48409801633062033
-0.45899276894000013
-0.42255046994943657
-0.3747957596471298
-0.3174984659851265
-0.2546716168102643
-0.19311530445763617
-0.1430064027065726
-0.11853413609914118
-0.13858150162116772
-0.2274525427457732
-1.1754959960841236
-1.0958947525089746
-1.0527324783876453
-1.0302698093552607
-1.016945142187589
-1.00472780022894
-0.9885170511825805
-0.9655869772636696
-0.9350771977147135
-0.8975294436835363
-0.8544699854637707
-0.8080379120978679
-0.7606592633426231
-0.7147670139972229
-0.6725669105938087
-0.6358491604505597
-0.6058459730872936
-0.5831349540035864
-0.56758835081941
-0.5583681517782891
-0.5539670366129759
-0.5522951797736424
-0.5508129060185933
-0.546709198367496
-0.537126058417128
-0.5194287190196449
-0.4915217093233655
-0.4522107721760762
-0.40161063389085183
-0.3415986263743979
-0.2763141616179091
-0.2127040585504465
-0.16111372225483497
-0.13592417554607483
-0.1562349429122783
-0.24659278681811841
-1.176643661529214
-1.1042264623348559
-1.0673006839528767
-1.0502604852988668
-1.041658342186925
-1.0335596750174687
-1.020943328827566
-1.001147905703784
-0.9733639495575553
-0.9381719832630652
-0.8971263981576546
-0.8523851959047446
-0.8063855827192753
-0.7615654159556673
-0.7201305030582983
-0.6838677528745004
-0.6540041793300748
-0.6311117574673246
-0.615058131845607
-0.6050031773044034
-0.5994414120889078
-0.5962902633381342
-0.5930241849355412
-0.5868546277221773
-0.5749558620723417
-0.5547366528317664
-0.524157786618314
-0.4820954514851971
-0.42875046894671237
-0.36610337836649653
-0.2984153737082988
-0.23277509264927204
-0.17969125805578304
-0.15373117182174026
-0.1742050610694405
-0.26589627671293503
-1.1760324592041227
-1.110789359390932
-1.0800836143484445
-1.0684463663877228
-1.0645473248021289
-1.0605508558150474
-1.0515179248901305
-1.0348538914040615
-1.009802155681835
-0.9769836583945565
-0.9379822323197619
-0.8949758064642519
-0.850413462549448
-0.8067383438592662
-0.7661564164505081
-0.7304510827257709
-0.700843647368877
-0.6778996356428204
-0.6614809640502319
-0.6507439633563643
-0.6441832539745932
-0.6397214737144389
-0.6348448578921052
-0.6267846718035373
-0.6127444955599977
-0.5901733612861609
-0.5570847426807265
-0.51242139693955
-0.4564660590412937
-0.3912979883955938
-0.3212953678537481
-0.25368355508192025
-0.19912918629686466
-0.17238013236416683
-0.19295130725900494
-0.2858563288894294
-1.173887981573864
-1.115752279024738
-1.0911992639930372
-1.0849003313871017
-1.085645387507284
-1.0857004022535908
-1.0802108136958382
-1.0666507850063311
-1.0443183137550567
-1.0138761935673974
-0.9769388281443645
-0.9357048976453461
-0.8926358774333777
-0.8501804091829277
-0.8105445243502052
-0.7755077200059816
-0.7462848870309344
-0.7234340906735077
-0.7068102034702914
-0.6955643905289198
-0.6881894471734858
-0.6826109889524775
-0.6763244940092308
-0.6665781978148995
-0.6506018402639469
-0.6258812651321531
-0.5904788718971429
-0.5433999199214292
-0.48500468499797844
-0.41746646825829137
-0.3452754574430043
-0.27578844053500795
-0.21982437175508424
-0.19230578992006284
-0.21294608916349533
-0.3069826420188478
-1.1704437346069252
-1.1192887708001773
-1.1007673367229824
-1.099694158169556
-1.1049821110617677
-1.1090012359166952
-1.1069836046766963
-1.0964740399019983
-1.076826686325808
-1.0487474347719368
-1.0138821984349489
-0.9744510415228231
-0.9329281602621375
-0.8917677162657677
-0.8531755222631086
-0.8189265801928113
-0.7902284716580386
-0.7676306007442405
-0.7509792891994475
-0.7394187239770809
-0.7314377571412841
-0.7249625581347704
-0.7174951184091894
-0.7062976084180133
-0.6886225869719393
-0.6619890629568127
-0.6245044094140673
-0.5752321299836841
-0.514605477709669
-0.44488692620804815
-0.37067349319738274
-0.29944791639180174
-0.24217568175655305
-0.21394790412607229
-0.23467006018457187
-0.32979657380914823
-1.1659365178798684
-1.1215724662238329
-1.108904601140262
-1.1128938666846429
-1.1225786901016832
-1.13043545855278
-1.131784848206003
-1.1242440056886005
-1.1072245819020214
-1.0814766181994553
-1.0486782849258924
-1.011071472320703
-0.9711432337827309
-0.9313530814979102
-0.8939061344293971
-0.860572118670223
-0.8325502201584629
-0.8103797897549248
-0.7938969006833562
-0.7822367583331696
-0.7738819624246861
-0.7667566215368979
-0.7583663199977483
-0.745983937136931
-0.7268813189012082
-0.6986068018322454
-0.6593085894069662
-0.6081039807404257
-0.5454944516512013
-0.47382658808930106
-0.39779887192659436
-0.32501431910975587
-0.2665789701757326
-0.23774623312972554
-0.2586070786856922
-0.3548260878693683
-1.1606014747216262
-1.1227721165109685
-1.1157199160002236
-1.1245547319683418
-1.1384429337709876
-1.1499693403279185
-1.1545450114728866
-1.1498608916660535
-1.1353873060689297
-1.1119193089818278
-1.0811678846438355
-1.0453970003953077
-1.007106512202877
-0.9687609225469805
-0.9325639906719094
-0.9002791951983715
-0.8730960490985769
-0.8515422670338397
-0.8354417850546985
-0.8239186326635553
-0.8154466572398337
-0.8079451008276545
-0.7989200292860298
-0.7856516138015761
-0.7654272647637458
-0.7358206180025766
-0.6950163733889593
-0.6421809857974252
-0.5778792084314506
-0.5045364885112795
-0.42694721532426755
-0.35282882063773985
-0.29342173147437184
-0.2641351752500843
-0.2852388372744611
-0.3826003706136825
-1.1546668123974908
-1.1230463003912265
-1.1213089256389848
-1.1347159671921676
-1.1525639363923088
-1.167547978118367
-1.1751711243965397
-1.1731994003725938
-1.1611627826467164
-1.139902009970883
-1.1111612463087448
-1.0772265962580347
-1.0406104728354897
-1.0037818176242939
-0.9689421732840398
-0.9378476084232066
-0.9116764948341576
-0.8909431370906574
-0.8754572545079056
-0.8643293154650891
-0.856021724090454
-0.8484458593088959
-0.8391049662520679
-0.8252829000310054
-0.8042787218712735
-0.7736871476106296
-0.7317248485592054
-0.6776026047222062
-0.6119433103851324
-0.5372458320615129
-0.4583947188031639
-0.383215764872962
-0.32307742478013624
-0.29353808067807896
-0.3150391621246767
-0.4136441182051566
-1.1483481923327972
-1.1225378019540182
-1.1257484254405303
-1.143395076751973
-1.164906418177459
-1.1830896238427837
-1.1935410955801502
-1.1941030311604166
-1.184365844887858
-1.165216440557451
-1.138432336774673
-1.1063216446378212
-1.071408897782852
-1.036166734790734
-1.0027934339573263
-0.973036300425768
-0.9480609056813919
-0.928366179409153
-0.9137453537135776
-0.9032927597012288
-0.8954564764256927
-0.8881368321950819
-0.8788307582420566
-0.8648219947563657
-0.8434171492799054
-0.8122276074642967
-0.7694972961909807
-0.714476299053833
-0.6478403242042967
-0.5721560245590318
-0.49239217037008715
-0.416476674157586
-0.35589946800493377
-0.3263612332165414
-0.34846798233807064
-0.4484714935391942
-1.141842790376298
-1.1213676585336056
-1.1290903973435045
-1.1505818793964504
-1.1754047359776423
-1.196479682834143
-1.2094976983045185
-1.212378053811001
-1.2047721967141614
-1.18761348553011
-1.1627127775102086
-1.1323998685833043
-1.0992107856604814
-1.0656209313023286
-1.0338240807487316
-1.0055572313111756
-0.9819713041275737
-0.9635476982796084
-0.9500606972725942
-0.9405857278778587
-0.9335534713376404
-0.9268498269325075
-0.9179617279112917
-0.9041688097835437
-0.8827809309745059
-0.8514215458426032
-0.8083569300594516
-0.7528712583523878
-0.6856875346095141
-0.6094343743472639
-0.5291586395404849
-0.45288392581504056
-0.39221490200293063
-0.36298750205992836
-0.38596496934573954
-0.48757975326667674
-1.1353230271032346
-1.1196288786338826
-1.1313557153876952
-1.1562322013953232
-1.1839565640733531
-1.2075643822513429
-1.222842226561376
-1.2277871521901351
-1.2221120439934925
-1.2067968139736212
-1.183685451118623
-1.1551289236046736
-1.1236739333606915
-1.091797522995518
-1.0616875350876196
-1.0350689238373123
-1.0130759190814946
-0.9961700426709106
-0.9841039772099216
-0.9759312871588024
-0.9700619922985542
-0.964363993558234
-0.9563103512048061
-0.9431724153955087
-0.9222588090927406
-0.8912002633414666
-0.8482803049091404
-0.7928117962881457
-0.7255593280607582
-0.6492074636266211
-0.5688748362927456
-0.49267409872602375
-0.4323177247682639
-0.40376966361374134
-0.4279428463492711
-0.5314425448567963
-1.1289299681580995
-1.1173798298928408
-1.1325275213002117
-1.1602612397472305
-1.1904162450039704
-1.2161441095305074
-1.2333278211263918
-1.240042737942632
-1.2360633958562017
-1.2224161682070627
-1.2009777778977069
-1.1741196618552165
-1.1443981878558458
-1.1142907237121138
-1.0859775588224247
-1.0611696780831992
-1.040982388163528
-1.0258547961423439
-1.0155151405081104
-1.0089919745210298
-1.0046712019377704
-1.0003989650987097
-0.9936303853777007
-0.9816241559943494
-0.9616829871888196
-0.9314399037591482
-0.8891903949610839
-0.8342704167704421
-0.7674802465079786
-0.6915541898267826
-0.6116761400621873
-0.536040989944199
-0.4764618956724448
-0.4490233933536383
-0.47478036780156485
-0.5805028736995854
-1.1227663946370945
-1.114637297086739
-1.132544270121359
-1.1625365954273095
-1.194587810437044
-1.2219664208759782
-1.2406524656718743
-1.2487999342267384
-1.2462450360512403
-1.2340603227616525
-1.2141546624393051
-1.1889190663525597
-1.1609183680413029
-1.1326287547639573
-1.1062211513070113
-1.0833904561570666
-1.0652306300354049
-1.052155636795074
-1.0438662366804894
-1.0393626319495572
-1.037002964858314
-1.0346076680080856
-1.0296096670551644
-1.0192504357830046
-1.0008219035369366
-0.9719542150213984
-0.930949342459688
-0.8771605501162311
-0.8114177111813701
-0.7364984770186699
-0.6576452987747414
-0.5831283013515864
-0.5248540097414578
-0.4990199277242392
-0.5268149689273444
-0.6351657402481343
-1.1168895435102804
-1.1113692101739585
-1.131292445870201
-1.1628709766744652
-1.1962176720772761
-1.2247187197910068
-1.2444516529191705
-1.2536492294882384
-1.2522091643419706
-1.2412497133982683
-1.2227111102685417
-1.1990028552396008
-1.172696856618061
-1.1462664244372658
-1.121871116526734
-1.1011874369441188
-1.0852853867696892
-1.0745508672633286
-1.0686539353840516
-1.066562911672041
-1.0666043404931993
-1.0665688026462234
-1.0638625803321944
-1.0557051744866879
-1.0393726744744003
-1.0124869801462961
-0.973350876259273
-0.9213289592583427
-0.8572744164213352
-0.7840016573661167
-0.7068047979203296
-0.634021996353648
-0.5776456419725527
-0.5539783960776269
-0.5843350852833655
-0.6957904472005094
-1.1113035180834199
-1.1074870423785539
-1.1285989472498204
-1.1610145723183398
-1.194986982615197
-1.224020605648132
-1.2442907208307508
-1.2541088012742514
-1.253433707941672
-1.2434287361646568
-1.2260645145227382
-1.203767756085138
-1.1791158620150894
-1.154577377536675
-1.1322983002641842
-1.1139342408939892
-1.1005284362589371
-1.0924356147452665
-1.0892917140720335
-1.090029451433065
-1.0929397460014243
-1.0957789937963984
-1.0959221949130027
-1.0905619331140033
-1.0769532077844588
-1.0527041182487813
-1.016112400450314
-0.9665478159934272
-0.9048803935481361
-0.8339545226172311
-0.7591088996659335
-0.688742326614063
-0.6349253616907293
-0.6140578226515377
-0.6475721423583156
-0.7626825767213583
-1.1059513684995188
-1.102837878313501
-1.1242231433922714
-1.1566470951459722
-1.190503666715529
-1.2194158922992595
-1.2396568588419945
-1.2496165100867198
-1.2493143029887372
-1.2399577164923437
-1.223546612670028
-1.2025234502241868
-1.1794693503513582
-1.1568460149689748
-1.1367834973046351
-1.1209138248478916
-1.1102504746645605
-1.1051137010735466
-1.1051017156861884
-1.1091077198081216
-1.1153827892036596
-1.1216446112226968
-1.1252320742901212
-1.123305709757757
-1.113093986118818
-1.09218545558488
-1.0588667530253753
-1.0125064472695995
-0.9539847447712471
-0.886169045635452
-0.8144353520083581
-0.7472355288292025
-0.6967104169449166
-0.6793487985872498
-0.7166922152124078
-0.8360856377032113
-1.1007068422800512
-1.0971961521436335
-1.117848599643227
-1.1493694953081497
-1.18229412204525
-1.2103642967254267
-1.2299507841326653
-1.2395215632755963
-1.2391559460615644
-1.2301045483332276
-1.2143951132676627
-1.194484187137998
-1.1729546474375596
-1.152259083366539
-1.134509028681176
-1.121310046905465
-1.113642668905374
-1.1117891828255846
-1.1153062763887533
-1.123043531557285
-1.1332077715576312
-1.1434732602671012
-1.1511377539631975
-1.1533244054354637
-1.1472295204598553
-1.130416166635626
-1.1011536345847353
-1.0588027515137708
-1.0042470471383942
-0.9403697719702983
-0.8725767679666909
-0.8093651915422907
-0.7629380889438446
-0.7498648239871616
-0.7917873581566677
-0.9161723830674786
-1.0953658049058923
-1.0902550557882755
-1.1090744733863176
-1.1386953437654599
-1.16979459034135
-1.1962327977262683
-1.2144780879380832
-1.2230758489717188
-1.2221643157331437
-1.2130360033358765
-1.1977449927600117
-1.178760068873763
-1.1586637108175237
-1.1398969347504468
-1.124549988959547
-1.1141989013313127
-1.1097878791858447
-1.1115575614735094
-1.1190191233341111
-1.1309742330185826
-1.145580861173193
-1.16046494248628
-1.1728778896974887
-1.1798999599695426
-1.1786894736225233
-1.1667778852306723
-1.1424107070817116
-1.1049342849986798
-1.0552284265242928
-0.9961848814678141
-0.9332316748144515
-0.8749032919972679
-0.8334567165316125
-0.8255333200120674
-0.8728666044719187
-1.003035797105139
-1.0896373304379274
-1.0816176171635674
-1.0974065799071626
-1.124041885774027
-1.152342198518276
-1.1762866646491705
-1.192440251899984
-1.1994249400593828
-1.1974367641653316
-1.1878087100615111
-1.1726194623162565
-1.1543480045040153
-1.1355740718493246
-1.1187244562333014
-1.105865163562657
-1.098539423501229
-1.097651551564027
-1.1033966635738046
-1.1152362424801414
-1.131919557541051
-1.151550935867101
-1.1717028863280576
-1.1895750758220411
-1.2021991579072095
-1.2066894537959505
-1.2005394857115992
-1.1819643626076708
-1.150289018249613
-1.1063823016590772
-1.0531369199207046
-0.9959952333514358
-0.9435209030323377
-0.9080163907029448
-0.906186311018123
-0.9598466361674503
-1.0966797528571186
-1.0831344621773729
-1.070787448464488
-1.0822481282971035
-1.1047207644109496
-1.1291656698150772
-1.1496801561581222
-1.1629253344570802
-1.1675987681886069
-1.1639529787428302
-1.1533598032396877
-1.137920604707777
-1.1201223346257274
-1.102539447826088
-1.0875816697617373
-1.0772876161348077
-1.0731642648881305
-1.0760722805592
-1.0861571909966539
-1.1028264164392718
-1.1247721509574973
-1.1500400962574715
-1.1761440478475893
-1.200226333567573
-1.2192641044800638
-1.230321478124734
-1.230847534134914
-1.2190201622167398
-1.1941357624908207
-1.1570447981964218
-1.1106332007581654
-1.0603496272152564
-1.0147785700132175
-0.9862593191581497
-0.9915507767335066
-1.0525421237793922
-1.1970093395343717
-1.0753646433657738
-1.05715916448656
-1.062890127396616
-1.0799284141394245
-1.0993757049822381
-1.1154468890422549
-1.1248983272753108
-1.1265019678270867
-1.1205653137468445
-1.1084972430636681
-1.0924196812252345
-1.0748251258990955
-1.0582800241364816
-1.0451740018986253
-1.0375149459455981
-1.0367699380876705
-1.0437520417991888
-1.05855294119497
-1.0805214323692152
-1.108287767096943
-1.1398338488979383
-1.172609281463222
-1.2036932694440396
-1.2300023716033648
-1.2485441063299247
-1.2567164095147447
-1.252652944790205
-1.235614266131625
-1.2064248328213578
-1.167955876775409
-1.1256541222325702
-1.0881163578060724
-1.0677098608977587
-1.0812386744747728
-1.1506557362087708
-1.3038208599776433
-1.0657198179247096
-1.0400084709872677
-1.0385014617784318
-1.0487361244135742
-1.0619550335082095
-1.0724898770640845
-1.077191181717783
-1.0749038903518544
-1.0659887920684492
-1.05188980452549
-1.0347471086353437
-1.0170561356260246
-1.001372406464908
-0.9900622236449695
-0.9850992153335345
-0.987906731883552
-0.9992460947073867
-1.0191506975131261
-1.0469059599034083
-1.0810751333367694
-1.1195709594515046
-1.159773180752055
-1.198691903657906
-1.2331768139150066
-1.26017224436971
-1.277018095105229
-1.2817966059406092
-1.273724981292224
-1.2535938673977873
-1.2242516819028817
-1.1911347958100085
-1.1628435677901532
-1.1517642308568745
-1.174736631402903
-1.2537678205992695
-1.416791498156942
