Predicted value
-1.0968686597683284
-0.9042980615695047
-0.7061017300237455
-0.534077609680129
-0.397622133949605
-0.2923177849539892
-0.20644403697318617
-0.12572258564922678
-0.03658498242928879
0.07177198894640904
0.2063006397823008
0.3697666361375784
0.5609662021318358
0.7753220607457549
1.0057066886926422
1.2433642446129922
1.4788253125205713
1.7027313851048722
1.906508794171108
2.082854578175286
2.2260195594881935
2.331896686698526
2.397945479941666
2.423006199917009
2.407080143933054
2.3511752549957863
2.2573390126322974
2.129023356817819
1.971949179050793
1.7956606972968578
1.6159828141990107
1.4586173406275573
1.3641367493197394
1.3946569060353482
1.6424930083309015
2.2411257447313497
-1.1793028455002947
-0.988063919541347
-0.7835098285806683
-0.598922460561177
-0.4452472122867748
-0.31962344399695386
-0.2118439141251246
-0.10905423444538931
0.0010193968638013279
0.1280487093870691
0.2780454296948306
0.4530469961219611
0.6513487922793211
0.8681085551514434
1.096171396309993
1.3269866574489646
1.5515106041239244
1.761011744253923
1.9477183406210765
2.105270469279111
2.2289617584585564
2.315778725232555
2.364268409883652
2.374287790588217
2.3467112437115243
2.283195097682849
2.186121111096254
2.0588634883591226
1.9065468288867886
1.737485188517991
1.5655152145021811
1.4134590980860984
1.3179758714033127
1.3360823580468322
1.5536478693811524
2.096189521326521
-1.2059527142772395
-1.022159435152038
-0.8178922429047429
-0.6277222626972926
-0.46396363657469364
-0.32514806884909253
-0.20243372013177952
-0.08425962826415992
0.04046594827775779
0.18037765160704078
0.3406227800557541
0.5225686306655346
0.7240501636695494
0.939983506772921
1.1631935997150489
1.3853270622735736
1.597744151546091
1.7923064570220555
1.961999764633639
2.1013543036506723
2.2066473729611307
2.275896125954925
2.308671075905184
2.305783666417451
2.268924034193643
2.200347874033904
2.102734098675847
1.9793577687470216
1.8347455507827712
1.6760037439379822
1.5150316986975856
1.3718562335669884
1.2793454383999634
1.289583035697855
1.4822072538903304
1.9750409492841803
-1.1875871621900527
-1.0158748239443574
-0.8170891304360819
-0.6269059395582628
-0.45883702096541207
-0.3126499385341498
-0.18072742181487023
-0.05267754277164689
0.0815167685688617
0.22954311861499255
0.39575698658601355
0.5809108171746283
0.7824174665805711
0.9949733816761825
1.2113896747411823
1.4235020388801938
1.6230532319129214
1.802464639203214
1.955436208569585
2.0773368330961146
2.165370040338978
2.2185226291001947
2.237326677616532
2.2234881296878344
2.179457947945387
2.108044606137262
2.012189474983943
1.895049438833839
1.7605538630246866
1.6146258145331007
1.467280221170965
1.3358344372636226
1.249489466421181
1.2555628746906318
1.4276772100527408
1.8762305269040922
-1.133958506401824
-0.9776696900018993
-0.7882885761527001
-0.6024212970627285
-0.4346150873432459
-0.2857247999959651
-0.14922382361366665
-0.015770855137132195
0.12367880016462508
0.2759515125001328
0.4446800888328989
0.6300546879925163
0.8291023486577731
1.0363203719264416
1.2445115828627644
1.4456922780899935
1.631966449171676
1.7962826542017203
1.9330126926996154
2.038314021583519
2.1102606326702595
2.1487498948276493
2.155215646580832
2.1322006076507427
2.082863960579077
2.0105227362705262
1.9183484199593592
1.809362976783787
1.686901278827855
1.5557296981669868
1.424033413129617
1.306507757663696
1.2288117263731653
1.2336645304659286
1.3888888825310337
1.79772747073926
-1.053820756978754
-0.9151772468411516
-0.7380172809354613
-0.5597126980236138
-0.39569284465434623
-0.2477590713117906
-0.1103483138776708
0.024942647203300347
0.16628344034163073
0.31972084176796106
0.48823075568415397
0.671490973916345
0.866177036062097
1.0666062938001333
1.2655780657074587
1.4552805516050284
1.6281579581294536
1.7776540699045742
1.8987712833630757
1.9884069029446518
2.0454512820735693
2.0706551739948242
2.066296440224405
2.035699047045551
1.9826800631591894
1.9110231542731135
1.824099853090779
1.724782665836939
1.6158168591336934
1.5008405537168357
1.3862655341587606
1.2842539664404962
1.2170489978917782
1.2229399966944512
1.3641659708207632
1.7370834889544948
-0.9549552491895784
-0.8352165087779105
-0.6721398158125055
-0.503707883277564
-0.34608748112412313
-0.20189330939667904
-0.06640541265293211
0.06794813388757955
0.20855431870654312
0.3607579037785487
0.5269403673846289
0.7063144802172626
0.8952366977227697
1.087862334303377
1.2769912676775617
1.4549747043736267
1.614576320007798
1.7497038706744736
1.85595015445259
1.9309049847084232
1.9742226195514594
1.9874518744763319
1.9736589279001462
1.936895611980855
1.8815887637786952
1.8119489944990237
1.7315200172312317
1.6430124562747737
1.548588843819654
1.4507892924250825
1.354310114416335
1.2688704419961987
1.2134246845437175
1.222001442249302
1.3514722779115755
1.691576531397739
-0.8442027620055563
-0.7438115668174665
-0.5958655444499463
-0.43881303018254214
-0.28942204836408897
-0.1509950095178959
-0.01954117659833425
0.11178123111917454
0.24966421070917116
0.39882412169886544
0.5611072851496077
0.7353062979405028
0.9174891071539094
1.1016656721388898
1.280639824505021
1.4469167189753191
1.5935590507033628
1.7149079973360428
1.8071076267797108
1.8683942943038214
1.899135335292527
1.9016241426310025
1.8796615003896175
1.837975828145436
1.7815577729568264
1.7150073686833371
1.6420147650193115
1.565118311286065
1.4859065627037789
1.405853559540614
1.3279995122128825
1.259711808086443
1.2167840384058497
1.2291535264541071
1.3485406207222015
1.6583357995439938
-0.7275012838460881
-0.6462170984309203
-0.5137623515686804
-0.36891517448079303
-0.22891705168266924
-0.09763983925126253
0.028285448018853392
0.15506607404269457
0.28878201960356714
0.4335909800677559
0.5908602641560459
0.7590047179492856
0.9338325809815056
1.1092239639504693
1.2779894202518625
1.4327788662196652
1.5669338876316017
1.6751992527148816
1.7542322345638088
1.8028711285571544
1.8221471330395405
1.815046544207416
1.7860529988165477
1.7405222810042844
1.6839649921962
1.621335165743046
1.556445690610298
1.4916541911189187
1.427985792412279
1.3658819840005494
1.3067875764101857
1.2558105286424932
1.2257122068215662
1.2425084170882892
1.3529843384733367
1.6344492641585746
-0.6099286219278209
-0.5469492958929855
-0.42977635027988426
-0.29739115683714556
-0.16738909622736123
-0.04410044482420118
0.07532319798602781
0.19654479742401884
0.32511072396025487
0.46468596775927395
0.6162119303800506
0.7777657798634867
0.9449231380143372
1.111448651361239
1.2701617799548457
1.4138479208404213
1.5361077657175661
1.6320605749761075
1.6988398329735177
1.735842532095549
1.7447161158181517
1.7290898936650265
1.69408052363155
1.6456239403221322
1.5897088897243885
1.5316100142198845
1.4752412141075106
1.422772794591915
1.3746786898657462
1.330402838590796
1.2898565677594798
1.2559816245944297
1.2386362788202931
1.2600847003182256
1.3623925998498196
1.6170549032136554
-0.4957490868880808
-0.4498214331693558
-0.34725677664482496
-0.22712229067564157
-0.10725577389857632
0.007657996896809084
0.12004182989181261
0.23509931474251533
0.3579171525197441
0.49172990181717297
0.6371032064360197
0.7918143527311207
0.9512317873795049
1.1090180090089432
1.2580030298002645
1.3910983858535895
1.5021444577849632
1.5866066456962067
1.6420587253371484
1.668414494955738
1.6678916050078774
1.6447142455751518
1.6045841490149761
1.5539721480440138
1.4993053121320625
1.4461474677599464
1.398493690771286
1.3583221417243552
1.32556939782659
1.2987182177106282
1.2762094579871186
1.2589126431858655
1.2539124733732288
1.2798913364100095
1.3744106744904274
1.603416837279103
-0.3884635196663446
-0.3579833266548631
-0.2689853150774258
-0.16051398325031027
-0.05054601128838686
0.0559762722037839
0.1611390240681648
0.26976620048999095
0.38655441286462944
0.5143664703204547
0.6534395362599693
0.8012866089577827
0.9530928189303427
1.1024308184687013
1.2421423214019107
1.3652556338349902
1.4658317992817431
1.5396547642890497
1.5847037533255843
1.6013688243842685
1.5923933594240813
1.5625500264532164
1.5180795327318954
1.4659442712494952
1.4129717453069757
1.3649854387119533
1.3260435817700809
1.2979290459327546
1.2800563826374938
1.2699848045536797
1.2647486901226952
1.263239974957822
1.2698995763455994
1.2999977797667155
1.3868062990307806
1.5909875042957404
-0.29086196294033395
-0.2739639803762841
-0.19720913352095518
-0.09951957719883997
0.001084865789707892
0.09949442624627114
0.19754162352714452
0.2997454551581161
0.41047776507461814
0.5322847971269575
0.6651197231666541
0.8062647177062898
0.9507439338215726
1.0920515176406835
1.2230415814423083
1.3368498380600877
1.4277393819675699
1.491785885094077
1.5273402580982511
1.5352296105023622
1.5186801257668285
1.482968250060712
1.434829376160307
1.3816759865842787
1.330700002750131
1.2879568696131514
1.2575516879252888
1.2410704889277826
1.2374225289676886
1.2432822642047898
1.2543424482517174
1.2676125782664558
1.2850196976927197
1.3185913465200785
1.397523232611976
1.5774569803261835
-0.20507831472634525
-0.19971674158681768
-0.13367694264313917
-0.04566771514081919
0.04633606030095566
0.13714058143548336
0.22840194037856698
0.3244038970831781
0.4292546962159652
0.5452357960290846
0.6720581604972014
0.8068045486658508
0.9443590178336612
1.0781476398673129
1.2010372126244249
1.3062615311359016
1.3882675658756287
1.4433966781217185
1.4703387850898726
1.470320170195744
1.4470084164795443
1.4061407239024568
1.3549046539007743
1.3011231272600088
1.2523182840475644
1.2147515970189013
1.192560412588463
1.187133876132966
1.1968939810710082
1.2176702638392765
1.2438794495619778
1.2707441358864622
1.2978073851343328
1.334022877593707
1.4047230614545705
1.5607905175655952
-0.13264633706611292
-0.13666632799194675
-0.07967742860684766
-9.256519507137764e-05
0.08423889832753552
0.16811596404421097
0.25308982690184634
0.3432738900040817
0.44256991620387276
0.5530430465428453
0.6742011987610647
0.8029571417772041
0.9340743247154298
1.060920321731654
1.1763745365681593
1.273759593441923
1.3476886235483208
1.3947434391382167
1.413921369802803
1.4068113182768671
1.3774823757475287
1.3320911193318143
1.2782364970627733
1.2241139884001917
1.1775435109582872
1.14496832681911
1.1305449844767255
1.1354671151335713
1.1576886847467442
1.1922350858982944
1.2323132362399505
1.2714546329390446
1.3069480952287196
1.3448417098418988
1.4068162767847443
1.539255335581753
-0.07455642803567468
-0.08575712315944133
-0.03607944428647152
0.03643371939640833
0.11413172823991431
0.19187678918029333
0.2711811731324504
0.35604807987664394
0.45022596026350736
0.5556088882384955
0.6715383578631892
0.7947846631872411
0.9200088015010711
1.0405286231757709
1.1492357339730075
1.2395324383840631
1.3061807952334816
1.3459786394591282
1.3582002066568255
1.3447617796540399
1.3100955590534602
1.2607377423636292
1.204659579010139
1.150392951197237
1.1060248132660242
1.0781576048717745
1.0709555359792433
1.0854194243511543
1.1190555488814278
1.1661267648010114
1.2186969094605509
1.2687023100704489
1.3113069874552206
1.3498209325553836
1.4024836150864464
1.5114376664409213
-0.03131260062438954
-0.04750217197913063
-0.0033733791129595177
0.063466898037602
0.13563272788362904
0.208113618998542
0.28244345751044975
0.3625707791742989
0.45214004790238765
0.552916395208146
0.6641090576944045
0.782371532393743
0.9022792524448167
1.0171083682649225
1.1197620020553916
1.203713126152745
1.2638559984148738
1.2971808705078642
1.303209467635405
1.2841515209290737
1.244765416394126
1.1919288069817489
1.1339478170350938
1.0796562510327237
1.0373790012294652
1.013856631470984
1.0132508971347505
1.0363737438263887
1.080305110136763
1.1385876424414647
1.2022092124007329
1.2616069104941594
1.3099489716008759
1.347973871312268
1.3906886143405683
1.476251019063079
-0.0029891473452504907
-0.022032343350886573
0.018286836956585034
0.0808554541273849
0.14861118765085066
0.21672877370307547
0.28681894182578377
0.36282660159244534
0.44833781299399056
0.5450278569528171
0.6520055050501241
0.7658313702279467
0.8810110029035946
0.990786179610556
1.088070613956249
1.1663991023633526
1.220781899737784
1.2483789028827297
1.2489310021544813
1.2249087445321512
1.1813612339497066
1.1254709774150746
1.0658431681174287
1.0115806794000952
0.9712188261528644
0.9516167328538245
0.9569249301671819
0.9877715846798615
1.0408325490360328
1.1089732024050343
1.182172833894515
1.2494651041969451
1.3021509034340015
1.3385627058396552
1.3706823045991257
1.4329365928372246
0.010713495249392094
-0.009145162592348917
0.029041604535941803
0.08870484086205994
0.15315780199317863
0.21781233957915475
0.28440606638192467
0.35692691476075306
0.43894448425951477
0.5320803566584974
0.6353723395295495
0.7453103820097527
0.8563446891851186
0.9616893441521654
1.0542675295015593
1.1276672226443474
1.1769990220776498
1.1995705443630136
1.1953146142669766
1.1669312531897205
1.1197262536840416
1.0611519105431948
1.0000782616125194
0.9458459741560781
0.9071747952859001
0.8910242676377356
0.9015261941535907
0.9391311185076286
1.0001338703883864
1.0767660075265706
1.1580657690340552
1.2317589372960303
1.287406788334602
1.3211000932384698
1.3420009159296447
1.381056735214553
0.010414132659831574
-0.008352851370611616
0.029283874851761958
0.08734164705243305
0.14955446661920974
0.211617282980678
0.2754395659867399
0.34509464325484057
0.42417406012184916
0.5142790025178771
0.6144036057546617
0.7209877548974856
0.828439765065938
0.9299521126851645
1.0184561713855915
1.0875846889254492
1.1325335241867585
1.1507369459717824
1.1422935780032915
1.1101028572083125
1.059694655041395
0.998757494279746
0.9363935763989357
0.8821516173142144
0.8449112719488139
0.8317157107669524
0.8466716940856045
0.8900592726554162
0.9578160256775191
1.041583530099306
1.1295265377085695
1.208158119221793
1.265426817238635
1.2953446326110856
1.3044574514520222
1.3204823026843018
-0.0030021356611693185
-0.018929148275188726
0.019618157295872504
0.07727813320341596
0.13824404330751644
0.19853414388659651
0.2602697920664289
0.3276479188858372
0.40431698659286686
0.4918883324415058
0.5893375839353828
0.6930736131412106
0.7974752803710774
0.8957190002090324
0.9807429455337493
1.0462164878653881
1.087406255041122
1.1018529699001247
1.0897960163351634
1.054305461744275
1.0011040475923436
0.9380844424687398
0.8745498347035161
0.8202287242809974
0.7841375564659397
0.7733876222337743
0.7920554332727909
0.8402585620024484
0.9136017197283558
1.0031806287307838
1.096354026759923
1.1785169250874423
1.236131023940226
1.2612909718185348
1.2581279378771346
1.2513747492243308
-0.02843481871349096
-0.03995451846232789
0.0008207177404061499
0.05917755279132008
0.11980051895278243
0.17906574732661787
0.23934169088552984
0.304983039933437
0.37972681154228793
0.4652223771892336
0.5604499754943839
0.6618050396357088
0.7636484516939918
0.8591456188570749
0.9412400490889783
1.003629886545816
1.0416386496967638
1.0528941977846857
1.0377527339373485
0.9994274359165095
0.9438040881684908
0.8789488715161953
0.8143362495088617
0.7598476731221935
0.7246146081778306
0.7158021725274823
0.7374524527233723
0.7895293525729804
0.8673296086524236
0.9614473905291346
1.0585026861208495
1.142866455294261
1.1996383174830048
1.2191553217810405
1.2033331306437398
1.1741637310054431
-0.06461654608535236
-0.07035939611376149
-0.026198664444655555
0.033820638360994484
0.09489995014990918
0.15380233566364523
0.21317385254306703
0.2775571656751445
0.3508062533834281
0.4346338316398842
0.5280459051521125
0.6274406368563055
0.7271715100226565
0.8203975398562486
0.9000660741528145
0.9598965052450741
0.9952559981517194
1.0038411225174342
0.9861020586086919
0.9453688303064024
0.8876618007128256
0.821191448666504
0.7555752271353088
0.7008220871340295
0.6661580334892813
0.658788861450839
0.68271900582485
0.7377682169807098
0.8189505607597363
0.9164030219901039
1.0160737739888464
1.1014029591080774
1.1562516080589031
1.1693571084228773
1.1406164154371128
1.089520980815613
-0.11015888055815365
-0.1089651387658001
-0.060433048044873094
0.002073596752149744
0.06429254930804101
0.12339748940751
0.18233801010201528
0.24587113725151133
0.31799308689826
0.4005027486042033
0.4924511655597076
0.5902540649478447
0.6882672747247054
0.7796476456525854
0.8573448800992223
0.9150924517925982
0.9482885833971654
0.9546810314536884
0.9347922109012405
0.8920439740762225
0.832564141759622
0.7646796665200621
0.6981240912765303
0.64300974868102
0.6086379295976532
0.60224303163119
0.6277894813341804
0.6849630063983361
0.7685206168120553
0.8681864366423645
0.9693033107758795
1.0544728936297323
1.1064397095197447
1.11249745704948
1.0707186125601051
0.9983311703574178
-0.16359515723195556
-0.15452240787764188
-0.10081249301186626
-0.0351420775487498
0.02877623297351302
0.08854516892163447
0.14743933289635086
0.2104527805942561
0.28174621361129826
0.3632251342732213
0.4540030952545665
0.5505269594241965
0.6471638680316328
0.7370723980248499
0.8132031719664928
0.8692969666918441
0.9007711495281827
0.9054080535715356
0.8837816861931519
0.8393819476243685
0.778418319144884
0.7093077630757841
0.6418743594550106
0.5863109869493047
0.5519761382329865
0.5461217427402814
0.5726706523742398
0.6311852284316296
0.7161912506795354
0.8170441521957161
0.9185473662611334
1.00255535426939
1.0508166662941507
1.0493351686319843
0.9945503553143697
0.9016604432589592
-0.2234201105359612
-0.20574672532064106
-0.146235772830106
-0.076877697247522
-0.010828082272145347
0.04995817407138045
0.1090978227470548
0.17184101183125858
0.24253224880892862
0.3232017890812747
0.41304144540042576
0.5085415956227839
0.604088948849164
0.6928474126961669
0.7677671871195505
0.8225899928867154
0.8527411254717565
0.8560218078228703
0.8330380981282497
0.7873253913829348
0.7251503362354289
0.6549947712692263
0.586749067550742
0.5306650469514635
0.4961414284284986
0.4904375371240147
0.5174337938204225
0.5765802849644768
0.6621974961498293
0.7633160746238816
0.8642652690611472
0.9462424775216628
0.9901191171893212
0.9807608121613522
0.913162678236502
0.8007232663258084
-0.28812608580127674
-0.2613509907831862
-0.19559940955200666
-0.12218314690165394
-0.05369918628594755
0.008348283549904743
0.06793108650553437
0.1305710302695119
0.20081292198788256
0.2808277024500062
0.3698995554609077
0.46457363174570443
0.5592638094079935
0.6471426956404378
0.7211588570621175
0.7750490487335614
0.8042359945767054
0.806525054603367
0.7825358970321673
0.7358280760501638
0.6727021986518011
0.6016811466641303
0.5326986027435744
0.4760449118058697
0.44114309202714497
0.4352505922304381
0.4622051751482995
0.5213560887284511
0.6068444703258362
0.7074197113007061
0.807001292218746
0.8862183815255902
0.9251822732443757
0.9077695219213884
0.8277164157211134
0.6968482112484242
-0.3562356673861362
-0.3200747803987574
-0.2478238401262512
-0.1701301143423311
-0.09903606946860917
-0.03559169969552466
0.02453872303000876
0.0871608487442144
0.15703355220366771
0.23648227456678372
0.32489612264258705
0.4188852270061242
0.5128976429561996
0.6001178609674738
0.6734917759652863
0.726745747427918
0.7552901649973356
0.756920716955808
0.7322533416021199
0.684851624237448
0.6210281851473053
0.5493243866422945
0.47969546989675754
0.4224510150007395
0.3870234003170309
0.38065971991138736
0.407155400500367
0.46577054203756557
0.5504927887353637
0.6498333199956511
0.7473653333993111
0.823237174580619
0.8569150514890143
0.8314330532170666
0.7394509762497874
0.591443243666777
-0.4263305906566996
-0.3807102822176253
-0.3018765579572122
-0.2198326211143555
-0.14607602507372772
-0.0812038058267448
-0.020511472612474782
0.04209937580927694
0.11161282447684986
0.19052060303805224
0.2783278146307253
0.3717187960857139
0.4651822553817178
0.5519176149578598
0.6248672721661361
0.6777422708222557
0.7059316604897123
0.7072086028082787
0.6821690668544413
0.6343617381976433
0.5700905489925371
0.49789401912378706
0.42772838109630396
0.3699042440401328
0.3338493348755502
0.3267926373602725
0.3524880324170115
0.4101183258159538
0.4935433319630816
0.591078465221588
0.6860130728699847
0.75810052647683
0.7862748711483568
0.75287161478161
0.6496530221320406
0.4859610611808474
-0.4970768404393582
-0.4421247594555575
-0.35679210894617874
-0.2704647195020404
-0.19411021560648306
-0.12787850247030214
-0.06669532023865342
-0.004163771068382497
0.064934058102185
0.14326603694524356
0.23046293982791233
0.323291625795994
0.41628745834037084
0.502667755505666
0.5753708435771353
0.6280880702580943
0.6561789159265239
0.6573821242358344
0.6322585560011187
0.5843242529885447
0.5198549809018957
0.44736630353659584
0.3767960227478971
0.31843860155625087
0.2817039703892169
0.27379589913560787
0.29842790036390576
0.35471741173332355
0.4364217883022276
0.531702418114974
0.6236260571245479
0.6916352621847442
0.7142425835219521
0.6732259607729665
0.5596255493515505
0.38186498658286916
-0.5672458738735412
-0.5032794677658076
-0.4116888565780706
-0.32127525902214277
-0.24249659451025818
-0.17506592558123169
-0.11354194876944508
-0.05122657746128667
0.017338122392689972
0.09500416551795748
0.18153635399295803
0.2737915445235506
0.36635734615203897
0.45247190091421297
0.5250691826341582
0.577817031722944
0.6060379265236258
0.6074252744213449
0.5824907886136478
0.5347012991124781
0.47028612922564744
0.39771895144191677
0.32690081932016785
0.2680938546594803
0.23067785190326917
0.22182484440697764
0.24520945987515913
0.2998956749501197
0.37956336161063664
0.4722608007155974
0.5608921207037597
0.6246714021371514
0.6417979714519848
0.5936301899572974
0.470657826797856
0.2805958872742106
-0.6357319409067236
-0.5632449880935709
-0.4657824659301802
-0.37159966057773935
-0.2906701096524854
-0.22228465164370148
-0.16064127672418607
-0.0987409605440296
-0.030881879922156845
0.045978373326223274
0.131745746864465
0.2233737997261798
0.31550762341465133
0.40140912667719864
0.4740079810980491
0.5269453073296178
0.5554999644584382
0.5573100876783168
0.5328253021196349
0.48544782336005293
0.4213434378182121
0.348926138908372
0.27804297751025575
0.2189084679847199
0.18086067364219968
0.1710338782472229
0.19306553281862515
0.24597794966143388
0.3233979982427372
0.4133008402001794
0.49848652344807626
0.5580210380224762
0.5698962189828349
0.5151856643643137
0.38399661885102804
0.18354055651695667
-0.7015655109864013
-0.6212129719849707
-0.5183960917923982
-0.42086867177988924
-0.3381501504339378
-0.26912796135009504
-0.20764921744767711
-0.1464170410424268
-0.07948407673780562
-0.0036129414192486715
0.08124941704061357
0.17215926343411606
0.2638241149727749
0.34953265356458485
0.42221066971175375
0.475469979802574
0.5045400412474682
0.5069947725855855
0.4832098683646642
0.43650868127321896
0.37297752668044043
0.3009540474155486
0.2302150592946664
0.17091308057962895
0.13233353122947886
0.12156737048173696
0.1422167239768798
0.1932738343157892
0.26833645161628794
0.3553455633112024
0.43705414510674034
0.4924583976963128
0.4994457165012588
0.4389364243862867
0.30081907997375307
0.09200195685730224
-0.7639228498166281
-0.6765043315355913
-0.5689672914012952
-0.4686141122568266
-0.3845452356585683
-0.3152675802130365
-0.25429058284190076
-0.19402532065843192
-0.12827938846223655
-0.053617424182825515
0.030165608073786092
0.12023405039758961
0.21136255456467687
0.29686969501974175
0.3696782124021421
0.4233686913430211
0.4531162589373218
0.4564226729708706
0.4335789516590426
0.38781647932986335
0.3251273051607385
0.2537571347543421
0.18339729701553575
0.12412475146752817
0.08516198382182295
0.07355142029284456
0.0928617738244698
0.14206651807202847
0.21475746765968684
0.2988792259094475
0.37719304391436026
0.4287014175048628
0.4312875313335137
0.3658464419797244
0.22220767465241903
0.007171690744911028
-0.8221318253596316
-0.7285739414764109
-0.6170517176033165
-0.5144716530833169
-0.42955497461393183
-0.36045491687775055
-0.3003596946871924
-0.24139676237296814
-0.177131173469296
-0.10392807107262193
-0.021426556574250393
0.06765059820906377
0.1581497131588264
0.24342253656144272
0.3163900394027349
0.37060033293163275
0.40117015785067367
0.4055221761672806
0.38385307941613356
0.3392903096392839
0.27771797218700134
0.20727530207868497
0.1375538283395045
0.07854216340478207
0.039390127360460256
0.02708669946434181
0.045169072069129845
0.09260286474462827
0.16299633907281058
0.24433423726579984
0.31943965043313566
0.36739510500106093
0.366176838462878
0.29677901831578396
0.14912744071591294
-0.06989497194033162
-0.8756740575759187
-0.7770119562079679
-0.6623236835752703
-0.5581807097757373
-0.47296936912509957
-0.40451985521505457
-0.34571874795053015
-0.28842080634172973
-0.22595297815019977
-0.1544807948118875
-0.07348453738378367
0.014430223415587471
0.10418589267789975
0.18917088457139536
0.26230616836064713
0.317106854814803
0.34862813331574716
0.35420765265394516
0.33393922117608527
0.290835484624964
0.23066002268840508
0.16143208795033745
0.09262999361350095
0.034141939039584394
-0.004964155171058521
-0.017757448161632126
-0.0007304787882347983
0.04508495517485058
0.11333504102141913
0.19207980339499486
0.2642558326460518
0.3090969397213309
0.30476657071809476
0.23247859691254658
0.0824058787479184
-0.13830121505588874
-0.9241835617091888
-0.8215418799064286
-0.7045737255431723
-0.5995815636113185
-0.514665559657905
-0.4473671915881929
-0.3902940057915359
-0.3350413894119073
-0.27470444790853715
-0.20525029437582276
-0.125998274415307
-0.03943286767619653
0.04944877549545216
0.13407548653509463
0.20737052717815577
0.26281622360747436
0.29540395849496426
0.3023814758790596
0.28373223649585433
0.24234434385817952
0.18384934405320852
0.1161339849055124
0.04855080282883165
-0.00912381163383217
-0.04791263590586224
-0.06094750875612724
-0.044749095932915824
-0.0003367463477437849
0.06599412557226511
0.14241247842106447
0.21201803297341237
0.254264524377965
0.24759351247037953
0.17355522796944334
0.02271571499553695
-0.19732768697287273
-0.9674420702353167
-0.862015563138166
-0.7437033252534444
-0.638609861342919
-0.5546021538602488
-0.48897084399962176
-0.4340699412896657
-0.3812510716007046
-0.3233854907570146
-0.2562443082694391
-0.1789845830273699
-0.09396617011275818
-0.006101415222491888
0.07808298949087566
0.15151545702639385
0.20764651613266558
0.24140241511551117
0.24993713575070936
0.23311741687352283
0.1936981698930528
0.13716845115580661
0.07127093875920129
0.0052206440920670415
-0.051328628944448756
-0.08949878140583616
-0.10248879515695501
-0.08684612612612598
-0.04356847130182183
0.021126516863138548
0.09554877765133236
0.16300864257218167
0.20324566350923318
0.19506702556371364
0.12047188431116769
-0.029439250135706526
-0.2464481771885511
-1.0053712539074744
-0.8984053347323885
-0.7797169892633331
-0.6752886786935772
-0.5928113112431005
-0.5293659951367506
-0.47708147622898034
-0.427083408189407
-0.3720288204870769
-0.3074963667349791
-0.23248015328002747
-0.14921216524737113
-0.06251552457157541
0.021131968129143197
0.09466733865576994
0.15151110480492008
0.18652399859166893
0.1967634239679463
0.18197411156200055
0.14477021464077494
0.09048887317337725
0.026718055550166167
-0.03747572981168762
-0.09257147806896336
-0.12979832917593842
-0.14242686647084332
-0.1270303496890065
-0.08457637679013297
-0.02118668631081983
0.0516199707229244
0.11740974296473254
0.15627101131641657
0.14746056089023835
0.07353479403552038
-0.0737350312234995
-0.28534177031527774
-1.038022097642497
-0.9307935129741765
-0.8127119174303509
-0.7097183683280233
-0.6293887930157381
-0.568639366648571
-0.519404502589796
-0.47260374139967837
-0.4206910416954631
-0.3590571934903253
-0.2865332919426857
-0.20522042677096733
-0.11984795991252686
-0.03683998132915368
0.03675324981480732
0.09432485405199362
0.13067062871584711
0.1427496340516821
0.13018039181430188
0.0954298025078042
0.043674670099555925
-0.01766149428334407
-0.07967093549045488
-0.13297514745623903
-0.16891837674282642
-0.18084733430362143
-0.16536053057773523
-0.12338786634889379
-0.06093832912612178
0.010669137872825434
0.07529930973065486
0.11344939510406876
0.10490607370968391
0.0328869196467287
-0.11003494314275969
-0.3139013242991536
-1.06556172230638
-0.9593595754932834
-0.8428655282934181
-0.7420644483112006
-0.6644822214026738
-0.6069178572979805
-0.5611449077094053
-0.5178986209316542
-0.46944247426463803
-0.4109849429127205
-0.34119458133804864
-0.2620387103692323
-0.17814822069031583
-0.09588822065863348
-0.02229147372380702
0.03601121195619504
0.0737522617823608
0.08779168362205833
0.07761867278968106
0.04554744120995272
-0.0034129784503297445
-0.0620124202199979
-0.12151144769220219
-0.17268329350929448
-0.2069949939727683
-0.21787405461078457
-0.20194419985946463
-0.16009097733780556
-0.09819520451971762
-0.027349462930360495
0.03664993768239566
0.07476588542689268
0.06739142549883971
-0.0014953218571117591
-0.13839357640084915
-0.33223815503446436
-1.088257978769765
-0.9843653025369213
-0.8704211443513274
-0.7725438223767874
-0.6982778280826112
-0.6443558129475421
-0.6024263593869753
-0.5630640979563173
-0.5183559502069592
-0.4633344938950345
-0.3965066645667742
-0.3197032248679296
-0.23745165024840875
-0.15605229705691903
-0.08251493634407789
-0.023489954016111085
0.0156942646950816
0.03179903115605009
0.02418217703700644
-0.004999164138638608
-0.05091020486083807
-0.10648218549965516
-0.16315291207993954
-0.21185618919533925
-0.24418940461671632
-0.25366573947369403
-0.23693469521172195
-0.19483184585071434
-0.13309594139496445
-0.06256870556771353
0.0013301116325991297
0.0400826487337084
0.03476081980416504
-0.029802038786757554
-0.1590571916555933
-0.3406828448529538
-1.1064621759171898
-1.0061382436276158
-0.8956721755569907
-0.8014096586415895
-0.7309860067026905
-0.681121231649295
-0.6433771425206328
-0.608193172467535
-0.5674948510953421
-0.516146056914713
-0.4524934019703534
-0.378228318041341
-0.29776963113038807
-0.21734662828304152
-0.14393983810148037
-0.08421396364123458
-0.04355462370280734
-0.02529777585384371
-0.030217911841150923
-0.05631833337553554
-0.0989440335960824
-0.1512149268441641
-0.2047543867011266
-0.25066526956726054
-0.28068281838332776
-0.28841105841957193
-0.27052651438080544
-0.227810295399823
-0.16584681181505434
-0.09520460495203181
-0.030891988451904266
0.00914258298611232
0.006718284257772829
-0.052386520611851825
-0.17246049789064494
-0.3397821276798212
-1.1205903396067107
-1.0250538929202186
-0.9189451746589242
-0.8289352887145753
-0.7628260197341813
-0.7173812424221662
-0.6841163741776384
-0.6533627092120443
-0.616900689616082
-0.5694333861684482
-0.5091486790026284
-0.4375958455716167
-0.3590794806741077
-0.2797508906293575
-0.20655432101158344
-0.1461625946784213
-0.10401395415162851
-0.083539119731877
-0.08564479205314318
-0.10849704510586167
-0.1476252730816709
-0.19634457171623984
-0.24647165213032562
-0.2892866024928713
-0.3166700301536167
-0.32232233421635387
-0.3029490758476185
-0.2592736309392739
-0.19671552706710008
-0.12555008401115997
-0.06034219442739237
-0.01842429858350332
-0.017165824395946563
-0.0697585813283727
-0.1792198140356744
-0.3302918389613165
-1.1311034348894948
-1.0415169938849629
-0.9405821733342383
-0.8553975244622648
-0.7940102452486806
-0.7532872316134074
-0.7247399593114783
-0.6986201727285829
-0.6665805740924039
-0.6231719239385163
-0.5664251809932697
-0.49774452695973354
-0.42131433901645515
-0.3432003901624293
-0.27030277486534704
-0.20929527479385063
-0.16566309673817917
-0.14292813214725492
-0.1421281050339174
-0.16159319232367494
-0.1970409180460036
-0.24198734009088552
-0.28844976557693625
-0.32789344820113536
-0.3523519382638331
-0.3556279733863672
-0.3344590152622843
-0.2895087551068232
-0.2260231277929734
-0.15396659198608947
-0.08743165091270083
-0.04309180572280651
-0.03744535072862958
-0.08257463712643424
-0.18012264913170412
-0.31316595378161677
-1.138487019111805
-1.0559424292564143
-0.9609227433703695
-0.8810598250050315
-0.8247283845067914
-0.7889600260534144
-0.7653066846525799
-0.7439705673402567
-0.7164949301402136
-0.6772872396696324
-0.6242234855994426
-0.5585596275016633
-0.4843533769397046
-0.4075767329812253
-0.33507690663682277
-0.2735204870514761
-0.22843291959933734
-0.20342258335611654
-0.19965597274697283
-0.21562770549148286
-0.24724629629091796
-0.28823385302672416
-0.33081506956275725
-0.36664810656748925
-0.38792716909605945
-0.3885638069957089
-0.36533118152179245
-0.3188327588752282
-0.2541341086959016
-0.1808737028702062
-0.11264582733455425
-0.0654259368803694
-0.05478600028971431
-0.09162460045437287
-0.17611377145488177
-0.2895417718996577
-1.143230828834785
-1.0687361875010748
-0.9802862624656721
-0.906155781831846
-0.855132086564144
-0.8244755775261663
-0.8058248836122862
-0.7893640032571452
-0.7665458889304267
-0.7316441615480752
-0.6823818590547865
-0.6198633407562564
-0.548012686303335
-0.47269914555389697
-0.4007074128618936
-0.33868771666672093
-0.2921979325796915
-0.26492714548806406
-0.2581673035207418
-0.270576824043414
-0.29825722917457387
-0.3351411056375093
-0.3736669010870207
-0.405693286373283
-0.4235830305289294
-0.4213635525890965
-0.3958485316778248
-0.3475821741178828
-0.2814449536447245
-0.20673685812897255
-0.13653139353546181
-0.0860708131705524
-0.06995025759306236
-0.09781570788786961
-0.16827787232483768
-0.26072134374944705
-1.1458088388202747
-1.0802769323692607
-0.9989548995318756
-0.9308734252338231
-0.8853204814125405
-0.8598516283904402
-0.8462401403526092
-0.8346843452590528
-0.8165667868451545
-0.786037033687736
-0.7406671776377455
-0.6814062812442517
-0.6120372511181101
-0.5383168315072975
-0.4669566296795944
-0.4045803020319452
-0.3567692471694882
-0.32728636952091056
-0.3175446943804429
-0.32636483259046806
-0.3500425104023804
-0.3827245973769927
-0.4170692825094507
-0.44514326608726845
-0.4594860521137701
-0.4542486434528751
-0.42629115917482685
-0.3761011109061303
-0.30837129231061716
-0.2320534531522236
-0.1596811467137283
-0.10573235666935013
-0.0837797268327726
-0.10215343452582273
-0.15781896563669856
-0.22814926676027997
-1.146660366643859
-1.0908987374098178
-1.0171578696943624
-0.9553408905699075
-0.9153271484869034
-0.8950358734998594
-0.8864245364872023
-0.8797394357412108
-0.8663132566279338
-0.8401815673406622
-0.7987674310941868
-0.7428605324307295
-0.6760944326321026
-0.6041027865563092
-0.5335125705404544
-0.4709095883355054
-0.4218887393620939
-0.39027875090021735
-0.37760829314935374
-0.3828576134191707
-0.4025170430346636
-0.43095094786322496
-0.46104291069480297
-0.48507515102996873
-0.4957724051543778
-0.48741770670176504
-0.4569247252312741
-0.4047285376685921
-0.33533392478400614
-0.2573375022041732
-0.18271721277804637
-0.12515992444106647
-0.0971750950453853
-0.1057196829475497
-0.14603669946873452
-0.1933870166662887
-1.1461728318092095
-1.1008755826391363
-1.035057544499061
-0.9796140181908947
-0.9451090826816039
-0.9298961688827323
-0.9261679791918808
-0.9242534192186463
-0.9154564254410936
-0.893708789862551
-0.8562863000621517
-0.8038147303562219
-0.7397694371112643
-0.6696495285729521
-0.5999847968992122
-0.5373108174091294
-0.4872248373830731
-0.4536122940731009
-0.4381110189063597
-0.43985740218786307
-0.45553600993268556
-0.4797313617812748
-0.5055577962752429
-0.525520567094661
-0.5325385311815395
-0.5210360069978379
-0.48798859849001114
-0.4337849976557558
-0.362743995932286
-0.2831031519491229
-0.20627278051205045
-0.14512614500853935
-0.11107395274862272
-0.10964847007883102
-0.13429979143051227
-0.1580840137874505
-1.1446668135507163
-1.1104082458688023
-1.052738038147729
-1.0036664961608834
-0.9745382553326749
-0.9642133729555489
-0.9651721848159399
-0.9678617306978352
-0.9635787705562463
-0.9461616304765723
-0.9127403348594817
-0.8637716985946111
-0.8025632703100399
-0.7344672351081504
-0.6659026025221568
-0.6033412227512405
-0.5523703915558871
-0.5169220215186894
-0.4987355746995358
-0.49709916903776385
-0.508890488177524
-0.5289163417162537
-0.5505269401998297
-0.5664581665116191
-0.5698323426263168
-0.5552252080231175
-0.5196840433764245
-0.4635590904659678
-0.3909876365718603
-0.30984734894377336
-0.23097266225709953
-0.16640523929259085
-0.12642674239966775
-0.11509937062720688
-0.12401683472933475
-0.12394565957733816
-1.1423840868242712
-1.119614256509172
-1.0701969258962312
-1.0273831902282085
-1.0033964029352789
-0.9976774413569022
-1.003047927398407
-1.0101093456371586
-1.0101732187168047
-0.9969947171917919
-0.9675592983079767
-0.9221491855288353
-0.8638937179404272
-0.7979848159919338
-0.7307160273522477
-0.6684808339867573
-0.6168431188821234
-0.5797699081705154
-0.5590937217284242
-0.5542490826488383
-0.5623049533092278
-0.5782920830814396
-0.5958014700532724
-0.6078073564551544
-0.6076453948090155
-0.5900538391401001
-0.5521628329161293
-0.4942940827018846
-0.42041042384094074
-0.3380320017999418
-0.2574130101344741
-0.18975014335924273
-0.1441711403289398
-0.12322901105980992
-0.1166047572456567
-0.09269861404559228
-1.1394793512990402
-1.128521614979026
-1.087340786063381
-1.050557340810739
-1.031373711678748
-1.0298874318015079
-1.0393161968062854
-1.0504529245305936
-1.0546461105243312
-1.045577994545372
-1.0200902705806356
-0.9782842902483386
-0.9230999267607932
-0.8595544839507653
-0.79380025218808
-0.7321365303368128
-0.6800891502270725
-0.641647757439038
-0.618728319520576
-0.6109055500834211
-0.6154371545465702
-0.6275790206191929
-0.641167693939031
-0.6494236966059108
-0.6459064636736637
-0.6255288899873985
-0.5855166970767444
-0.5261750471393288
-0.45130204847243033
-0.36806601403439376
-0.2861405521410675
-0.21586878562617345
-0.1652052131181913
-0.1351609434099809
-0.11345525122107106
-0.06605361997612649
-1.136016403475865
-1.1370670161643655
-1.1039852924107851
-1.0728923420733931
-1.0580721011943846
-1.0603561106669037
-1.0734139465247396
-1.0882675204619645
-1.09632468651342
-1.0912048071506393
-1.0696061493714424
-1.031442198685104
-0.9794511962186606
-0.9184604214935778
-0.8544639607456568
-0.7936499179847332
-0.7414902433143654
-0.7019835703553844
-0.6771186719408262
-0.6666033605734412
-0.6678808774606227
-0.676433031265268
-0.6863465650347405
-0.6910964470937614
-0.6844769990107304
-0.6615889910706156
-0.6197680530112388
-0.5593169651034207
-0.48388161197912655
-0.40028759893540156
-0.31763174776556347
-0.2453999064927581
-0.19035972470466156
-0.15195426351176322
-0.11589952647534776
-0.04566621517490192
-1.1319695373709397
-1.145099350682351
-1.119860618967031
-1.0940088534885861
-1.0830138462241348
-1.0885198883383045
-1.1047051464420812
-1.122858553289991
-1.1344697868927263
-1.1331051293459984
-1.1153192140000596
-1.080829886918
-1.0321606258945777
-0.9739321776310148
-0.9119622909848393
-0.8523096415375191
-0.8003752600463003
-0.7601519946703142
-0.7336897541846794
-0.7208214967199964
-0.719172145888277
-0.7244498334800255
-0.73099608524084
-0.7325487835595696
-0.7231489582237189
-0.6980996737214574
-0.6548624988932423
-0.5937542620597419
-0.5182840120763859
-0.43494732308854234
-0.3522722980849906
-0.2788888436709919
-0.22037000580595206
-0.17457137357430524
-0.12517177538193605
-0.03309570929409724
-1.1272309945162298
-1.1523892930192399
-1.1346229546825044
-1.113458029583243
-1.1056563102311356
-1.1137548456500006
-1.1324978912853163
-1.1534797894372715
-1.1682944922426577
-1.1704646565525911
-1.1564004573767006
-1.1256154838880994
-1.0804042993070961
-1.0251634633052784
-0.9655150328952512
-0.9073687750949857
-0.8560365419793803
-0.8154894760553086
-0.7878259312200857
-0.7729952118869405
-0.7687994501847507
-0.7711731584629506
-0.7747172116561895
-0.773441231386971
-0.7616455610081725
-0.734851238111002
-0.6906635883476033
-0.6294322817411986
-0.5545479099802956
-0.47219236051716473
-0.3903374806144553
-0.31676374180744615
-0.2558478325731519
-0.20384532432108757
-0.1423717731442173
-0.029762837092263773
-1.1216253193410683
-1.1586458209241157
-1.147872960613963
-1.1307416888889252
-1.1254136002860653
-1.135399649074596
-1.1560683506749265
-1.1793581015692463
-1.1969894677731494
-1.2024505092614948
-1.1920054250653478
-1.164954021080505
-1.1233467199517817
-1.071337049720875
-1.014330765249312
-0.9580679737516131
-0.9077518530974962
-0.8673147688655908
-0.8388898134547897
-0.8225330078830374
-0.81621862422701
-0.8161073039797972
-0.8170638649273674
-0.8133789064682495
-0.7996255406245333
-0.7715597933159408
-0.7269504377923951
-0.6662012394441603
-0.592605808532298
-0.51205247470584
-0.43197381449574257
-0.3593126802993391
-0.297253796692686
-0.2404472072318313
-0.16842707222773518
-0.036906535303179604
-1.1149315113122338
-1.1635405457531138
-1.1591820376509585
-1.1453402784244981
-1.1416859878760977
-1.1527861876242707
-1.1746923820804487
-1.1997258177620886
-1.2197558090578404
-1.228244335884157
-1.2213073359963997
-1.1980203320411476
-1.1601732507600824
-1.1116565090794772
-1.0576376591429826
-1.0036651016690619
-0.9548125943380907
-0.9149554992377913
-0.8862469307193412
-0.8688391823401489
-0.8608730288929538
-0.858734716844568
-0.8575576738312394
-0.8519231851812723
-0.836691502759207
-0.8078720687495213
-0.7634187543214694
-0.7038132304403468
-0.6322768054141206
-0.5544282810880271
-0.4771825969234105
-0.40666224852071375
-0.34487068447022373
-0.28485410273779876
-0.20405528511651105
-0.0555403255987542
-1.106913900522721
-1.1667407687717037
-1.1681273081090613
-1.1567495253536948
-1.1538979755961918
-1.1652787997411758
-1.1876856632713297
-1.2138615050713701
-1.2358462224738906
-1.2470836360126758
-1.2435382946927247
-1.2240498999099043
-1.1901303434768011
-1.145385572535004
-1.0947217114577132
-1.0434720881702302
-0.9965590296395409
-0.9577815086078734
-0.9292969409687641
-0.9113426505078295
-0.9022197350541031
-0.8985392854114602
-0.8957081257633045
-0.888608461567361
-0.8724030382810802
-0.8433746315818097
-0.7996859070695592
-0.7419229047638483
-0.6732626210297706
-0.5990823778920982
-0.5258058870198683
-0.45875813298760515
-0.3987784177429412
-0.3373181255341162
-0.2497269848744365
-0.08640882144446044
-1.0973627087323248
-1.1679522137355531
-1.1743362498277703
-1.1645267027728305
-1.1615459249953475
-1.1723229937669548
-1.1944532361704403
-1.2211400677262636
-1.2446154088895576
-1.2583121609494319
-1.2580394401860062
-1.2423884864643076
-1.2125743797677926
-1.1718959154979367
-1.1249732066899818
-1.076899798618602
-1.032423298590904
-0.9952457410478404
-0.9675121254187736
-0.9495327814975936
-0.9397624344324463
-0.9350360587447963
-0.931038828117207
-0.9229646850128778
-0.9062952715136458
-0.8776081800868162
-0.8353007003148432
-0.7800924549455547
-0.7151475359442582
-0.6456339685527474
-0.5775155486838653
-0.5153483163039716
-0.4588311447792732
-0.3978371434857151
-0.30562978830569354
-0.12994491195860272
-1.086145293176071
-1.1669724213833679
-1.1775419567238805
-1.1683474718968012
-1.1642561961633469
-1.173504600894311
-1.1945493893305286
-1.2210930754869413
-1.2455805544545833
-1.261440283678488
-1.2643209121131713
-1.2525514114810028
-1.2270299811824446
-1.1907242157307922
-1.1479422409077185
-1.1035117421595755
-1.0619810260780786
-1.026933473132647
-1.0004839571453474
-0.9830030243230411
-0.9730918419849931
-0.967808144447876
-0.9631206208537404
-0.9545464070502101
-0.9379035609557969
-0.9100876181669094
-0.8697585418867805
-0.8178015985801986
-0.7574029080816
-0.6935576342077223
-0.6318059992496974
-0.5759695230431164
-0.5246371046382435
-0.46612778191625837
-0.37163422182101624
-0.1862282111995145
-1.0732691057694332
-1.1637558267880115
-1.1776500350639905
-1.168074298224459
-1.1618547849564282
-1.1686203348164197
-1.1877488415667976
-1.213480273015731
-1.238492867661319
-1.2562162657640705
-1.2621325497955962
-1.254293386535033
-1.2332586804083783
-1.2016393649895694
-1.1634041769058152
-1.1230874737133347
-1.0850123746333253
-1.0526207203616467
-1.0279785654893576
-1.0115031343949155
-1.0019343887924985
-0.9965515724445797
-0.9916123158705356
-0.9829691012067419
-0.9667951046972573
-0.9403286516178702
-0.9025227357599348
-0.8544632729240884
-0.7993969751975976
-0.7421869501127523
-0.6879913461073734
-0.6399375830321696
-0.5955419237733437
-0.5416013603824879
-0.4472620054295105
-0.2549453966179373
-1.0589574356521225
-1.1584915758251118
-1.1748181800327424
-1.1638374745772897
-1.154449479073223
-1.1577607676029138
-1.1741302245917113
-1.1983732564254987
-1.223421137157445
-1.242709383974356
-1.251546275416684
-1.247689842669918
-1.2313388815687272
-1.2047207502789083
-1.171435934945832
-1.1356965829217547
-1.101573420508015
-1.072342689471807
-1.0500019539208683
-1.035000846443089
-1.0262100397417144
-1.0211289473204659
-1.0163098740965624
-1.0079535551433036
-0.9926082380875122
-0.9678816820108198
-0.9330526630274117
-0.8894457940345388
-0.8404106834557389
-0.7907236751203852
-0.7452076287468415
-0.7063424178201457
-0.670616038978841
-0.6233434443491866
-0.5316574255886782
-0.33535309572446537
-1.0437390383252614
-1.1516951723312743
-1.169549512486284
-1.156129819218295
-1.1425255895052073
-1.141406766644045
-1.1541728978110077
-1.1762523384816368
-1.2008483201040274
-1.2214059147416902
-1.2330511477263224
-1.2332307266844098
-1.221758072625241
-1.2004485561015787
-1.1725040587778925
-1.141784198064716
-1.1120787698013546
-1.0864731812928314
-1.0668758643306178
-1.0537538751503561
-1.0461001056034422
-1.0416327471430047
-1.0372048665484577
-1.0293791696364922
-1.0151002465300112
-0.9923738093801793
-0.9608396507604281
-0.9221022682749055
-0.8796603182475209
-0.8382532786814192
-0.8024209190023373
-0.7740483914229934
-0.7486469760893177
-0.7100977294929542
-0.6235625029581873
-0.4262440153350604
-1.0285527899495124
-1.1443150828369215
-1.1628007910933382
-1.1459161525708264
-1.1270563491988086
-1.1205404728175727
-1.1288681637528428
-1.1481176592469293
-1.1717822061855685
-1.1933190098832682
-1.207662108013623
-1.211927776094713
-1.205518288263386
-1.18980707439585
-1.1675655319556992
-1.1422689682741276
-1.1173963662907662
-1.0958158841072256
-1.0793252160291
-1.0683931600958383
-1.062125954421551
-1.0584591619934933
-1.0545531008986053
-1.0473470342721747
-1.034204551586325
-1.0135597902197089
-0.9854513635734499
-0.9518080793220096
-0.9163277487113617
-0.883767605140468
-0.8584420675857574
-0.8417008017519252
-0.8281372491560719
-0.8002550116758325
-0.7212966964158227
-0.5259170430703815
-1.0148685406847584
-1.1378554610716747
-1.1561066503791888
-1.1347586913700527
-1.1096291060792307
-1.0967719353457808
-1.0998459879148463
-1.1156156342714774
-1.1378812376916099
-1.1601135323192113
-1.1770434754022552
-1.1854363181438452
-1.1842558569484916
-1.174402044167168
-1.1581823547684706
-1.1386545226868394
-1.1189554779224788
-1.101708532791261
-1.088578083046571
-1.0800183069186962
-1.0752395624410431
-1.0723934007561082
-1.0689543304177986
-1.062253685030362
-1.0500981638878342
-1.03138283260159
-1.0065855880272296
-0.978007309125697
-0.9495991327172002
-0.9261955104101376
-0.9119489203109282
-0.9077393244442734
-0.9073086801370621
-0.8918480309427751
-0.8227419200069211
-0.6321520860976891
-1.004825376264755
-1.1345161897531175
-1.1517210505007978
-1.1249595343926506
-1.092588472898933
-1.0724825541229734
-1.0695183621268178
-1.0811818677427694
-1.1015966014023466
-1.1242469558378783
-1.1436482838355941
-1.1561926735427424
-1.1603765011549254
-1.1565930781334963
-1.1466509274265324
-1.1331554404905533
-1.1188688842338161
-1.1061409443256818
-1.0964792086402018
-1.0903062119257463
-1.08692688011614
-1.0847074300224493
-1.081443997468214
-1.0748764842545762
-1.063280331665436
-1.0460461455464014
-1.0241343153149796
-1.0002689865831043
-0.9787129643967682
-0.9644423414211725
-0.9615168627234909
-0.9704192561289733
-0.9841139744498137
-0.9825530132098212
-0.925333684811654
-0.7421904474169991
-1.0013885323131457
-1.1373514724826626
-1.152777159894132
-1.1197214492231964
-1.0791976316866587
-1.0509865156066818
-1.0412404858396698
-1.048201693323897
-1.0663317433236295
-1.0891274682711556
-1.1108745884317939
-1.1275682809405976
-1.1372068950831602
-1.1396422690165617
-1.136147320450181
-1.1288388011297283
-1.1200703222915542
-1.1118879755779083
-1.1056180912275193
-1.101633892679503
-1.0993250240522803
-1.0972711442828378
-1.0935979990353368
-1.0864715988117226
-1.0746633490206603
-1.0580961950847745
-1.038259062989835
-1.018354093003194
-1.0030183816124338
-0.9974391640588505
-1.005658587164067
-1.027841439471703
-1.0562564230497282
-1.0696987686227508
-1.0260592130271833
-0.8527215753058537
-1.0085262412200244
-1.1504482438851535
-1.1634669272477263
-1.1233282048286364
-1.073819025885736
-1.036711443678722
-1.0194909750641328
-1.0211895407207898
-1.0366204926296048
-1.0592904527553715
-1.0832399042018162
-1.1040416934348345
-1.1191638194925102
-1.127880103424163
-1.1308895485243502
-1.1297824192513877
-1.1264682840436289
-1.1226584845704022
-1.1194727112781573
-1.1172165824160465
-1.1153543410488118
-1.1126780018885256
-1.1076514971003764
-1.0988855875613748
-1.0856765233744834
-1.0685186547643724
-1.049478411804632
-1.0322942887499478
-1.0220446860704124
-1.024202680608794
-1.0428740116052442
-1.077991787657598
-1.121218637009092
-1.1502842408789111
-1.121463406874795
-0.9598770568503774
-1.0314078267113456
-1.1791257014417542
-1.1892416345694343
-1.1413457300251562
-1.0821157085833673
-1.0353995221951575
-1.0100723439956505
-1.0059883613322922
-1.0183250164842017
-1.0405945570663946
-1.0665749754363427
-1.0913896337440225
-1.1119420885902236
-1.126889846581593
-1.136317999394519
-1.1412509042836347
-1.1431172932943858
-1.1432614117627484
-1.1425700040088689
-1.1412621814550348
-1.1388664257220729
-1.1343861965818958
-1.1266328319676207
-1.1146816445663061
-1.098384336843048
-1.078848073668797
-1.0587687690479748
-1.0424833607655624
-1.0355830640970538
-1.0439068130482865
-1.0717113149158513
-1.118791361282416
-1.1763012558849901
-1.2210054371178
-1.207663590255069
-1.0592327618027735
-1.0766243965560676
-1.230157297778578
-1.237034758426113
-1.1808454132346191
-1.1112746505454236
-1.0543303812570985
-1.0203330396747883
-1.0099903816497642
-1.0188548627255056
-1.0404385963303548
-1.0682381093803994
-1.0968983299799384
-1.12272245923051
-1.1437115964831497
-1.1592952046921925
-1.169890719852602
-1.1764078258264614
-1.1797901331879321
-1.1806642180396354
-1.1791431940770858
-1.174809208501458
-1.1668764697046234
-1.1545136319740747
-1.1372815797889917
-1.1156198716023809
-1.091292320327874
-1.0676794050734355
-1.0497824259878856
-1.04378153140981
-1.0559669638320777
-1.0908400885188807
-1.1481579859358184
-1.2186726064772617
-1.2782927032988611
-1.2803739763867437
-1.1458200783185493
-1.1524335191691792
-1.3120165674863582
-1.3155085017490364
-1.250650894240686
-1.1702533470842973
-1.1025670745472218
-1.059412345345391
-1.0423804883858336
-1.0474083827100362
-1.068000569724369
-1.0973513431274324
-1.1295963892678949
-1.1604007679899964
-1.1870672413475833
-1.2083261748912055
-1.223945453556439
-1.2342760715052872
-1.239826272596167
-1.2409343354816285
-1.2375873146566483
-1.229410266103975
-1.2158277035066678
-1.196376248321644
-1.1711246543316998
-1.1411346046171267
-1.1088728962117247
-1.0784628450316476
-1.055639960989209
-1.0472541605273964
-1.0601380011345556
-1.0991376397223063
-1.1640804340734825
-1.2454303238904558
-1.3183593452979883
-1.334940849978276
-1.2141472174396564
