Predicted value
-0.9152873494788469
-0.7803142921000956
-0.7787133315366914
-0.7979578455781218
-0.7790639021046759
-0.7020173735711963
-0.5715695278284014
-0.4049850247318232
-0.22259644304161585
-0.04145116407830618
0.12808609778516256
0.28320434770565406
0.4275984247892144
0.5691893800834613
0.7172972622288314
0.879880361839112
1.061333582558922
1.261181678771715
1.4738263723659148
1.6893255790640627
1.895013883839859
2.0776317501466255
2.2255324743162626
2.3304963498173
2.388716631341772
2.40064743118032
2.3696353853013923
2.2996105392302715
2.1926031694845474
2.0474979202227104
1.862250442157651
1.6427904169362921
1.4230341803460682
1.301845867137181
1.5044338342030457
2.4775648225984677
-1.0407086830029741
-0.7946394981171188
-0.6956218537316876
-0.6359165684217873
-0.5565580256918232
-0.4349077577885536
-0.2719797122027947
-0.08123111371124603
0.12022977146015479
0.31764799271150523
0.5019012156118088
0.6704198011929474
0.8263014717754507
0.9762630483043055
1.1280768713280696
1.2880768401246971
1.4592042673201933
1.6399126949185516
1.8240791972213815
2.0018932519199986
2.16152873794948
2.291265762760321
2.381632577746549
2.4270995539265083
2.4268928058621286
2.3846203154806975
2.3066340641886667
2.199403476695906
2.0666641585598002
1.907747216867857
1.7193041349635794
1.5036359729397537
1.2880293310341333
1.160910788321472
1.3322721594614912
2.2277066429904906
-1.1587606725487074
-0.8445135107352844
-0.6838403636409318
-0.5747926208391834
-0.45936695811789074
-0.3131511135289745
-0.13415652276055967
0.06735992253796785
0.27703805697175543
0.4820659090264219
0.674330779857024
0.8513736846421509
1.015648523577941
1.1726849005396471
1.3287667389293725
1.4886835015150206
1.6540026494045412
1.8221667199488016
1.9865518095836463
2.137452060663338
2.2637927164621967
2.355238170985656
2.404266945293272
2.4077484149528012
2.3675921392726753
2.290165547358261
2.184405264062199
2.0588972558082737
1.9186869873194965
1.7632186507311642
1.587608003676682
1.3904421779547342
1.192487740578851
1.0720910496314904
1.2246882936524806
2.0557222805426836
-1.2415957678485916
-0.8924695790094783
-0.6976587384511413
-0.5618539932198935
-0.4288243991965075
-0.2731194053558661
-0.09038490017431877
0.11179778407737773
0.32140888092672903
0.5272863372894212
0.7221403055971604
0.9035289447790419
1.0732456727906294
1.2356743576242162
1.3956901890913254
1.556635885401928
1.71880120193109
1.8786941698208997
2.029230844470295
2.1608023337756785
2.263019248458261
2.3268002172072944
2.346378482939121
2.3207645884778794
2.254239515661985
2.1555771065286473
2.0359229140840776
1.9056045484872484
1.7706318475171767
1.630279553215549
1.4779463648551159
1.3084680071373866
1.1362440470279165
1.0299343581515639
1.1711071134506215
1.9460917301133551
-1.2755116355930527
-0.9166861713902402
-0.7083164058585434
-0.5624397401211372
-0.42528549512079594
-0.2709959148859957
-0.09340011284728733
0.1021449156714559
0.3056126190872023
0.507246900453689
0.7004332642607738
0.8826845592101689
1.0551414376560002
1.221102709454903
1.3841299667255547
1.5462299417285346
1.706522778001922
1.8606704902834081
2.0011831068733206
2.118556074202192
2.2030372027190266
2.2466904910691916
2.2453333271418137
2.1998885751926998
2.1167296631477384
2.0067207286209596
1.8828809113980507
1.7569477393979747
1.6355949896894364
1.5176911612630233
1.394781517201093
1.2579552859034817
1.1154357993751005
1.0266208365191496
1.159918976164128
1.8835910934416362
-1.2570309677453917
-0.9069075656129063
-0.6997853948844318
-0.5556263526376878
-0.4236966037603536
-0.2782677094567493
-0.111821505647484
0.07212360899680909
0.2652403225177413
0.458976996620077
0.647280235216362
0.8275806592887391
1.0003931751745612
1.168006712786576
1.3327754719618288
1.4954898943530537
1.6542166202896
1.8038683400995739
1.9366124527580326
2.0430675466650294
2.1140846631201327
2.1427818379031645
2.12641128555276
2.0676045397115663
1.9745776365372798
1.8600017719197857
1.7384705223532262
1.6228384390462933
1.520183350470716
1.4287717853051054
1.3381993008859943
1.2358509170875418
1.123997057273492
1.0532231318568632
1.1795019113220793
1.8540728695680435
-1.1897126110389422
-0.8611053596268325
-0.6653021577358111
-0.5306490416889409
-0.40992443986515575
-0.2779803275895762
-0.12634970853901517
0.04295995779893036
0.2230731689230227
0.4064777011017401
0.5875948131226043
0.7637565763241425
0.934893958908229
1.1023715338136983
1.2674495235743661
1.429827087843529
1.5866380449000785
1.7321473427158613
1.8582493033173622
1.955712701474515
2.0159688504530133
2.033112798931084
2.005700239464967
1.9378895353465817
1.8395151345894551
1.7248013023625317
1.6096493117230888
1.5077727322374748
1.4264299922786954
1.3631267087109205
1.3054481225697596
1.2371500964813278
1.154801264190037
1.1006448199421444
1.2189518408566364
1.8449846940647205
-1.0815985809338584
-0.7827854551049688
-0.6045527935419923
-0.48398273240589246
-0.3777496588061301
-0.2616600864544828
-0.12663314405225107
0.026558307122051233
0.1922836343132991
0.36393601247588214
0.5363478448608312
0.7067525299051518
0.8745497038348242
1.0402718010855383
1.2042023207772794
1.3650763123079284
1.5192170419145556
1.6603453200463303
1.7801553018575147
1.8695984653201727
1.9206716686314484
1.928381436006989
1.892470663867731
1.8184615230991463
1.7176052027477597
1.6054510414765288
1.4989702705860628
1.4125087916800165
1.3533148783677358
1.3180071700128164
1.2921315617100404
1.255918333662529
1.200508850193616
1.1602901390206823
1.2685713803993792
1.8456745385726177
-0.9432099905402563
-0.6788534876667944
-0.5214246804290747
-0.4169958961452145
-0.3264382122144175
-0.22681763733592894
-0.10871783706855334
0.02809173179094296
0.17905337592687487
0.3383578073647485
0.5012036536337494
0.6647378287581096
0.8278885424741873
0.9904518287028438
1.1518526419594162
1.3099885473134913
1.4604935609754581
1.596647529843583
1.710018314651791
1.7917757079716952
1.8344732205001248
1.8339723520630378
1.7910994728453922
1.7125937207720623
1.6109411179742725
1.5028111681370002
1.4060332624926564
1.3353870405624135
1.2979491677064796
1.2893545503855333
1.2931085570151393
1.2860440926704215
1.2541691349272126
1.2245123210655227
1.3201621289692245
1.847524860589176
-0.7860129302687562
-0.5579596410164225
-0.4222454409527316
-0.33409821838063
-0.2588116314443216
-0.17495416617817497
-0.07300224766248875
0.04808641819123058
0.18468521466696022
0.33169632680142425
0.48465442903817535
0.6406410412204567
0.7981771109257517
0.9564187942488356
1.1140491158441221
1.2682519375997785
1.4140901989928139
1.54450345622349
1.6510060869064669
1.7250228876624587
1.7596589186651856
1.7515810873116529
1.702605857956456
1.6205563713405575
1.5189889012089863
1.415508711907816
1.3286147547358347
1.2733469977579857
1.2564752689234253
1.2725800509282403
1.3031494435789024
1.3217682507049329
1.3096205991953191
1.2868824027503418
1.3671600877064234
1.8439530480629145
-0.6212828889411361
-0.42925129743626034
-0.31443763908995137
-0.24131052951882614
-0.17974477687336088
-0.10999896934304428
-0.02262612944086645
0.08407059538217888
0.20727943330607074
0.3425459033654331
0.48572190890760447
0.6338506023817199
0.7851114787379052
0.9381157988213413
1.0909176134321914
1.240106098446476
1.3802863668125256
1.504154139609925
1.6032403809403524
1.6692609754698506
1.6958694982171951
1.680493838940624
1.6258556434726725
1.5407409668475838
1.4396269433152193
1.3408884115969528
1.2635260352701394
1.2226892732257546
1.2247293289862418
1.263124685554795
1.3173907596506378
1.3580313309249248
1.3617284633058928
1.3423153822473233
1.404648948608806
1.830310722436862
-0.4593034234806528
-0.30146905618140013
-0.20552464648822202
-0.1451924232530083
-0.09502654436197774
-0.03711404144034971
0.03777072636155894
0.13185185498721758
0.24303785367945327
0.36746394112337705
0.5012888397775627
0.6415477465331668
0.7861439409755381
0.9332352861610989
1.0803544262214708
1.2236085355241735
1.3572517708123428
1.4738268659721427
1.5649473340932176
1.6226542485522637
1.64114730921977
1.6185746068228086
1.5584849232497153
1.4705162934131148
1.3699306504533364
1.2757224258223259
1.207244724396063
1.1796258874786714
1.19870763864126
1.2568393240405102
1.3316267554435228
1.390674585903813
1.4064937401461957
1.3870859294827493
1.4292814497559074
1.8037100356448752
-0.3088414737969154
-0.18232830598537808
-0.10242973318134317
-0.05206956509766366
-0.010525556420685866
0.03819219581371032
0.10297755513012682
0.18648030244788202
0.2872528103346381
0.4019778680857018
0.5271164662579398
0.6597274750788148
0.7975007727689413
0.9382272425182938
1.0790189058989963
1.215606041139143
1.341991192179513
1.450648254045995
1.5333340670522349
1.5824459119570728
1.592726715696975
1.5630063979524937
1.497588357847047
1.4068603627735465
1.306744802956961
1.2167201611462275
1.1563593620444326
1.1406571559892624
1.1748736012438614
1.250219784308718
1.3424709031756172
1.4165264796723191
1.4410635092489117
1.4187615449912088
1.4391347925704865
1.7628010095096032
-0.17684799378034186
-0.07813477980954243
-0.011016645198705367
0.03249113606231811
0.06839100353137297
0.11069380559715114
0.16788114040816618
0.24294898340114343
0.33503218793207207
0.4413278816970933
0.5585984537063508
0.6839574797990056
0.8149403143193947
0.9490509268702207
1.0830736312759948
1.2124583842862875
1.3310470693809349
1.4313213715657618
1.5052362375249062
1.5455722471819864
1.5476112428744624
1.5108280162211263
1.4402124856190122
1.3468073544006716
1.2470814662730603
1.1608747160026722
1.1078621746654183
1.102808795401598
1.1503374227633896
1.2405275816722083
1.3474164159733146
1.4334019268426865
1.4636680731237879
1.4360770843069106
1.433522247568686
1.7075202083213752
-0.06833844012075944
0.006411639158932496
0.06417425988350016
0.10400454653059459
0.13723151828990415
0.1758649728130281
0.22791978530693643
0.2966774164529713
0.38180612340645864
0.48099079011958323
0.5912961816901465
0.709919527628215
0.8342953961091423
0.9617135807022863
1.088714927987417
1.2105564341527324
1.3210012763669667
1.412607465690731
1.477576257796371
1.509094081058647
1.5029752839179527
1.4593032100608603
1.383689726167071
1.2877440979946766
1.1883767816744775
1.1056780135163151
1.0593207886534697
1.0637586617224177
1.1229365267522509
1.2258228837780196
1.344820821652823
1.4400377853718473
1.4735068971952994
1.4387709092236316
1.412779526095151
1.6388275954001361
0.013586860341165161
0.06826513973601758
0.12003482668185063
0.15922917999475786
0.19258777470038968
0.23012713135272547
0.27936344710099453
0.343818825777339
0.4236557798050378
0.5170251040492143
0.6212952461066548
0.7337727642159361
0.8518391182209168
0.9726346260972962
1.0925316837106727
1.2066720339728856
1.3088127286587106
1.39164819709469
1.4476672659934002
1.4704798091371927
1.4564236896728397
1.4061545367199804
1.3258444170791748
1.2275863673072267
1.1286357865655505
1.0492326016992457
1.0089556482275392
1.021878609577843
1.0912408672332075
1.204932481743914
1.3338359940356932
1.4359845533870328
1.47060178810367
1.4273995825470338
1.3780412550326253
1.5584452904612165
0.0676173451364811
0.10596943881164683
0.1548783257560877
0.19620357004735373
0.23221227669318706
0.2709613968767687
0.3194558344535884
0.38142679207456787
0.4574997651221896
0.5462727438337813
0.6454182638064093
0.7523736977882565
0.8645083525195054
0.9788692686488999
1.091725864677782
1.1981724627289432
1.2920230299604265
1.366159909901984
1.4133936481415499
1.4277699818883351
1.4061384082453432
1.3496902167946832
1.2650982135914586
1.1648613211335959
1.06649055758322
0.9902843237174769
0.955646203040449
0.9762133544504533
1.0545037930859502
1.1773721587259287
1.3143017076544596
1.4214709784713915
1.455632620199502
1.4031449774600924
1.3310199477215023
1.4686091049256507
0.09403200250222532
0.11951096897957773
0.16833986508947293
0.21418813394256553
0.2549961717750215
0.29691752583739595
0.346449706552656
0.40751251678067413
0.48116928465429676
0.5664482830355809
0.6613246734374094
0.7633832705228625
0.8700150302898451
0.9782211660289712
1.0842239363660016
1.183128174423617
1.2688582816184653
1.3345274391055524
1.373294939650708
1.3796495580103345
1.3509375039834537
1.2888484844315538
1.2004984839943784
1.0987188042219482
1.0011934226522323
0.9281965922473864
0.8988855428167422
0.9264149148592401
1.0125758979090922
1.1432397052236243
1.2866177397688454
1.3972553381937598
1.4297680650962377
1.3676249146286668
1.2737972056282634
1.3718411752420008
0.09445008571550852
0.11011594181373735
0.16121443583361347
0.21353921208391904
0.26087464991350523
0.3075463715676619
0.3595623952836325
0.42101971033509283
0.4933989677096902
0.5761425406140711
0.6675241583045897
0.765287400096544
0.8668712990676988
0.9692698922004839
1.0687045107589868
1.1603386768291395
1.2382514044206958
1.2958212415951962
1.326576279002467
1.3254503352367626
1.2902683558198325
1.223180475639393
1.1316899395751405
1.0288908980879394
0.9325637389886268
0.8628838286983445
0.8387000613199181
0.8726481970169273
0.9657963578011733
1.1030919841176943
1.251606784846685
1.3644744817710726
1.3945012024445291
1.3227159579947216
1.2086344999681193
1.2707497281229705
0.07155450289027941
0.08001341982200917
0.13525504778883624
0.19553799899333218
0.25068272964964616
0.30327889112849776
0.358874683725285
0.42174025909263824
0.4937564872303765
0.5747635478937467
0.6633265696225441
0.7573536675666267
0.8543509691448317
0.9513353095818489
1.0445639727785563
1.1292978920431591
1.1998058552005577
1.2497582247631531
1.2730652314451787
1.265102773592053
1.224153601333577
1.1527895277125033
1.0588466349454502
0.955616077598791
0.8609037710653811
0.7947187385662637
0.7755479182321853
0.8154805489002978
0.9148736043492576
1.057816876048411
1.2103779593713704
1.3244993228784017
1.3514975799630848
1.2703947821441153
1.1378087588202892
1.1678599846530195
0.028805934304225775
0.032182849929041475
0.09294974745376322
0.16219343874104017
0.22598072569416253
0.28527116054275586
0.34519260503415516
0.4101902854115922
0.4825305823200649
0.5624344417370839
0.6487477899359209
0.7395434276109627
0.8324063108856341
0.9243976452405904
1.0118385677008654
1.0901171181628135
1.1537184477824478
1.1966235261435396
1.2131317347340198
1.1990534173402816
1.1531054435782457
1.0782418751750313
0.9825786510531268
0.8795415720075206
0.786896514062737
0.7244254767085547
0.7102075233977698
0.7557656422041205
0.8607647896408517
1.0085086255877311
1.1641984473241345
1.2788033310754034
1.302461235506585
1.2126025584991673
1.0634761115800955
1.0654784307954623
-0.029837644438551723
-0.029898849656702454
0.03729296557110164
0.1160348293242392
0.18886538351174686
0.2552315693585794
0.3198884634865334
0.3874629798682774
0.46059388713154636
0.5398646601660517
0.6243878349956339
0.7123955116799685
0.8015561968611784
0.8889890407284081
0.9710984478952087
1.043420773227866
1.1006760972850063
1.1371676569873521
1.1475851306887814
1.1281613882232897
1.0780212610144835
1.0004611102122638
0.9038252173227883
0.8016150371800812
0.7114958826281681
0.6529683991987982
0.6436649816390723
0.6945298276230502
0.8045613626290804
0.956353049037585
1.1143788572597824
1.2288486724037266
1.2490223818775241
1.151135082678051
0.9875655071744291
0.965591138226122
-0.10018441892571014
-0.10249861084578946
-0.0284363997743567
0.059906854574629936
0.14177965777809728
0.2152433764784524
0.28473441237920866
0.355071641744109
0.42925405335049927
0.5082079293731412
0.5912946363149529
0.6768948721135545
0.7627587961944958
0.8460695967710051
0.9233264693634817
0.9902274375871525
1.0417386869907506
1.0724908503801611
1.0775597238861523
1.053584952291943
1.0000710450819268
0.9206164165647392
0.8237437295194519
0.7229744073704664
0.6358175101719807
0.5814439899342416
0.5770073963084991
0.6328671396231283
0.7473861799871429
0.9025272439067544
1.0621761188531318
1.1759929867324588
1.1926488745002994
1.087559869488447
0.9117025136313818
0.8697954999484769
-0.17804632323117286
-0.1818476647118445
-0.1008805059799918
-0.0032229728438761514
0.08733139141216364
0.16759310616955395
0.24173923995624658
0.3147937022088512
0.3901040159272428
0.4689179199389986
0.5508243642923885
0.6343369640504377
0.7172795107223132
0.7968984519993028
0.8697920846184113
0.9318263073144958
0.978217896199319
1.0039241387803348
1.0043980404608477
0.9766669440038268
0.9205850233515129
0.8400124736294727
0.7436020643843074
0.6448427983662738
0.561036468728997
0.5109816786357033
0.5113271241923566
0.5718473896301972
0.6903059079908312
0.8481168464836645
1.0087162284454994
1.1214183486929377
1.1345822212773053
1.0231601634864778
0.837162412645786
0.7792636381083275
-0.2594443881113921
-0.26433431116808803
-0.1767845020316926
-0.0704369296114288
0.028128708445720227
0.11461283444068109
0.1929966028336082
0.2685241122883503
0.344879881057524
0.4236101034333934
0.5045068314830167
0.5861963703121179
0.6665625819183718
0.742908207558668
0.8119284867238209
0.8696570175455813
0.9115597140120716
0.9329146149963233
0.9295389340658843
0.8988258525968642
0.8409478971207587
0.7599870503443076
0.664679769158953
0.5684335674545722
0.4882965119294651
0.4426576206025435
0.44764049164164477
0.5124402696813716
0.6342610232721821
0.7940525057370972
0.9549378477707436
1.0660827288549148
1.0757977412428763
0.9589047401385835
0.7648507120244148
0.6947348351290753
-0.3407776844054713
-0.3466644034862794
-0.25314988118716136
-0.13901442169344813
-0.03336224440133262
0.058542249835582656
0.14055079484134309
0.21814434306126546
0.29533280000302026
0.3739362467241888
0.453922445631196
0.53400613068352
0.6121127822966016
0.6855890250643826
0.751219208135247
0.8051988789308098
0.8432364861528416
0.8609204929371039
0.8544158908413834
0.8214576253559905
0.7625044190558268
0.6818206546312551
0.588182102097844
0.4948690877500157
0.418633952148106
0.3774240758698026
0.38682311017273474
0.45545708036258653
0.5800144777979106
0.7410660673462399
0.9015566559935438
1.0106932404579965
1.016987522326783
0.8954414936787359
0.6953083996333768
0.6165336220357363
-0.41895363695942966
-0.42598688237953447
-0.3273561912113868
-0.20655063916150485
-0.09493349761356569
0.001414457457068528
0.08628423609920409
0.16541135688206587
0.24311932047663862
0.32147612856006913
0.4005953507504162
0.4792524294418053
0.5553918235236556
0.62638697228956
0.68909865562899
0.7398738811057082
0.7746526880180096
0.7893199682650869
0.7803693090683688
0.7458517085739845
0.686479547350033
0.6066611620474495
0.5151695072734108
0.4251154532888196
0.35291799574384647
0.31605579456524513
0.3295627575635676
0.4015105855949349
0.5281190454480686
0.6896659792902816
0.8490494407534777
0.9556996128303252
0.9585640569391036
0.8331121110606086
0.62873864300949
0.5446096179327343
-0.4914791739501966
-0.4999833858710089
-0.39724973425992954
-0.2710448074241659
-0.1547233737999722
-0.05503218099458046
0.03182920079064472
0.11186925408163712
0.18971306730174317
0.26764943963181215
0.34590579015506967
0.4232877119089412
0.49773255402445093
0.5666196574809453
0.6268695573969983
0.6749663424749127
0.7070671754736284
0.7193364726605191
0.7085751603439135
0.6731235180726269
0.6139151261637538
0.5354651051428756
0.4465039117090886
0.35993418522826237
0.2918082657691452
0.25911377458571905
0.2763298059730181
0.35099257083986535
0.47890250240806076
0.6401306284209165
0.797656177382051
0.9013056639054927
0.9006818354977755
0.7719846052692713
0.565051187442949
0.4785948403513767
-0.5565136262720862
-0.5669224153544346
-0.4611993447616742
-0.3309577724008981
-0.21127594462519186
-0.10941532690667488
-0.021495139192897184
0.05878486785703953
0.1363391841929395
0.21364942165871662
0.29102333621908255
0.36726393052711326
0.44027266976623625
0.5074108676032811
0.5656389986186466
0.6115608139928267
0.6415334237828862
0.6519817070754222
0.6399912659114964
0.6041643954013894
0.5456239461402466
0.4689562511571337
0.3828122234371754
0.2998510468066546
0.23572932792168816
0.2069258955097405
0.22736437013721797
0.3040679288731292
0.43246909954569945
0.5925176841033283
0.7473977751507646
0.8474960392933013
0.8432737407435402
0.7119001139842583
0.5039204103946346
0.41787398589275365
-0.6128855133631103
-0.6256797668156298
-0.5181205667391726
-0.3852398924571324
-0.2635724918944749
-0.16074345260739728
-0.07272050549593867
0.00710735923315886
0.08393175710383168
0.16039860139619888
0.23686144606240017
0.31208645178379174
0.38390851146110566
0.44964479641904764
0.5062736158033215
0.5504987643086611
0.5788582127585447
0.5880168174182696
0.5753214325203942
0.5396091515726333
0.4821611218605242
0.4076012184080016
0.32446657377582244
0.2451412837180005
0.18486129113745953
0.15958323724139367
0.18267870455178092
0.2606835067345088
0.38871525032909393
0.5466870486474
0.6981067536214998
0.794075132475335
0.7860987980294522
0.652530149480341
0.4448528398830937
0.3616631025657322
-0.6600763571853372
-0.675727950821188
-0.5674705736171455
-0.4333312361811662
-0.31103666352256626
-0.2084255544198914
-0.12124331645255436
-0.04254915763407135
0.033113424949060125
0.1085259701224104
0.18405280865311605
0.2583881755500444
0.3292685579386787
0.3939395034221928
0.44937359623457634
0.49235367293047233
0.519578341097001
0.5279312288726928
0.5149968751751571
0.4798205157296748
0.4238119735129597
0.35160116933727736
0.2715801742573823
0.19582997554373135
0.13914496738757945
0.11695035154427867
0.14207288703779947
0.22058950709958272
0.3473569709557446
0.5023346831657952
0.6494678392108222
0.7407148881869314
0.7287976870380937
0.593440401018733
0.3872599272680052
0.30909212776187933
-0.6981754667281393
-0.7170981372870826
-0.6092169954029911
-0.4751369140187261
-0.35351584882867876
-0.2522580441135739
-0.1668165154617531
-0.08990176363560173
-0.01580444606127255
0.058364136440794
0.13294413526538995
0.20652261634633498
0.2767054372146248
0.34063847256677987
0.39526437524229485
0.4374234252568749
0.4639542431680702
0.47193797081940253
0.45917369767553046
0.4248891797818479
0.3705950061145581
0.30089805898913785
0.22401713652362257
0.15170570116570528
0.0982996342466829
0.07868735767820985
0.10516147551705136
0.18337093544597766
0.3079663585130325
0.45903437999405006
0.6010653302519096
0.6870081072180111
0.6709523968742713
0.5341572301249335
0.330531968974181
0.2592869372252081
-0.7278102430704771
-0.7503187829107514
-0.6437844518726408
-0.5109810150841039
-0.3912419481313198
-0.29239172738416697
-0.20952209591025472
-0.1349761184581071
-0.0628033044321168
0.009964328436626434
0.08360840015601884
0.156574060019398
0.22630465212169842
0.2898185287691179
0.34400432908861367
0.3857383267311095
0.41197882561231475
0.41998379140495573
0.40774469424341697
0.37464765008369844
0.3222781296356315
0.255193500007875
0.18141422043676184
0.11234537496498155
0.06185113695280047
0.04428146810044897
0.07140860349285368
0.14848640930449195
0.2700142664801968
0.41628447719467715
0.552434056446737
0.6325239040211142
0.612146497508919
0.4742331503742407
0.2741092854470778
0.2114468289686237
-0.7500569814136646
-0.7763355421809309
-0.6719830477559643
-0.5415430898327707
-0.4247751906629652
-0.3292822643953792
-0.249727485399927
-0.1780680361302264
-0.10812344621315384
-0.03687337134638649
0.0358720500204603
0.10838242760663246
0.17790774458276537
0.24131190861973034
0.2954063132811375
0.3370826212949514
0.36339942724058044
0.37177196748890295
0.36036336509142125
0.3286957719884895
0.27840594565277055
0.21397801736015598
0.14321221994373967
0.07714788939450017
0.029167882282520968
0.01308540494228874
0.040168875952270845
0.11531158589999611
0.23291632301667262
0.3735565452473819
0.5031108439515092
0.5768621069607244
0.5520226944159332
0.41330783491755596
0.21754707731280737
0.16491374016646135
-0.7663374032745719
-0.796417338764797
-0.6949233785832337
-0.5677814264046692
-0.45493497408073114
-0.3636278364781743
-0.288029288581989
-0.21969255029439155
-0.1522176576553401
-0.08255751968369464
-0.010645642432960017
0.06158013908565582
0.1311472899947595
0.1947399579242672
0.24907058342804572
0.2910271000643321
0.3177505222431393
0.3267954503069491
0.3164777938120307
0.28643557087412036
0.23833572899136102
0.1765682962167616
0.10869455617939675
0.045374091505557324
-0.000497797074515392
-0.015639868974395628
0.01073142947772889
0.08318450790293741
0.19607952456619132
0.3303432091056059
0.45268357873510945
0.5197036230783754
0.49033461825284375
0.35116153528276495
0.16057077663692454
0.11922995291740815
-0.778306250905968
-0.8120535945074853
-0.7139227355231776
-0.5908475250249839
-0.48272187001038236
-0.39629792650331686
-0.3251880812533692
-0.26052396809423295
-0.19569579294733463
-0.12765370597965392
-0.05648411528912969
0.01563806156100825
0.08549090906345194
0.14955573090501553
0.20442644662886
0.24697020801936853
0.27439462190332775
0.2843778380169447
0.27537190326236355
0.24711294232716505
0.20127964452324254
0.1421499630748725
0.07703061120715311
0.016190614512681143
-0.027965403536201694
-0.04268062115262303
-0.01763538341365207
0.05145030213441614
0.15894681364508081
0.286202488680592
0.4008352265982495
0.4608541031878989
0.42699016589303507
0.28775821228594517
0.1031191836423717
0.07418157473034692
-0.7877352286810004
-0.8248475899595809
-0.730407195909108
-0.611996192575385
-0.5092349748224575
-0.42825716991457075
-0.36205801022750794
-0.30133048348462615
-0.2392636919370683
-0.17282710094985212
-0.10228706725856125
-0.030082462467677956
0.04029139708614053
0.10509268244181097
0.16077991415673862
0.20418498780355626
0.23256877217761185
0.2437196216515664
0.23621157749148794
0.20986371288284994
0.1663507481622869
0.10982347156923745
0.0473213919781352
-0.011284831195996008
-0.05408154415040398
-0.06882639446200764
-0.04564104699171556
0.019502881200987608
0.1210373035816182
0.24079633580281462
0.34738050664491243
0.4002786272594165
0.3620841413267479
0.22327616248643223
0.04537321456192567
0.0298256699409165
-0.7963983943378125
-0.8364107749692616
-0.7458141549075195
-0.6324955700186494
-0.5355886948961559
-0.46048816062867737
-0.399514895547564
-0.34290687533901976
-0.2836598074981437
-0.21878238913268297
-0.1487451213352431
-0.07627449247660101
-0.005159911572284331
0.06061666391774378
0.11736464913800988
0.1618692287650046
0.19143408195543823
0.203947199191295
0.19809319851040152
0.1737616693602401
0.132610415455501
0.07865077881378404
0.018645250846350686
-0.037938941750689056
-0.07967690326748307
-0.09482878040385498
-0.07393378392409837
-0.013178418515607629
0.08198013273587366
0.19392140411177208
0.2922933143624328
0.3381255727039479
0.29591843321505124
0.15812445982534135
-0.012231327230012162
-0.013500442675155513
-0.8059637983231065
-0.8482625721321833
-0.7614996046287659
-0.6535411804683907
-0.5628328526740731
-0.4939169126693386
-0.4383863655596254
-0.38600866464186684
-0.3295927737525004
-0.2662041855520979
-0.19653858293281817
-0.12363014416562247
-0.05157931492016546
0.01537854336588439
0.07339361437707027
0.11919630445160492
0.15012583785285386
0.1641622817985604
0.16009228664368055
0.13786630770749814
0.09911500930455065
0.047700683839242114
-0.009898405386741343
-0.06462108446954601
-0.1055268605768462
-0.12136479547574552
-0.10306710907151728
-0.046998989018853465
0.04154030466107324
0.1455304984435993
0.2357234390968832
0.27473831763785206
0.2290084985101995
0.09294411020343149
-0.06900791873355147
-0.05518853476110547
-0.8178957536953937
-0.8617398314795246
-0.7786541116070163
-0.6761777570385943
-0.5918796955441079
-0.5293443962008961
-0.47938729290231735
-0.43129086000803357
-0.3776829164050307
-0.31570081966294355
-0.24628306640162667
-0.17278769318564452
-0.09963902896202612
-0.03133504000683564
0.028109013714573177
0.07536437119673797
0.10780195432852963
0.1234895150235257
0.12131014013138422
0.10126826968665079
0.06495982857718798
0.016090945051968567
-0.03914922310524944
-0.0921060671764411
-0.13231739200663878
-0.14900640636174628
-0.13347348285271468
-0.0822272345178359
-0.00036471292707952177
0.0957436004265654
0.1780016069113
0.21065395579231072
0.16207548685205544
0.028593425085592906
-0.12404073172257823
-0.0943875630022567
-0.8333716038447061
-0.8779196133977545
-0.7982309936818821
-0.7012321888797686
-0.6234409956990639
-0.5673871972586171
-0.5230634522922953
-0.4792540934610844
-0.4284103966777911
-0.3677540751591246
-0.2984804821698592
-0.2242835298557238
-0.14991990291825774
-0.080155019908649
-0.01917162635115218
0.029641852507367426
0.06368776104431184
0.08112039430874798
0.08091663187485394
0.06313070598565908
0.029318659984754726
-0.016974413060796213
-0.06985132308802777
-0.12106281019574074
-0.16061754568547276
-0.17819738239074914
-0.16544611997217182
-0.11898191019185503
-0.043658410322632894
0.044847845462082855
0.11963239189033119
0.1465887477427538
0.09602392671852261
-0.03388225292876941
-0.17622293250201732
-0.13004990581102113
-0.8532162523511561
-0.8975584101079057
-0.8208896645920396
-0.7292604227052821
-0.6579779573147766
-0.6084299056314109
-0.5697459007877376
-0.5302005505235725
-0.48207230244626187
-0.4226771140082213
-0.35347753187900993
-0.27851103452559256
-0.20287055829515774
-0.13158926586243022
-0.06901508130046854
-0.018592563003042274
0.017115431029585775
0.036351856688690634
0.03818762704539275
0.022725115752565993
-0.00852242508444127
-0.05217386420872175
-0.10262519009060891
-0.15202996206912708
-0.19085941097468062
-0.20923825998327938
-0.19912959372477657
-0.1572289994228283
-0.08810899282515844
-0.0067136786317998475
0.06127506521111177
0.08341059287114164
0.031905489852829955
-0.09329570595348488
-0.2243108313641797
-0.1609944174557709
-0.8778570403347227
-0.9210502757826626
-0.8469565107371535
-0.7605105873276312
-0.69566610934924
-0.6525913267348311
-0.6195180996892303
-0.5842016419200482
-0.5387505658729764
-0.48058239888931603
-0.41143346249217855
-0.33568806231783094
-0.25877457828269806
-0.18598952815712116
-0.12183925754670946
-0.06981684010358914
-0.03244330834562762
-0.01138173249438806
-0.007464176994718301
-0.020539446593095215
-0.04913804077070776
-0.09004412169335282
-0.13794682139612463
-0.18539912340918135
-0.22332610719415552
-0.24227979534162544
-0.23451944822105797
-0.19678816341836503
-0.13334331258525592
-0.058363941001514034
0.0037129800412542763
0.02209936624535498
-0.02913005638295501
-0.14837648265869172
-0.2669921792733359
-0.18598426787343203
-0.9073008133385498
-0.9484056332415266
-0.8764050012733013
-0.7949039819555631
-0.736376769693334
-0.6997060526123327
-0.672197266084593
-0.6410788602626349
-0.5982921077999344
-0.5413609717488121
-0.4722983941387184
-0.39583430769078776
-0.31772697126113825
-0.24352713866819076
-0.17788834529092526
-0.12434049196803472
-0.08535217602497099
-0.0624841194494823
-0.05646582906900573
-0.06709454779778232
-0.09294387436038994
-0.1309633961041239
-0.1761345503278834
-0.2214059587225204
-0.2581479217795728
-0.27732487012449747
-0.27147060240955473
-0.23734834940292648
-0.1788703459770811
-0.10942392157340693
-0.05218739014429489
-0.03630348729076879
-0.08589502006599015
-0.1978410184451178
-0.3029662615126394
-0.20381685073201244
-0.9411342238328179
-0.9792517728328736
-0.9088560216745927
-0.8320348969439902
-0.779676030993586
-0.7493223261162673
-0.7273308729563891
-0.7003987256748766
-0.6603020970957082
-0.6046739591471535
-0.5358030721154613
-0.458759375293658
-0.37962070627647065
-0.3041782311666337
-0.23721701806059117
-0.18228812611544548
-0.14179366700650298
-0.11718077940852296
-0.1090685950163632
-0.11719832130472056
-0.1401847764546767
-0.17514234038934431
-0.21734358740468
-0.2601290951970336
-0.29530633691886193
-0.31423841198079855
-0.3097139124045456
-0.27849170935941125
-0.2241131338283469
-0.1591531708896217
-0.10552614361038735
-0.09075418477093485
-0.1372328373159865
-0.24047164230450285
-0.33103282094477837
-0.21342238979971365
-0.9785474785211733
-1.0128552682821261
-0.94359867381438
-0.8711895300349314
-0.8248415519139928
-0.8007165025421719
-0.7842086214432665
-0.7614821611073053
-0.7241506797512396
-0.6699566691427413
-0.6014604126884181
-0.5240619256340657
-0.4441436808938749
-0.3677188254604299
-0.2996839982904016
-0.2435919257546882
-0.2017609499289411
-0.1755107929235281
-0.16534043185361189
-0.17092920867274536
-0.1909304816797853
-0.22262249580159
-0.261567961495477
-0.30149634204835446
-0.3346453109163962
-0.35276450929267744
-0.348879864052922
-0.3197245723540026
-0.2684476761886826
-0.2067971928758605
-0.15542629053086346
-0.14027225575773092
-0.18209324887749337
-0.2752013346957894
-0.3501862688623341
-0.2139672660264402
-1.0183808734718536
-1.048165716652599
-0.9796310141890043
-0.9113835335742815
-0.8708967516027045
-0.8529237662156068
-0.8418895989740954
-0.8234280628030439
-0.7889929894751727
-0.7364351313431852
-0.6685787268246728
-0.591139803841267
-0.5107860445530508
-0.4337297030539886
-0.36495490994676033
-0.30799296863845294
-0.2650582025346422
-0.23732680480108695
-0.22516622775213815
-0.22818718195561707
-0.24507855055792593
-0.2732817168730995
-0.3086492076879843
-0.34529742575530553
-0.37588883731965705
-0.39254954899099137
-0.3885280075885923
-0.36051384146835613
-0.31124688706007747
-0.25163946462191505
-0.20109423730888418
-0.18400976229366992
-0.2196103766138595
-0.3012006083924578
-0.35971112083078116
-0.2049575366473039
-1.0591925763764283
-1.083879376825071
-1.0157194178203317
-0.9514169904313468
-0.9166613113751755
-0.9047841074555253
-0.8992437242722364
-0.8851502556788222
-0.8538017105503518
-0.8031544231434934
-0.7362860274272981
-0.6592106089798326
-0.5788573751246647
-0.5016105996650596
-0.43251395760511535
-0.37505092236856824
-0.33130890798019097
-0.3023025562041853
-0.2882552484813151
-0.2887018194143246
-0.3023638172620093
-0.32684575215876455
-0.35829084932107563
-0.3912021370778513
-0.41866350291030474
-0.4331698995518372
-0.42818043232167047
-0.4003268629903832
-0.35192737934361473
-0.29305555796460325
-0.24188154533948392
-0.2213208539440039
-0.2491800702390603
-0.31796245522786026
-0.3592741401520389
-0.18633763477056903
-1.0993452256552614
-1.1185204447490482
-1.050474470325667
-0.9899448800809189
-0.9608161978137598
-0.9550019196567985
-0.9550059763514314
-0.9454264589913502
-0.9174109364730505
-0.8690176327610732
-0.8035643657417411
-0.7273417316446087
-0.6475128044983699
-0.5706028636000978
-0.5016836182560441
-0.4441613228413668
-0.3999713212676789
-0.36994718298378537
-0.3541549474090057
-0.3520463349526328
-0.3623733652499386
-0.38290490168730146
-0.41007747043906984
-0.4387825368392684
-0.4625245167048147
-0.47416240995607434
-0.46735732328798585
-0.43867255247316206
-0.3899965778699487
-0.3305665436059452
-0.2773447964535743
-0.25182810935149735
-0.2705325615965801
-0.32538094767837417
-0.3490082942941243
-0.15857883500991757
-1.1371080323761793
-1.150536875848016
-1.0824405163302715
-1.0255603732263543
-1.0019807473095148
-1.0022169486425707
-1.0078413212898778
-1.0029573462561425
-0.9785695661006849
-0.9328338451636818
-0.8692927130453957
-0.79448849064302
-0.7157868224151199
-0.6398193903532862
-0.5716512191371529
-0.5145793528749413
-0.4703600464297396
-0.43962522334444026
-0.4222700625481587
-0.4176564420966953
-0.42456584491171223
-0.44093447358037635
-0.4634969835018732
-0.4875376807619681
-0.5069834978243064
-0.5150558111899458
-0.5056124553373302
-0.4751413712560791
-0.42509746047221203
-0.3638886513722968
-0.30730017861211584
-0.2754818831843572
-0.2837962150621231
-0.32381881697336334
-0.3295833415381165
-0.12275175945852897
-1.1707702047258035
-1.1784068570680308
-1.1101952405135005
-1.0568875951419396
-1.0387987052306318
-1.0450837286294687
-1.0564176994702317
-1.0564332766708302
-1.0360020143774942
-0.9933731120638786
-0.932296516218213
-0.8595386471406006
-0.7826331680849701
-0.7082803545565419
-0.6415010137586051
-0.5854488027144772
-0.5416724532143321
-0.5105810871947116
-0.49188575219355735
-0.4848527778781145
-0.48829380605963063
-0.5003176328300034
-0.5179645772239889
-0.5369192108688582
-0.5515362021740708
-0.5554010014791958
-0.542566374961541
-0.5094416397483342
-0.4570481153244169
-0.392976041717853
-0.3318692778251848
-0.2926087383479015
-0.28954800989457763
-0.31415916060169397
-0.30225767788290875
-0.08057699037421881
-1.1987606777675313
-1.2007512548390364
-1.1324549398202204
-1.0826798362887908
-1.0700295050884088
-1.0823560828207557
-1.0994839288057894
-1.1046058149629512
-1.088473598886007
-1.0494259935173038
-0.9914017220163501
-0.9213612784051546
-0.8469689581014261
-0.7749530322630216
-0.7102501707055799
-0.6558347247626395
-0.6130185185763282
-0.5819666196794682
-0.5621934220993066
-0.5528655323215712
-0.5528276550438224
-0.5603691864616341
-0.5728467926126478
-0.586356133794509
-0.5956883480157806
-0.5947981815766382
-0.5779350079511346
-0.5414296618976193
-0.48587328890111237
-0.41805352539364227
-0.35151253744835104
-0.3039450095431255
-0.2888463452822019
-0.29783637339224905
-0.26890599961534645
-0.034447763047753446
-1.219768335130863
-1.216446632366159
-1.1481804734293104
-1.1019185754060694
-1.0946405159813233
-1.1129727634892752
-1.135948927932029
-1.1463607543282741
-1.1348576081803254
-1.0998649480074008
-1.0454907965282227
-0.9788577649293595
-0.9077210084698504
-0.8387938511901043
-0.7768869674564266
-0.7247582032244022
-0.6834526149873176
-0.6528703541324393
-0.6323178836008478
-0.6208599370782413
-0.6173798731772788
-0.6203588929491688
-0.6274842333259522
-0.6352771764878388
-0.6389777804146154
-0.6329188937591557
-0.6115515234169853
-0.5711312305012903
-0.5118251946102833
-0.43963616203604056
-0.36704693565337587
-0.31065162738661906
-0.28324183312388074
-0.2768414594751408
-0.23201738659475474
0.01258125384641743
-1.2328561657990393
-1.2247327518796176
-1.1566782626462275
-1.1139081268932278
-1.1118954919257211
-1.1361398681288548
-1.1649582791233246
-1.1807890246451553
-1.17420077479047
-1.1437046119211782
-1.0935580750780667
-1.0310124959361087
-0.9638721999056202
-0.8987907356747062
-0.840409446045829
-0.7912316570849316
-0.7520057961179021
-0.7223471067188569
-0.7013445652803619
-0.6879613737798534
-0.6811282617017715
-0.6795330314838466
-0.6812115810711757
-0.6831292889257704
-0.6809914058947396
-0.6695212194297672
-0.6433794935166371
-0.5987522970588423
-0.5353910691063652
-0.45853288597211567
-0.37964464767684114
-0.3143065440511942
-0.27476194894357453
-0.253697079077038
-0.1946585969104198
0.056844910869312086
-1.237562119991045
-1.2253078664414412
-1.1576901676718772
-1.1183602425749382
-1.1214340361229318
-1.1514053065347318
-1.1859638454920798
-1.207251617138355
-1.205783676640446
-1.1801578597144997
-1.1347616754514314
-1.0769408407706107
-1.0145057206228623
-0.9540038383992975
-0.8998628506231527
-0.8542931936503242
-0.8177172625232578
-0.7894467280548371
-0.768345692406494
-0.753279080610585
-0.7432372204136054
-0.7371332302267721
-0.733373869606345
-0.7293911632904814
-0.7213756431349035
-0.7044567170588688
-0.6735157250784176
-0.6246769344082065
-0.5572853131990242
-0.4758316604879086
-0.39080981311420315
-0.31687145344051776
-0.265865759454976
-0.23139802596287365
-0.16039769684457472
0.0941637614951345
-1.2339788249649968
-1.218404573330448
-1.1514656038905609
-1.1154625995730567
-1.1233365584627866
-1.1587203202158274
-1.1987819425369657
-1.2254344988173713
-1.2291724870914866
-1.2086844845263067
-1.1684692054450763
-1.115931979153431
-1.0588451113218276
-1.0036028841262743
-0.9543743405025001
-0.9130387414693673
-0.8796639372681138
-0.8532411077874917
-0.8324046601436492
-0.8159277761002386
-0.8028764339913371
-0.792411943689895
-0.7833383836901845
-0.7735810712866851
-0.7598395848765881
-0.7376681463312255
-0.7021816159157988
-0.6494512071294142
-0.5784245488311509
-0.4928641618553482
-0.4023310317430242
-0.3206300029689563
-0.25936544786799987
-0.21331333010236692
-0.13318364270626037
0.11999049076175333
-1.2228038060977926
-1.2048385585990222
-1.138808888610701
-1.1059248026950006
-1.1181689673172215
-1.158482882039439
-1.2036354520236159
-1.2353894370248584
-1.2442584976012716
-1.2290293972243633
-1.1942946060857265
-1.1474843434044075
-1.0962882446874929
-1.0468996034266274
-1.0031837678679778
-0.9666510275151862
-0.9369874556566682
-0.9128489381928123
-0.8926382701177974
-0.8750469939274619
-0.8592368437214953
-0.8446444995877811
-0.8305021037415807
-0.8152588975849828
-0.796150662095249
-0.7691776374869363
-0.7297025166645773
-0.6737522053327846
-0.5998845745015657
-0.511148653258914
-0.41620787582300645
-0.3280953617751214
-0.2583120267543802
-0.20304684750900706
-0.11717809478883544
0.1296109451274122
-1.20535144251651
-1.1860222218110759
-1.1210945417787725
-1.0909953331800142
-1.107001208630613
-1.1515577421573755
-1.2011752682001058
-1.2375567179952565
-1.251281959775014
-1.241247421545697
-1.2121237061132129
-1.1713317122439317
-1.1264337081289661
-1.0833741184012526
-1.0456697385805218
-1.0144249357338528
-0.9889183860815584
-0.9674582939922858
-0.9482170870399762
-0.9298185432813286
-0.9115444343982035
-0.893138316577608
-0.8742953247150701
-0.8540229794679377
-0.8301233555960188
-0.7990657386505763
-0.7564753701515978
-0.6983423036700824
-0.6228390204493509
-0.532310538099746
-0.43455054422706835
-0.34188585334932853
-0.26584347486139887
-0.20425404686561016
-0.11653659014070827
0.11840327688537129
-1.1835175815645183
-1.1639349429258536
-1.1002431127641836
-1.072442797519725
-1.0913937581604736
-1.1392679477568677
-1.1924765941661442
-1.2327659351375344
-1.2508370470702936
-1.245712075828108
-1.2221264331788972
-1.1874584203305971
-1.149098535413931
-1.1126946693650195
-1.081370749226468
-1.0557894041579678
-1.0347981621689668
-1.016347789499231
-0.998384914420711
-0.9794832877586194
-0.9590731783735803
-0.9372407379527797
-0.9141829504687419
-0.8895032623222727
-0.8616024242338968
-0.8274427201282646
-0.7829258663111368
-0.7240096909113222
-0.6484805035927701
-0.5579810936776664
-0.45945280580231723
-0.36456839079643505
-0.28499457037579395
-0.22041374221060978
-0.13513724172007535
0.08215767671017296
-1.1596875541757181
-1.1410416514814155
-1.078650081576343
-1.0524948820816729
-1.0733462981585358
-1.1233528607149217
-1.1790058715241294
-1.2222113545141693
-1.2438551322996292
-1.2431061895100788
-1.2247541443650907
-1.1961027219978662
-1.164326861979819
-1.134730753089967
-1.1100019253480884
-1.0903267974319932
-1.074100031569466
-1.0589079425770536
-1.0424792976534871
-1.0233593835677368
-1.0011594627530473
-0.9763479442714167
-0.9496660143904336
-0.9213533593587228
-0.8904432246201203
-0.8544146449126322
-0.8094575031988255
-0.7514973879121662
-0.6779262723214902
-0.5896760916558927
-0.4928395977374402
-0.3984706819817714
-0.31846893048951236
-0.2545547643070598
-0.17625637852612475
0.017457919539478804
-1.1365782854986681
-1.120151393350838
-1.05906049851973
-1.0337286131098067
-1.055203079503211
-1.1058880405063454
-1.1625545409374864
-1.2073988483862346
-1.231564127048117
-1.2343928168003457
-1.2207212147806477
-1.1977480834023944
-1.1723898717288868
-1.1495605911799625
-1.1314687863977475
-1.1177916424979886
-1.1064513256214794
-1.0946654194193044
-1.0799560505984647
-1.0608652466635937
-1.0372214932584263
-1.0099186117800596
-0.9802872149524655
-0.9492453735456856
-0.916492996156314
-0.8800480406657962
-0.8363962954083377
-0.7814243449524101
-0.712111724471568
-0.6286574226940388
-0.5362920711191023
-0.44546461131392046
-0.368375217400149
-0.308939022047611
-0.24219200615535613
-0.07787551966107241
-1.1170052935532369
-1.104207774087421
-1.0443822930137747
-1.0189058690493034
-1.0395098959950224
-1.0891628614187128
-1.1451364066019054
-1.190062034427088
-1.2154223448833146
-1.220765692380447
-1.2109708698271875
-1.1931030861881302
-1.1737783717330372
-1.157474873169966
-1.1458805440552664
-1.1381317490404825
-1.131660538391441
-1.1233140665407007
-1.110422079953964
-1.091551840046197
-1.0667885310170995
-1.0374973850303257
-1.0056456928795448
-0.9728728119091633
-0.9395784892312972
-0.9043385419456547
-0.8639364318681844
-0.8142037949500509
-0.7516767898634875
-0.675782470887737
-0.5908545219893993
-0.5067248665994875
-0.4359311457870353
-0.3847040910586989
-0.3338376616181711
-0.2042827243407913
-1.103565625011994
-1.0960035019388483
-1.0374316117967406
-1.0107486047395442
-1.0288181909022085
-1.075512404956994
-1.1288461255936888
-1.1720460799695707
-1.197026243475972
-1.2035794363989383
-1.1966262759546793
-1.1830717194984626
-1.1691904871812389
-1.1589799347039424
-1.15356671383781
-1.151516064782705
-1.1497540849669723
-1.144758068294288
-1.1336822618580213
-1.1151503985141575
-1.089546388172717
-1.0587548429771274
-1.0254279264340154
-0.991968608774707
-0.9595070351172521
-0.9271906240962392
-0.8920939672799569
-0.8499658486429913
-0.7968520033496975
-0.731347840872844
-0.6568295237646102
-0.5824687749565831
-0.5211408380340741
-0.4814703912506015
-0.4502111718631385
-0.3599058574205954
-1.0982282030711685
-1.097811769688584
-1.04060415069205
-1.0116489365339614
-1.0254325885892759
-1.0671010219719725
-1.1156772752913737
-1.1551586391393516
-1.1779924831684825
-1.184260870039842
-1.1789291280295817
-1.1687171274287333
-1.159518323792999
-1.154804948341526
-1.1551022971082021
-1.1583751505585027
-1.1610291990420247
-1.1591742113979766
-1.1498078190107899
-1.1316434503681967
-1.1054073964471893
-1.0735524697867178
-1.0394634946426153
-1.0063471869023415
-0.9760901052075727
-0.9484175337337758
-0.9206776470505442
-0.8884933631768699
-0.8473531670946728
-0.7949361383340403
-0.7335696975375219
-0.6716854528909906
-0.6224532327177024
-0.5969201901125998
-0.5879450139886045
-0.5399810330576553
-1.101823669507048
-1.1109279142714472
-1.0554672342366829
-1.0233101155341044
-1.0310991078722154
-1.065656006214796
-1.107299580267442
-1.1409885976349148
-1.1598160228181889
-1.164204160295431
-1.1591694005185549
-1.1512233774984726
-1.1458390104905978
-1.1459193348700956
-1.1513484833462795
-1.1594619129501516
-1.1661312404809099
-1.1671021040588097
-1.1592355658457754
-1.1413689656041113
-1.1146150813101339
-1.0820432062662704
-1.0478165668043997
-1.0159816354880074
-0.9892005964431902
-0.9677727468215644
-0.949288226164264
-0.9291824083378405
-0.9022958234928803
-0.8652768548968178
-0.8192769322565874
-0.771864774016851
-0.7364116708381127
-0.7263581057689434
-0.7407474282698704
-0.736189093966491
-1.1134266030988342
-1.1351156883043048
-1.0822683854491824
-1.0463154945623236
-1.0466324803153146
-1.0721510734003514
-1.104796215911225
-1.1306947169381458
-1.1437074696000424
-1.1446540849398121
-1.1386115762410483
-1.131861534131996
-1.1294173230660252
-1.133568458150952
-1.1435177425838483
-1.1559422148770713
-1.166165726376795
-1.1695732980207802
-1.162909545599231
-1.1451696697146412
-1.1178960349256968
-1.0848204669492318
-1.0509263320256952
-1.0211294833699123
-0.9988775207728275
-0.9850267656340348
-0.9773601597317214
-0.9710412066186564
-0.9601433444130563
-0.940135022673462
-0.9108225087504935
-0.8787393252374472
-0.8573074746391961
-0.8622654948871122
-0.8988461645893464
-0.9359765946635443
-1.1296240013326133
-1.167953579967599
-1.1193573255453702
-1.0796238849388107
-1.0714823777116118
-1.0864408091498845
-1.1083636612677135
-1.1247679085735682
-1.1304146195729767
-1.1265835077802682
-1.118424542160252
-1.1119682711627277
-1.1117291115908348
-1.119337758201202
-1.133274336912256
-1.1495272085394115
-1.1628576858247643
-1.1682926089270436
-1.162478988227388
-1.1446020230306588
-1.1166739952430713
-1.08313107312747
-1.0498121965202076
-1.0225232061808571
-1.0054944809804836
-1.0001058121586357
-1.0042623286358472
-1.0127442461002687
-1.018705300036387
-1.0162441937731626
-1.0036045017412754
-0.9860554701866056
-0.9768533073326101
-0.9938641071601536
-1.0484297603224122
-1.121861326977169
-1.143665133378871
-1.2040779387634515
-1.1625197621877956
-1.1199912132689387
-1.1032399601665384
-1.1068489470733955
-1.116978359854265
-1.1227727413741726
-1.120035081891541
-1.1105731917528818
-1.099624458258682
-1.0929474507157935
-1.0945170220936387
-1.1052578171017404
-1.1228836896475751
-1.1426617122587543
-1.1587734809049324
-1.1658875354749199
-1.1605691836961307
-1.142222089268979
-1.1133639181710873
-1.0791703852074126
-1.0463624606855433
-1.0216445393227596
-1.0100112948858682
-1.0133119993685247
-1.029477529466842
-1.0527613704644843
-1.075205913126486
-1.0893034775684813
-1.0914620440583418
-1.0853928790621858
-1.083895370309453
-1.106707681964594
-1.1711045648984881
-1.2707400622937906
-1.1444893214532743
-1.2343212162576638
-1.204222976574978
-1.1613201379814089
-1.1370880012281708
-1.1297152764401515
-1.1280364762442994
-1.1230759022527859
-1.1118290832744118
-1.096704365023016
-1.0830422746779138
-1.0763075441705119
-1.0798925282659728
-1.0939654521215831
-1.115426722777317
-1.1387856947109098
-1.157623045912809
-1.1662445526477023
-1.161144802911942
-1.141968515312323
-1.1117668864241912
-1.076481030378081
-1.0437283542169968
-1.0211048862030356
-1.0143313964754404
-1.025647875014783
-1.0528838154922318
-1.0895850500213582
-1.1264458438258016
-1.154061845130896
-1.1666695489247063
-1.1660554283557998
-1.1641870691840799
-1.182323765620151
-1.2433893548198873
-1.3532198369875563
-1.1156298965216807
-1.2447454246801244
-1.2327751160352483
-1.1939412819818152
-1.1651999410723093
-1.148908169066285
-1.1369753196784376
-1.1225717054150448
-1.104044012419286
-1.084477004644829
-1.0693302056860186
-1.0637504859543325
-1.0705010833478883
-1.088938801855151
-1.1150982194093704
-1.1426889485082379
-1.1646635853770633
-1.1749542105257094
-1.1699884201721105
-1.149666128921521
-1.117590044042263
-1.0804800254095484
-1.0468487674405016
-1.025157624858744
-1.0217912076485516
-1.0392718468290472
-1.0751644364407693
-1.1220827431328009
-1.1690842977112512
-1.2045166977015649
-1.2200378111305237
-1.2150602340918644
-1.2002506729638647
-1.1979319511420305
-1.2362733345759427
-1.3329980850008019
-1.0339945145916818
-1.2155729639067898
-1.2314022514807244
-1.2038319931947954
-1.1760955745517145
-1.1553121689170862
-1.136887555574479
-1.1164173879785837
-1.093764998174481
-1.0727696252223065
-1.0590243783671887
-1.0573305443678187
-1.069770277584919
-1.0948275258766706
-1.1276114997938582
-1.160982341756133
-1.1872291505643786
-1.1998904195058722
-1.1953205081811233
-1.1736772437661505
-1.139119391464967
-1.0991428011457496
-1.0631347823340442
-1.0403719375992677
-1.037811549660059
-1.0581149249913568
-1.0983771010848553
-1.1500052805369678
-1.2000725175569513
-1.2342578060454974
-1.2411530578330392
-1.2172557697301238
-1.1713577134717006
-1.1262689981762817
-1.1148676053312405
-1.1663212363008886
-0.868524223238615
-1.120019280571568
-1.1772496797964347
-1.171781070656714
-1.1539637096516475
-1.1363028171735945
-1.1181421532539144
-1.0977938532781442
-1.076808832137036
-1.0598594680926248
-1.0526840709002068
-1.0597050771816534
-1.0822642544336019
-1.1179026881203806
-1.160735228787024
-1.2027126427757213
-1.2354141956822424
-1.2519530568892634
-1.2485910011041987
-1.2257316535528313
-1.1880772340782046
-1.1438766566112522
-1.1033471890565547
-1.0765019293164306
-1.0707453607026594
-1.088693469098767
-1.1267175896806296
-1.1746865575211225
-1.217274118738794
-1.236992171742944
-1.2187895063212286
-1.1556045465535325
-1.0536634365593978
-0.9355558906388641
-0.8381848161909973
-0.8015560636320314
