Predicted value
-0.6374504175643594
-0.6971266020029709
-0.7994840332908595
-0.871040029609027
-0.8771680642599158
-0.8114901716384928
-0.6852300786536638
-0.5179091969907574
-0.3301491935395795
-0.13886296446544222
0.04524290470660475
0.21818008247854692
0.38168330580416665
0.5412560949148641
0.7038053209014912
0.8753562400799186
1.0592403870025748
1.255019989461692
1.4582677114424811
1.6611729212114366
1.8538086990500595
2.0257808200496967
2.1679043493540338
2.2735286477542367
2.339170882092306
2.364234944994397
2.349800389520036
2.296777953860552
2.204157866733138
2.0686377630796917
1.8876220795741165
1.6684476177563035
1.4477239368199886
1.3258957456811729
1.5235508824141668
2.467625175957904
-0.8443210748676506
-0.730199319561784
-0.6938749521899368
-0.6606679095962278
-0.591552418686824
-0.47426955854304254
-0.31389989121496953
-0.12437070659017024
0.07825675437707957
0.2803667253884097
0.47324979636082176
0.6537178027376971
0.8233059624357111
0.9865725087077912
1.1490127735035145
1.315054457604008
1.4865070583759046
1.6617144909177881
1.8355192111414933
2.0000020074262803
2.1458274483883226
2.2639141355051695
2.3470747883082925
2.391247164090192
2.395976261049057
2.3639245509975497
2.29939351267622
2.206149866820147
2.0852770269123893
1.9343297525051861
1.7497712025798418
1.5355299121368606
1.32154303353758
1.1973648725457533
1.3673296850222219
2.235378261292622
-1.0356658204345326
-0.8034053103617502
-0.6732564440530506
-0.5711170154163661
-0.45515084133745276
-0.3086028291297662
-0.1315834642957583
0.0666117280149745
0.2737220757374814
0.47885736317392613
0.674903054346716
0.8592155012703682
1.0329962369708827
1.1998188451974148
1.3637953255075157
1.5278247112455698
1.6922783263601566
1.854356862501021
2.008217797886317
2.145830941516653
2.2583884479200957
2.3379868862236037
2.379226240445684
2.380347442975877
2.343569577732233
2.2744036109520156
2.1799247934570047
2.0662941060264606
1.936243666691233
1.787795262816699
1.6161784892502915
1.421768744060489
1.2278889329653149
1.1135255399280481
1.267413112068068
2.0715545594780416
-1.179976995897226
-0.87376993895694
-0.6850069319046295
-0.5417085311012677
-0.40061699907458603
-0.2416937842350393
-0.06110576739883733
0.13564455137705878
0.33944027070280924
0.5416300580327444
0.7363610835078376
0.92133423160859
1.097327623877801
1.2669261989328504
1.4329151802798625
1.5967570955485249
1.7574889701711394
1.9112617817162443
2.051611605538471
2.170414485607334
2.259348303809923
2.311578174171614
2.3233105327865644
2.2948385072813307
2.230740708831647
2.139010672600959
2.0290981564494572
1.9091497703612834
1.7831583277360572
1.6492812619743993
1.5012818151373999
1.3358958573627726
1.1699455136570975
1.0722216361387478
1.2165539422640874
1.9640937205113378
-1.262113034509575
-0.9163820117383139
-0.6960288128701064
-0.5325293547391059
-0.38240955180432756
-0.22340281061993394
-0.04862561401533849
0.13948538512344655
0.3343924335490751
0.5292714974956496
0.7192585310420903
0.9022465786629761
1.0785377380033463
1.2497529798423619
1.417429501182041
1.5817030518944195
1.7403949028677435
1.8887131915924416
2.019649667104752
2.125018737643321
2.196959578755379
2.229617264397932
2.2206488162988327
2.172178104957222
2.090863056654837
1.9868530022035724
1.8716166223537862
1.7549251793157765
1.641694951186175
1.5299403837075483
1.4117788192038976
1.2802721332131024
1.1459035827613744
1.0676830238793054
1.2052637673267679
1.9000530880586863
-1.278706952644514
-0.9196295269093708
-0.6878361968468738
-0.5193954974696133
-0.371653868787881
-0.2210285991127181
-0.05835813399774814
0.11635994249574289
0.2986845520273862
0.48327345135402666
0.6660306031659449
0.8449291536557961
1.0197730808420529
1.1912667436869495
1.3597947728225934
1.524288376709492
1.6814815697839238
1.8257554390876476
1.949643730498591
2.0449421324785293
2.10424004170641
2.122590688557654
2.098966658603995
2.037126446628748
1.9455570995622886
1.836271621725684
1.7224410073103011
1.6151429086011457
1.519925421555742
1.434428650461482
1.348991977996719
1.2530146935971165
1.150845199063696
1.0921627933247318
1.2231994156651664
1.8667400760466735
-1.234443675235764
-0.881313979035844
-0.6525289920211019
-0.4897077409598065
-0.35190008156623165
-0.21498849054357594
-0.06819642391608927
0.0903809103252784
0.2579895703962283
0.43048144204824723
0.6043525141268558
0.777577707183208
0.9494653882136999
1.1198680028340888
1.2881249358927587
1.4520931501750973
1.6075537279308696
1.7481815289531935
1.8661441593339991
1.9532686943009354
2.0025934941874897
2.0100213720857125
1.975722692562546
1.9049160804699938
1.8076936748299328
1.697670652509529
1.589438447406747
1.4951010806209204
1.4205876730737796
1.3629749117563161
1.3107343616887834
1.2496544352791734
1.1781889265334113
1.137166666991011
1.2601734408176082
1.8525011856629447
-1.139090766737589
-0.8055278695697288
-0.5895381665018191
-0.43908465739631275
-0.31566294804272754
-0.19528338911995835
-0.06611887359273538
0.07518164940765493
0.22720632510352612
0.3867638585713351
0.5508044237395957
0.7172542080657198
0.8849478119478147
1.0529630894956998
1.2197091030314087
1.3821030450956566
1.5351096362880234
1.6718200124473994
1.7841298479697523
1.86395180094576
1.9047786877650024
1.9033144773595687
1.8608236158319538
1.7838287283131695
1.683825774011019
1.5757976300185994
1.4755052270433089
1.3958331332700324
1.3428772585726731
1.3129995077191094
1.2927511255595634
1.2643965269310364
1.2207659666340234
1.194341857825938
1.3068532680126377
1.8472294879869624
-1.0051776184293137
-0.700190499624556
-0.5030373833997035
-0.36866840482366126
-0.261639249355067
-0.1586433658266111
-0.047278783353133846
0.07686751693580751
0.21343748627396053
0.36000288898941735
0.5138623940929792
0.6728654889284615
0.8354095227115845
0.9998835618114839
1.1638851675452162
1.3235270685443818
1.4730933708977223
1.6052128077578143
1.711602953407445
1.784317692395005
1.817313919752657
1.808055830988658
1.75880961798045
1.6772612965709555
1.5761291310708332
1.4715530674774882
1.3802401185212236
1.3156401371234705
1.2838342479850278
1.2803517572973386
1.2898040054706057
1.2910487447822827
1.2715895904521246
1.2560852873287267
1.355206332610948
1.8426452753097255
-0.846228032624925
-0.5751469594511396
-0.3999259908456865
-0.28300843837626277
-0.19250810999422097
-0.10625968192469148
-0.011682430240581576
0.09637813716269461
0.21837922933497755
0.3524993089678343
0.4963066319150382
0.6475638712914296
0.8042782113969942
0.9642406143222402
1.1243566713008533
1.28006792916941
1.4251102071552983
1.5517675681265488
1.6516706588843095
1.717069463544187
1.7423965000195871
1.7258405095726461
1.6705861208194606
1.5853551899498326
1.483923905731337
1.3833996785961662
1.3012366852413746
1.2512620911914205
1.2393898011604758
1.2602284682941212
1.2964588059494324
1.323675367072434
1.3243732639362495
1.3159241724953423
1.3987417783749345
1.8323979530325691
-0.6754604601358443
-0.4407444961035889
-0.28829756429523323
-0.18843744016909936
-0.11322873776823617
-0.04201801024406637
0.0376292719013267
0.13134502321699926
0.24020650371891605
0.36287437459098615
0.49712956472193426
0.6406515377693072
0.7911113969276271
0.945794462891754
1.1010318871328133
1.2517228950258694
1.3911817690693091
1.5114600588996203
1.6041881195150305
1.6618643095610182
1.6794084051835885
1.655701379306008
1.5947700387147097
1.5062554795342091
1.40484229301239
1.308434305510119
1.2350557466761891
1.1987474854739544
1.2051297324928696
1.247828756310223
1.307629079049241
1.357027679192873
1.3738463156415306
1.368715573431365
1.4325929959410306
1.8120310882924473
-0.5048789047528115
-0.3068091522727395
-0.17631686157542092
-0.0918623829051125
-0.029758639239122253
0.02884386471266087
0.09597192839978974
0.1775205684132416
0.2750294440328007
0.38754381169807683
0.5130181107338274
0.6490623012053482
0.7930694033816539
0.9419107044259474
1.0914561790983948
1.2361851949288842
1.3691099159807036
1.4821543604637757
1.5670291835513697
1.6165293252909219
1.6260720619612576
1.595200105098364
1.5287115831739964
1.4370593940487202
1.3356999093175932
1.2431787220058217
1.1779324342369173
1.1540737589708814
1.1768258371780451
1.2387940263592294
1.318922875628056
1.3867959441203206
1.4159099207720467
1.4107055419949521
1.4534794569604412
1.7788468355628269
-0.34468572313595724
-0.1819537407694105
-0.07143617707826866
9.827980074428311e-05
0.05187660624389284
0.10072261223164325
0.15805012642904326
0.2298465639059063
0.3179886678173004
0.42183115535196825
0.5394768290444899
0.6684868146197034
0.8060353333787698
0.9486681882287135
1.0919013152848773
1.2299087050222037
1.3555111056998017
1.460601564717752
1.5370444181689569
1.5779741826054994
1.579313313432213
1.5412363488532357
1.4692459344141129
1.3745069983856804
1.2731223000104384
1.1841390784606247
1.12626596772348
1.1135650890167226
1.15077966522956
1.2294759987652244
1.3268335925135513
1.409721950990103
1.4476705524252886
1.4394830102563636
1.4595809215507718
1.7317007078542923
-0.20295523590452336
-0.07315586624171477
0.020110314140845964
0.08169274421382677
0.12622341925697522
0.16834146933349226
0.21869228610410063
0.2832230455609314
0.3640499074466707
0.460780456338784
0.5716514621055706
0.6942001561639166
0.8254403221712863
0.9616759629505052
1.0981685070585359
1.228891835953489
1.3465762236709014
1.4431709627745843
1.510759380582463
1.5428525057674785
1.5358822048812262
1.490624548627259
1.4132228663052457
1.3154607812401489
1.2139718676857176
1.1281778081325062
1.0769344366407445
1.0741482062414123
1.1240177940881835
1.217070134382235
1.3288105236145185
1.4236059528599931
1.4673828651983392
1.4538584903102898
1.4503521503904675
1.6707528392108666
-0.08551424147599934
0.014448156018803116
0.0935885332597293
0.14838370025446052
0.18880453395292773
0.22720222223336675
0.27334206752042817
0.3330314108822311
0.40855161627734793
0.4997216211869812
0.6049056916563454
0.7216440942654951
0.8468457922373496
0.976650365253071
1.1061555200654989
1.229230179163921
1.3386045850313104
1.4263615154321154
1.484859948157976
1.5080177192242123
1.4927762641349176
1.4404817950026163
1.3578566245032435
1.2572151783522756
1.1556149186865616
1.07273630891256
1.0274714637186013
1.0334816235301254
1.0943724481961636
1.1996467176160375
1.3232397348310732
1.4272369273004712
1.4743292121369236
1.4536930084797297
1.426301722414445
1.5971974743921964
0.004017796108447158
0.07760098931119397
0.14587049858058007
0.1970137117795429
0.2363354205045799
0.2738448924524455
0.31835406626446877
0.37545936116039347
0.44755285525914495
0.5346353725211362
0.6351977062200141
0.7468101742441151
0.8663283258231196
0.9897972779569579
1.1122322303755323
1.227481567762646
1.3283549847195073
1.4071356400054853
1.4565058394603647
1.4708135391663961
1.4475054293336695
1.3884648825723542
1.3009330051334664
1.1976717938398842
1.0960633522745902
1.015941634827356
0.9761366439076707
0.9899887814943199
1.0604765286940938
1.1761071736072295
1.3093613060289755
1.4202706248385017
1.468658637821919
1.4396984516290343
1.3887544290569742
1.512988409371679
0.06406991494176448
0.1148349105924838
0.1754059203801358
0.2258298606039568
0.26679462708999263
0.30595694924500605
0.35113555852169603
0.407669299130744
0.47802289030480044
0.5623589920528098
0.6592974076236461
0.7664640533094575
0.8807071172448947
0.998038990982146
1.1134634683268494
1.2208817426901446
1.3132512745308862
1.3831120218128423
1.4235082062682072
1.4292341041243966
1.39823267929948
1.3328895973862773
1.240905647509605
1.1354112338389832
1.034020756653877
0.9566257618736979
0.9219070753639738
0.9428211315968192
1.021697732861596
1.1460889126740834
1.2871448028030423
1.4030757949053543
1.4512042226184407
1.4132266455849885
1.3396129707638011
1.4205744759949077
0.09487747388955856
0.12629102394076275
0.18209528593726265
0.23440374167838496
0.27938424872530265
0.32236830537764155
0.3701705335409656
0.427846332763325
0.49790849719570224
0.5806686235832683
0.6748797501052467
0.7782462304345074
0.8876487422672364
0.9991199322618114
1.1077128873077473
1.2074437728039797
1.2914749696441887
1.3526492503690546
1.3844023389346454
1.3819839752463032
1.3438197325017502
1.2727606899594164
1.1769090234816244
1.069688018580822
0.9688583132040979
0.8942817176102684
0.8644131139084499
0.891773085620736
0.978032445487992
1.109838095140327
1.2571410406861083
1.3765652812189604
1.423294060184631
1.37606099997229
1.281131305481679
1.3226559002514118
0.09818663247829999
0.1134774262751018
0.1670951009265549
0.2234776979238678
0.27441156489239427
0.3229632239397418
0.37495716030123405
0.43515698578292
0.5061099641092266
0.5882689524759471
0.6805247928734064
0.780679455562726
0.8856791729436944
0.9916207824294214
1.0936568993242273
1.185969742570609
1.2619728150722704
1.3148475735965037
1.3384420884943755
1.3284638681345937
1.2838028845102496
1.2077367624303943
1.1087114625340284
1.0003709755463417
0.9005419292192212
0.8289769677438755
0.8038376735763864
0.8371670410606017
0.9299764574506343
1.068066177410855
1.2203247692881527
1.342025342893031
1.3865679166762237
1.3302214245296704
1.2157089764582518
1.2219694505452225
0.07693065124446935
0.07899187144791164
0.1325811514757897
0.19476340963213543
0.25311814506011887
0.3085355542021459
0.3658851611944176
0.4296450795583487
0.5023921864109934
0.5847165255748262
0.6756505399074453
0.773108643377491
0.8741285573679244
0.9749061308752623
1.070733418177009
1.1559989776428934
1.2244030591521284
1.2694919425323552
1.2855385530397012
1.2687039896370678
1.21832013518287
1.1380504520985553
1.0366277801238404
0.9278478218773113
0.8295284046003284
0.7612409201576483
0.7407949475823531
0.77972333066906
0.8783862948216274
1.0218029200330767
1.177939817999883
1.3009535684336113
1.3428087301136866
1.2777904336093866
1.1457130623705103
1.1211077145281132
0.03489873879261895
0.026230066458845146
0.08149126185991679
0.15071458949966912
0.21747838528442787
0.2806094089988191
0.3440752928108651
0.41208701353140664
0.48725304858860286
0.570298815923735
0.6604005237538129
0.7555950448627375
0.8530302592597417
0.9490268561649895
1.0390462288311073
1.1177132111696213
1.1790403710062953
1.2169557685227639
1.226161887537192
1.2032632292174594
1.1480072000901906
1.0644008062912813
0.9614076613820356
0.8529093032131013
0.756645173739679
0.6919402218594701
0.676201320743106
0.7204269252388898
0.8243420092431382
0.9722556949177464
1.1313554927914227
1.2549130915838083
1.2937955465260733
1.2207658925008926
1.0733320309728471
1.0223755849104563
-0.023585858532839107
-0.04090327902140127
0.017265030468796475
0.0942915646973141
0.16998549451935963
0.24124347910946625
0.3111992469170146
0.38382481680240427
0.46176746853698725
0.5458873543057537
0.6355043475128658
0.7287827295398123
0.8229919966279543
0.9145948052349588
0.999242242531664
1.071815586645835
1.1266558863055787
1.1580814191714592
1.1612217598560886
1.133109179896784
1.073876790254228
0.9878315997415769
0.8841128776276023
0.7766252529878459
0.6829652346828735
0.6221526716061383
0.6111484705492434
0.6604000261630296
0.7690196715325147
0.9206824063157488
1.0819405797047352
1.2054084751342184
1.2411822401748536
1.1609437058846679
1.000463722540414
0.9276850806114384
-0.09396547175589566
-0.11826715696049225
-0.05640558423464592
0.02873193631108429
0.1134393805028079
0.19283363609425377
0.26929476787299833
0.34659185627599504
0.427422024264353
0.5127798289963993
0.6021260155438511
0.6937520870019976
0.78505361633464
0.8726440876517463
0.9523756858258616
1.0193972308958192
1.0683857550668179
1.094050422777898
1.0919389757549662
1.0594910226831564
0.9971926646001644
0.9096065298157087
0.8059936635850152
0.7002222553897866
0.6096862679919575
0.5530480349072792
0.5467861940809322
0.6007873028194507
0.7135795099258622
0.8682831229815814
1.0309591793028432
1.1537865857548366
1.1864044128167053
1.0998318895389048
0.9286379258044172
0.8384879640805922
-0.17171554837960454
-0.20173048592642132
-0.13580420112946706
-0.04266172155124681
0.050747676522523606
0.13792528840003562
0.2205876204762843
0.3023429513229226
0.3859519768968199
0.47254298063411576
0.5617118430700522
0.6518720526101411
0.7405430766588514
0.824490377971553
0.8997703923174774
0.9618022978094466
1.0055987810536922
1.026253618083717
1.0197181163494375
0.9838146853202897
0.919347395012152
0.8310897214463838
0.7283721431785058
0.624970221077658
0.5380206419794504
0.48578181315776414
0.4842203362489519
0.542658443798359
0.6590736264675613
0.8161135916248773
0.9794907520249632
1.1011640240493266
1.130615196011796
1.0385958858149908
0.8589725212592999
0.755744223037929
-0.25257325065533104
-0.287384530118002
-0.21738874540453962
-0.11670904128447171
-0.015251713555130208
0.07904411074592205
0.16732921896093997
0.25309784565549487
0.3391897310442253
0.4268653751817282
0.5158470222654972
0.6046600833851534
0.6909395673465294
0.7715970152839654
0.8428888031329935
0.9004998641519716
0.9397712690387399
0.9561690612705342
0.9460286575857525
0.9075273655082958
0.8417505189725925
0.7536377669236677
0.6525385457252234
0.5520831017932416
0.46910098356662283
0.42140606921337787
0.4244293158344814
0.48693088485113395
0.6063754942284948
0.7650221486834526
0.9283751815292015
1.0483811838088948
1.0746492753479615
0.9780336657933222
0.792160939091371
0.679923349668514
-0.3327228237809984
-0.3717167549715002
-0.2979557973842466
-0.19050838695409927
-0.08194070947453626
0.01855124822936031
0.1116562280556834
0.2008045084718695
0.2889313185741463
0.3774267090079445
0.4661275219744669
0.5536565406608993
0.6377503605626393
0.7154543887988393
0.783214020141053
0.8369688375624652
0.8723750181554998
0.8852533697421884
0.8722999568980212
0.8320164749096651
0.7657317738734565
0.6785076001984999
0.5796640866890896
0.4826371626295222
0.4039042493637933
0.36079973223663414
0.3682011339244724
0.43431403461866386
0.5561319687123367
0.7156101530699305
0.878182346108555
0.9959817772761861
1.0190133005569952
0.9185780908522607
0.7284876959601204
0.6110344568919132
-0.40893569566801685
-0.45174360901299554
-0.37476763052816137
-0.2615594245375621
-0.14704016685732635
-0.041473111302580586
0.055476255032546586
0.14722656332168158
0.23682533905096675
0.32578817058365656
0.41405189438012985
0.5003180603691137
0.5824059410562237
0.6574770862598461
0.7221492793655143
0.7726000981717126
0.804782501246134
0.8148503267052708
0.7998336819554308
0.758526297673374
0.692462394643284
0.6067828454873037
0.5107327823128781
0.4175086833352345
0.34319574410102777
0.3046193795230115
0.31609138901913997
0.38527502611628034
0.508737323412264
0.668214911273899
0.8292046115663152
0.9442156635441749
0.9638999252714173
0.860323168056817
0.6678680208813088
0.5486806041333359
-0.47866521161630216
-0.5251016624331861
-0.44564094539194077
-0.32785036835927905
-0.20869630987331522
-0.09931581587367887
0.0003818519866787535
0.09385725900811351
0.18428692395676996
0.27330653758866746
0.3609357391240246
0.4459326943414296
0.5261761941341213
0.598921542468468
0.660937505191303
0.708618423531639
0.7381916359169453
0.7461189763582414
0.7297357046352096
0.6880941503159517
0.622895996759443
0.5393198701556992
0.4464931098427277
0.3573316570840271
0.28749328767926624
0.25327030669735323
0.2684016987489721
0.3400249620383093
0.4643278264347173
0.6229131424679638
0.7814698069590656
0.893062039436066
0.9092220190339206
0.803070211723619
0.6099070399412903
0.4921322484766151
-0.5400975553417154
-0.5900981828888143
-0.5089979558428973
-0.3879101813819074
-0.26553442777664343
-0.1536861315292756
-0.05240657539841109
0.041860786594137514
0.13243769674591602
0.22107311078560193
0.30785001800880357
0.3915580711573767
0.4701089201395588
0.5408254427028767
0.6006021533067031
0.6460253261801124
0.6735711673768774
0.6799820910365525
0.662868174512211
0.6215065630150115
0.5577293444369902
0.4767135965297837
0.387429299121967
0.3024749810348729
0.23705071228968774
0.2068967345708334
0.22517702420571034
0.2985237796222954
0.4227945968374607
0.579542319493685
0.7347716017836872
0.8422694807648602
0.8546630965519263
0.7463895021703095
0.5539736469380495
0.4404144756041737
-0.592161777885794
-0.6457236038575523
-0.5638818609402522
-0.4408273839829354
-0.3166811531413324
-0.20374144989243625
-0.10206971820216537
-0.007959605351654063
0.08207136122040239
0.16987726126401062
0.25558310591750116
0.33798253726629063
0.41499067847260174
0.48396889474223553
0.541909336280658
0.5855627485922783
0.61162653047734
0.6170947733639377
0.5998214046617938
0.5592749601231581
0.49738230322806454
0.4192821708597332
0.3337511314846924
0.253037772184758
0.19185906168787706
0.16538924549558923
0.1862196937899962
0.26050122050623764
0.3838119002610297
0.5377367062174858
0.6887137539245989
0.7914089411801398
0.7997396995116922
0.689692796435749
0.49928402672281125
0.392402582950628
-0.6345029635779356
-0.6916294560661892
-0.6099398561918937
-0.48623824881273836
-0.36175776281904853
-0.24908546396741282
-0.148192055638046
-0.05516835432640922
0.03364345107338066
0.12019328001411675
0.20462539037873342
0.2857081827903906
0.3613289271955963
0.42885636798340154
0.4853502346640006
0.5276965959173825
0.5527851231205085
0.5578320527534126
0.5409043328541644
0.5016294844233461
0.441995481854119
0.36706883456763495
0.2854004125490305
0.20886077889006804
0.15166325023419447
0.12840697867194267
0.15111741363271491
0.22549093714662974
0.3468776479908163
0.49697457717185656
0.6427644264135313
0.7399356103001878
0.7438713289544522
0.6323119790871418
0.4449898044308736
0.3469206694399824
-0.6674234229917391
-0.7280762036503373
-0.6473777169614197
-0.5242880438724326
-0.4008478302207859
-0.2897418432041767
-0.1907410556689289
-0.09968172536568783
-0.012717101841376383
0.07218835268122284
0.1551743777235192
0.23495381600089132
0.30935360036313686
0.37571759318885023
0.4311420129543092
0.47261832719333413
0.4971991897825957
0.5022936309104786
0.48615164770046965
0.4485289697456116
0.3914434642524291
0.31985877757443515
0.24207176112037906
0.1695513774343821
0.11599150414753812
0.09541172697699907
0.11928221548254668
0.19287448436572804
0.31136263619633736
0.45663293605892274
0.596316662211582
0.6872554869242207
0.6864535456970867
0.5735792285364725
0.3902659513663652
0.3028381164662439
-0.6917974323134091
-0.7558560693626014
-0.6768906401966449
-0.5555696476422533
-0.4344432250679838
-0.3261071097896526
-0.2300263250077512
-0.14173255993869732
-0.05717758947085741
0.02574882220345154
0.10715761244086368
0.18567531037379856
0.2590356388278236
0.3245250061567952
0.37924486810026353
0.4202622550949866
0.4447639667334517
0.4503234097405651
0.4353451764187018
0.3996846044746548
0.34536110397320713
0.27720836034465596
0.2032450013911351
0.1345193285726132
0.08419463599148264
0.06571085191827694
0.0899971148937866
0.16193181688824493
0.2765649871798464
0.41604603001621454
0.5487511442270787
0.6327926212478785
0.6269300169759116
0.5129042999963394
0.33439387146871496
0.25915920783889435
-0.7089654522970379
-0.7761963629000476
-0.6995754739584471
-0.5810443145089145
-0.46337291984292156
-0.35888688743845304
-0.2666426217307878
-0.18181931620974234
-0.1001558220263918
-0.019478567727744516
0.06027025257086393
0.13760029280205524
0.21011954582501724
0.2750248874819527
0.32939242286791237
0.3703358071312824
0.3951483640491845
0.40154108167780983
0.38804680304581995
0.3545945286229349
0.30318008363923427
0.2384838547370838
0.16822624439047812
0.10302030550954348
0.05549208014448433
0.03850585269694228
0.062467217021113595
0.13189492573556966
0.24176631645310895
0.3745640709536593
0.499497537057818
0.5760532065895768
0.564859573829683
0.44984487473952084
0.2768355054628499
0.21510161667268551
-0.7206139735942596
-0.7906490588466336
-0.7168297130217248
-0.60194963145839
-0.48871933636753834
-0.3890199771931361
-0.30140093356255726
-0.2206433785917835
-0.14226287291028494
-0.06403405039806852
0.01402385220078974
0.09027385539087393
0.1621667605569991
0.226779083003165
0.28113242177315007
0.3223597619859783
0.3478352381352977
0.3553828613578703
0.3436400075564427
0.31258645394978807
0.2641728166012183
0.20290675822992454
0.13619468162062623
0.07420417669977848
0.029021626324506906
0.012943474517081414
0.035872098756643135
0.10200138249459427
0.20628633277410258
0.33160880819110894
0.44809099191759444
0.5166830406011954
0.4999747401421291
0.3841663811123134
0.21729480740611373
0.17016006908074843
-0.7286471642883419
-0.8009724213957214
-0.73024270867374
-0.619699793593836
-0.5117270668295262
-0.4175948274865419
-0.335251947043055
-0.25903874363551077
-0.18423818570599018
-0.10858457272378844
-0.03219723322359081
0.04311184071841629
0.11460651570433947
0.17921406993711658
0.2338745778269147
0.275715377821608
0.30216822662908305
0.3111483731785469
0.3013770718829432
0.27286537449851234
0.2275007706140395
0.16960276602494417
0.10625217343962746
0.047165118610956035
0.0038899145679548272
-0.011833595374731389
0.00941649875426083
0.07154480519329984
0.16953286733937845
0.2867229324822671
0.3942207812994711
0.45451531270884904
0.43222868515946566
0.3158882402135694
0.15576355481711016
0.12415216245641174
-0.7350563555113221
-0.8090103575086449
-0.7414844473238438
-0.6357832520820599
-0.5337087467295107
-0.44576292354138164
-0.36920620283489664
-0.2978981691248033
-0.22688094199686556
-0.15385962061813807
-0.07907539756730425
-0.004541744070573966
0.06679085271485533
0.13167414650065148
0.18694243846712033
0.22969535926164605
0.2574021596566537
0.2680507660535554
0.2604290726918021
0.23456352832540098
0.19226440874664133
0.13765162535183526
0.07747288144015356
0.020990829597689133
-0.02077901717176605
-0.036639133466524816
-0.01762335449808774
0.039919597221361035
0.13104470756793724
0.23961071472849008
0.3377684995670763
0.3896061930328536
0.36182812111014395
0.2453141127150926
0.09254913333070444
0.07724405452663748
-0.7417931076517225
-0.816574914050651
-0.7521970112377557
-0.6516625692008399
-0.5559526582183224
-0.47465343966025614
-0.4042550659450916
-0.3380997193621535
-0.2709814450433024
-0.2005867268339576
-0.12729873869003402
-0.053356501030030236
0.01805059628327464
0.08347565245266611
0.13962627318911564
0.18355575085646447
0.2127542119070453
0.22526728899178286
0.2199359573815863
0.19678996453229053
0.15755215524654506
0.10613533041644621
0.04895045225388707
-0.005191599284868197
-0.04579952801448514
-0.06220123210700055
-0.04586006755087839
0.00665772585615593
0.0905250647537002
0.1901677776898444
0.278833804275186
0.3222562826957725
0.2892503007070369
0.17304440738864907
0.02828267429326498
0.029954532654206605
-0.7506511684448527
-0.8253369333023685
-0.7638934611942624
-0.6686809668289203
-0.5796363167039887
-0.5052931926674633
-0.44129635219836305
-0.38043736760041696
-0.3172560152877642
-0.24943000650902644
-0.1775026247215763
-0.10395968490793427
-0.03225067893740356
0.03395935886524158
0.09123421795949303
0.13656608154961497
0.1674532032782174
0.18198781345179582
0.17905426355392598
0.1586773474123247
0.12248608813377851
0.07418242928956356
0.019840594306948314
-0.03217524291673141
-0.07188652302861463
-0.08912753002732
-0.07576390730040199
-0.02854421608228548
0.04786401773086489
0.13849845021563403
0.21774626502696254
0.25301662066834346
0.2152429502316101
0.09997004094617198
-0.036093296680662135
-0.016863194518476482
-0.7631620807527236
-0.836729360646332
-0.7778683907072901
-0.6879795925652092
-0.6057498570090061
-0.5385355212774662
-0.4810680594815443
-0.4255589419852949
-0.3662885348472071
-0.30093472016879985
-0.23021674492897967
-0.1568852721173532
-0.08466733623388958
-0.017461518012502116
0.041139226931314984
0.08805540141718872
0.12078477637252709
0.13745911515417675
0.13700037759531172
0.11942397600227016
0.08626242032338885
0.04100659004161655
-0.010602716511667583
-0.06064000127906
-0.09962552866504186
-0.11787928892395035
-0.10764148163773957
-0.06580889869477607
0.003148831014758347
0.08491974536771608
0.15506251650263445
0.18267861255027723
0.14080668701006363
0.027247197217190485
-0.09935773600146496
-0.06206178462926122
-0.7805085376613443
-0.8518670737509536
-0.7951238102368579
-0.7104289672589533
-0.6350325033247015
-0.5750012100587214
-0.5240931696563448
-0.4739142397911074
-0.41848133516742503
-0.3554804371096495
-0.2858201050535846
-0.2125304090729881
-0.13962927314789622
-0.07125983728035487
-0.01118023530271339
0.03745223317948134
0.0721305612973076
0.09102311360747087
0.09308761941941997
0.07832939702885174
0.04818524149564153
0.0059379970179558985
-0.04299872710447895
-0.09112757297269938
-0.1294517896643093
-0.14875528306565838
-0.14162510425661062
-0.10507377291221483
-0.04333836992492902
0.029951620721934746
0.0915485643677046
0.1122479363611781
0.06716019981834895
-0.04374639409372085
-0.1600637019039991
-0.10426106537135849
-0.8034588312245159
-0.8714863897920209
-0.8163133431036406
-0.7365774346533714
-0.6679247953162746
-0.6150339935107417
-0.5706379301858452
-0.5257156017358815
-0.47401761042905394
-0.4132448794691478
-0.34450595090431757
-0.2711211317723848
-0.1974082296435923
-0.12776130560620078
-0.06610739325398157
-0.01568310889409839
0.020999866484534523
0.042147696442062246
0.04675587228196406
0.034822426566168053
0.007692438173457063
-0.031553396255782455
-0.07781994978574115
-0.12402547327727348
-0.1616389810324156
-0.18188594743969116
-0.1776731284171548
-0.14609832814191956
-0.09113548710636617
-0.025706194468815453
0.02814775151340621
0.04290317395140182
-0.004310798479147706
-0.11147236838152144
-0.2166091238445583
-0.14192843436564528
-0.8323249143400692
-0.8959066217405068
-0.8417069681984127
-0.7666187236664085
-0.7045385665541949
-0.6586725311517828
-0.6206854090134689
-0.5809126493254501
-0.5328369746854351
-0.47417998446357584
-0.4062580805068628
-0.3326887419102695
-0.2580941194239135
-0.18712073831268217
-0.12386341364969093
-0.07163491662401449
-0.03294710699282496
-0.009550787824837315
-0.0024070666822572895
-0.011519144888718027
-0.03562682604741755
-0.07184325902329382
-0.11538113170206726
-0.15956033250376372
-0.19629761937540496
-0.21723770333333256
-0.2155809880866032
-0.1884826313654952
-0.1396272298198567
-0.08120990025728148
-0.034064458077331605
-0.024059401541744917
-0.07211912051819182
-0.17430778306314468
-0.2673233351842181
-0.17347560086053307
-0.8669457084322507
-0.9250152120797089
-0.8711777436149779
-0.8003799721289099
-0.744645946560221
-0.7056400539995176
-0.6739254576469428
-0.639182259075226
-0.5946251786531535
-0.5380011448115929
-0.47083944980166353
-0.3970576892188469
-0.3215821773642441
-0.24930854300132302
-0.18449338275972127
-0.13051780485352538
-0.08988505643632384
-0.06429381632572949
-0.05465277351241502
-0.060957423339476124
-0.08202322001358013
-0.11514694870632321
-0.15583704543898672
-0.19780022073286707
-0.23338275616706106
-0.25462686403242735
-0.25500215172091034
-0.23169613685993054
-0.1880825390085982
-0.13561835149252455
-0.09393709518346474
-0.08729279724538212
-0.13475374458620276
-0.23063355649104453
-0.3105662261844413
-0.19736811939260812
-0.9066963584072996
-0.9582770880695299
-0.9042111056079327
-0.8373307631478151
-0.7876878997343937
-0.7553521619923624
-0.7297615313087774
-0.6999341936675583
-0.6588183781419772
-0.60418999084196
-0.537793405332182
-0.4638452607013241
-0.3875711870888449
-0.31410764807978897
-0.24786218247680647
-0.1922718670683112
-0.14981842964887648
-0.12213574022910798
-0.11006802061374393
-0.11359166084510781
-0.1315866379207023
-0.16152182021515477
-0.19918853268437803
-0.23866527572011578
-0.27271005697248096
-0.2937420330831203
-0.29547768958870674
-0.2751152347800046
-0.23570086955227854
-0.18794874277472037
-0.15030933295636092
-0.14547533451002126
-0.19076649323075512
-0.27893185322730574
-0.3448361689909498
-0.21224342407202237
-0.9505231763233817
-0.9947679724263592
-0.9399364743600468
-0.8766129072346174
-0.8328020388478764
-0.8069425163199471
-0.7873341169943238
-0.7623321471971951
-0.7246217158770504
-0.6720104777774001
-0.6064573051434877
-0.532472830545465
-0.45557252873226495
-0.38112059502864
-0.3136599541690991
-0.2566669191431824
-0.21258493712313176
-0.1829671313739862
-0.1685785967239396
-0.1693632542158657
-0.18425314048573074
-0.21087692173659944
-0.24529580341459084
-0.28194547736187725
-0.31397893083811385
-0.33417345888200195
-0.3364726955454674
-0.3180675330906379
-0.2816650538108915
-0.23723867923816813
-0.2020822686459589
-0.1973924954673466
-0.23886411903664137
-0.3178883724480193
-0.36888222782143626
-0.21703240039178434
-0.9970030419456904
-1.0332304626080429
-0.9771800275131655
-0.9170898805128214
-0.878868673220608
-0.8593054358824418
-0.8455598259032922
-0.8253293052123034
-0.791041357507682
-0.7405374537710563
-0.6759877317950276
-0.6021878953436262
-0.5249292834799295
-0.4497860330646023
-0.38141637997005795
-0.32331503968373176
-0.27786689820713384
-0.2465255520112615
-0.22996018380016686
-0.22806747147935819
-0.23981832354078456
-0.2629888375778175
-0.29389761234840717
-0.3273240302288706
-0.3568009885610258
-0.37544741780811847
-0.37741740411657293
-0.3598804563475847
-0.32519804541133185
-0.2826116193236303
-0.24829348332662735
-0.24202085318806557
-0.2780016639342206
-0.3464949682963385
-0.38181561157549343
-0.21107894497320567
-1.0444250574184644
-1.072150776360692
-1.0145366398462214
-0.9574140172669903
-0.9245732877274014
-0.9111536887552382
-0.9031845315559481
-0.887716885848784
-0.8569285264887999
-0.8086963240216881
-0.7453959745554591
-0.6720956233805166
-0.5948441641441197
-0.519403413603103
-0.4505225935564299
-0.39169021901319123
-0.3452092174984555
-0.31241251115538815
-0.2938550034837661
-0.28937054867883655
-0.2979556661169034
-0.3175221180914837
-0.34463461795286926
-0.37440450086085036
-0.4007317929417182
-0.41706337926288367
-0.4177505192180022
-0.3999314121688375
-0.36562049903366134
-0.3233423194622741
-0.28819065181115217
-0.27860996684525663
-0.307472548462148
-0.36414759827567994
-0.38321486812711747
-0.19425147802758028
-1.0908913002517777
-1.1098531663713733
-1.0504581484493463
-0.9961087693955972
-0.9684829139662241
-0.9610890831726828
-0.9588482945459672
-0.9481835315563844
-0.9210335268382603
-0.8753119092836892
-0.8135919770666422
-0.7411981997548914
-0.6644146253786981
-0.5891642951685605
-0.52025917216592
-0.4611535925670968
-0.4140424729982688
-0.3801150754545193
-0.3597926668852966
-0.35283053488850874
-0.3582381572023791
-0.374052493174567
-0.39707499265837515
-0.4227396243525595
-0.4453036339808223
-0.4585314754158974
-0.4569620374077621
-0.4376965374923296
-0.4024058954524585
-0.3589186538937443
-0.3213002055997566
-0.3067578388616308
-0.32699054545163153
-0.3707342738460439
-0.37321897521573766
-0.1670400041099219
-1.1344325992683808
-1.1446081483546415
-1.0833543028193007
-1.031662601555149
-1.0091331648533275
-1.0076828237374316
-1.0111592248931434
-1.0053828773011997
-0.982067243090689
-0.9391641388932608
-0.8794345276133744
-0.8084398665515435
-0.732673158743207
-0.6581883527217716
-0.5898283741969906
-0.5309824738756623
-0.48370936135703485
-0.4490303882268371
-0.4272134666678893
-0.41792008561828586
-0.4201613372566548
-0.4320909148943743
-0.4507402117234139
-0.4718595608220289
-0.490056932875415
-0.49940767174100137
-0.494632721794846
-0.4727949074530238
-0.4352297868864077
-0.3890960412553158
-0.3474869002986114
-0.3264753673363604
-0.3367586142026662
-0.3667074918321681
-0.35260226769628367
-0.13063207954050882
-1.1731343876589515
-1.1747498802546952
-1.1117020140631595
-1.0626304045089299
-1.045122074156163
-1.04956202288529
-1.0587729089159443
-1.0580061462757564
-1.038767178661362
-0.9990478346276634
-0.9417851271902142
-0.8727552547503236
-0.798630512269399
-0.7255619543446625
-0.658388587789123
-0.6004012330110512
-0.5534926034386037
-0.5184912329601875
-0.49549225536702407
-0.4840493296077048
-0.4831658328117275
-0.49110643202652227
-0.5051289179568219
-0.5212973622127881
-0.5345678661806034
-0.5393240271426614
-0.5304673782105614
-0.505025085509241
-0.4640097313812341
-0.41394069868270167
-0.367000121033965
-0.3382351996832448
-0.33751953195969026
-0.35313557164687026
-0.3228250705173525
-0.08696095524922264
-1.205266881428063
-1.198797291045408
-1.13415784241995
-1.0877376959954013
-1.0752063286122258
-1.085498260664365
-1.1004735850211222
-1.1048562336299201
-1.089964752876938
-1.0538335478754088
-0.9995627213917776
-0.9331183976245337
-0.861319407035873
-0.7903770384187419
-0.7250888608778203
-0.6686120039290244
-0.6226423809946166
-0.5877907727064636
-0.5639610741448395
-0.550586976950859
-0.5466575256736564
-0.5505459802651945
-0.5597368558326026
-0.5706095191165981
-0.5784699212014035
-0.5780115601929274
-0.5643192185444788
-0.534391029879198
-0.48893262207234
-0.43385807953084504
-0.3805028905588575
-0.3430005179423653
-0.3305833749404501
-0.3317274272512299
-0.2860539967436903
-0.038719237329245766
-1.2294131058529667
-1.2155729014310594
-1.149668073168273
-1.1059823538835234
-1.0983950178845794
-1.1144936831969772
-1.1352529073804778
-1.1449194481284242
-1.1346503386985474
-1.1025262242965874
-1.0517963413432907
-0.9885897196169201
-0.9198362700943136
-0.8517680114298037
-0.7891014079296954
-0.7348232641167856
-0.690401468051134
-0.6562047199963942
-0.6319288473119241
-0.6168780131260976
-0.6100236979221983
-0.6098493921613949
-0.6140711069941
-0.6193897114879219
-0.6214673611438567
-0.6153135162988848
-0.5962028828390691
-0.5611146639891603
-0.5104664133190002
-0.4496031480301166
-0.3890798405743697
-0.34222957822665057
-0.31782718690208245
-0.3048255797911836
-0.24514613580068723
0.010668340150488516
-1.244587662698264
-1.2243127211676401
-1.1575702432572061
-1.1167282060605408
-1.1140356722482911
-1.1358598373578381
-1.1623819037082446
-1.1774309065188835
-1.172032403231929
-1.144318402969232
-1.097672682008885
-1.0383583256626545
-0.9733785794888846
-0.9089445059028185
-0.8496501484641439
-0.7982745279462161
-0.7560264542394991
-0.7230094587295841
-0.6986967555342686
-0.6822566494009744
-0.6726438456717869
-0.6684583060350028
-0.6676572553157588
-0.6672743018305629
-0.6633390093577521
-0.6511872750745996
-0.6262941473983481
-0.5856328830594204
-0.5293537164467922
-0.4622696188145605
-0.39422088284151696
-0.33785230180846726
-0.3016626448176479
-0.27536268254131824
-0.2035918144687258
0.05711898896080829
-1.2503386124061486
-1.2247601643121409
-1.1576796102527844
-1.1197845009764391
-1.1218871251611895
-1.149284271798011
-1.18147162884161
-1.2019295313327736
-1.201587127063978
-1.1786347265248034
-1.136575768841231
-1.0817770892301684
-1.0212756386436312
-0.9612181052925267
-0.906033643134399
-0.8582557466991824
-0.8188038473285028
-0.787495065533769
-0.7635683602527057
-0.7460536908195211
-0.7338943739770266
-0.725818198766254
-0.7200386791467874
-0.7139387002457342
-0.703931371721336
-0.6856937633752119
-0.6549149863715289
-0.6085774207385218
-0.5465853987541069
-0.4732559568694252
-0.3977779885183588
-0.3322158890138587
-0.28496820425993874
-0.24677749972747676
-0.1654112775694726
0.09601808959657673
-1.246824453889733
-1.2172366100408962
-1.150353817008293
-1.11546511762417
-1.1221736433221492
-1.1548799080455978
-1.1925180551364696
-1.218298705416026
-1.2230950418602107
-1.2051647605484759
-1.1681161414426005
-1.1183883685475378
-1.063010979636359
-1.0080215735020768
-0.9576412701472632
-0.9141205289541634
-0.8780604042100707
-0.8489727789114053
-0.8258541890517358
-0.8075981541303946
-0.7931470879157172
-0.7813734990768452
-0.7707679266768658
-0.7590845132142958
-0.7431409204259869
-0.7189740629389697
-0.6825034945978405
-0.630736854414749
-0.5633531861070769
-0.4842068096200606
-0.4018933673944588
-0.3279973149491388
-0.27098309712180746
-0.2228871705644314
-0.13500152233951285
0.12240198377390984
-1.2348579354703408
-1.2026810683324805
-1.1365289154184735
-1.1046213595400425
-1.1156148260358156
-1.153212315596397
-1.1959269393958691
-1.226788901270708
-1.236661554078407
-1.2238815101329923
-1.1921474312693452
-1.1479386851492823
-1.0982351534063122
-1.0489197366490794
-1.0039621437224429
-0.9652930004761645
-0.9331677891308836
-0.9067772556758436
-0.8848713220991655
-0.8662138351557912
-0.8497622963370163
-0.8345566712352304
-0.819391093114562
-0.8024183777190388
-0.7808863766910297
-0.7512139379507069
-0.70956923551833
-0.6530011010619767
-0.5809813574401834
-0.4969296431984271
-0.40889844888683224
-0.32808168371041
-0.2631616769190413
-0.20771371500861927
-0.11693064575389323
0.1312006341558843
-1.215908339495172
-1.1826514023613577
-1.117719986280268
-1.0886423297401495
-1.1034260042591568
-1.1453003272457185
-1.1925147797245137
-1.2280190458595843
-1.2427187316749246
-1.2350435945034475
-1.2087688450041472
-1.1703813925910225
-1.1267684153322566
-1.083611969320799
-1.0445871327042995
-1.0112690285097534
-0.9835426106226594
-0.9602649512985335
-0.9399395589125261
-0.9212126038073446
-0.9030784605969071
-0.8847733096398538
-0.865427301129399
-0.843624594870757
-0.8170730698507183
-0.7825982726625672
-0.7366358652496803
-0.6762900627894635
-0.6008389443720512
-0.5132876949520164
-0.42118441938259976
-0.3354067806971127
-0.2649879776976532
-0.2052641138637292
-0.1156784431187815
0.11754206939179096
-1.1920539658214453
-1.1592797284696672
-1.0959798452315528
-1.0694172179409456
-1.087284283177364
-1.132585920981345
-1.1834825399243936
-1.2229540174564661
-1.24200643587706
-1.2391798126494993
-1.2183129016182366
-1.1858672615124093
-1.1485937724420876
-1.11192725243282
-1.0792054069159596
-1.0516136570130854
-1.0286440599392428
-1.0088111794179486
-0.9903770081677319
-0.9718875108014355
-0.9524016663925079
-0.9313866680230802
-0.9083468043536107
-0.8823351281593812
-0.8515529313819137
-0.8132589180596612
-0.7641744180487231
-0.7014696382372101
-0.624235426512743
-0.5350719495778604
-0.44104668133923275
-0.35277578654009434
-0.27975198707760296
-0.2192649385643174
-0.1353236446722238
0.07711888084471885
-1.1658768112359887
-1.1351749756523564
-1.073809772548732
-1.0492543635200131
-1.0692559861198756
-1.1168699881320596
-1.170359589388968
-1.2128565159919151
-1.2355317970422595
-1.2370558194861283
-1.2213188249240456
-1.1947240257571583
-1.1638420393500881
-1.1338140105034566
-1.1075982369630522
-1.0859579524640695
-1.0679727794342373
-1.0518098614752975
-1.0354994466250076
-1.017510338687569
-0.9969997881260793
-0.9737066786524258
-0.9475529032444369
-0.9181022363837597
-0.8840854203571509
-0.8432212150148605
-0.7925324349497247
-0.729260138164986
-0.6523047584549714
-0.5638567124466157
-0.4705074840579614
-0.3826420165387257
-0.3102910477841543
-0.2528544307732722
-0.1791801102925492
0.006615097917428203
-1.1402919185665696
-1.1132661551791392
-1.054016862829747
-1.030752703032403
-1.0516820876561355
-1.1002115197215607
-1.1549162984914787
-1.1992126177212445
-1.2245071778981378
-1.2296238487893536
-1.2184932801526673
-1.1974272885579085
-1.1727719694383085
-1.1493284182544798
-1.1296343155270745
-1.1140000599932627
-1.1010762447836429
-1.0886816858164867
-1.0746295520817668
-1.0573400366546912
-1.0361080676538885
-1.0109904124594953
-0.9823747988475411
-0.9503809857957806
-0.9143066870887508
-0.8723565050131057
-0.8218661919043145
-0.7601442465992228
-0.6858846934823749
-0.6008455063034105
-0.5111231498053014
-0.4268717419545558
-0.3587020107217379
-0.30823715443994293
-0.24938653628650076
-0.09581047390630859
-1.118304566310468
-1.0965806828614646
-1.0395134748456116
-1.0166221852825887
-1.0370192853806088
-1.084788889688734
-1.1390449587719091
-1.1836316345049611
-1.21026815463095
-1.2179578815941563
-1.210661678354807
-1.194566793437956
-1.175750201379297
-1.1586266055223766
-1.145272670311297
-1.1355171323268651
-1.1275678658489197
-1.118898372209442
-1.1071241451467055
-1.0906505592965692
-1.0689549583792521
-1.0424631060756115
-1.0120807285516764
-0.9785311456013073
-0.9417165799501739
-0.9003502739164735
-0.8520856518715105
-0.7942840683025487
-0.7254007972681278
-0.6467164721683376
-0.5637847975460961
-0.4864936496066852
-0.4260322818080069
-0.386308878749809
-0.3464567781928789
-0.22999092988568304
-1.102689402631222
-1.0879531271284382
-1.0330553876859874
-1.0094509555382982
-1.02763566878231
-1.0727233103771563
-1.1246101793817533
-1.1677224631154859
-1.1941746919396363
-1.2031783824732698
-1.1987150717939072
-1.1868139370468063
-1.1732377044136824
-1.1619682010884256
-1.1545813162904426
-1.1503969349321548
-1.1471692128620514
-1.1420329981456554
-1.1324298911393451
-1.116788999673561
-1.094819507008313
-1.0673713518718246
-1.0359232443590478
-1.00185053126719
-0.9656957020963026
-0.9266982149617489
-0.8828244425674026
-0.8314595146909418
-0.7707672878518705
-0.7014792274850703
-0.6285242655446401
-0.56144631953077
-0.5119607499827541
-0.4862622150308131
-0.46880077516414476
-0.3931773314692606
-1.095586812130519
-1.0896610410772527
-1.0369166523282836
-1.0114185890342395
-1.025561515270778
-1.0658661980448068
-1.1132716618213396
-1.1529504463437927
-1.1775006078727066
-1.186372726712702
-1.183559742550615
-1.1748985562068848
-1.1657916344228236
-1.1597409557852976
-1.1577821633440937
-1.1587003654220491
-1.159787273070588
-1.1578489030997159
-1.1501805321289558
-1.1352775821795968
-1.1131342744764015
-1.085082827864382
-1.0532313240902795
-1.0196547366649966
-0.9855676456293909
-0.9507454598075791
-0.9134501635658903
-0.8710433192183542
-0.8213199115471732
-0.7643582399562212
-0.7043400690627999
-0.6503382625747687
-0.6144827706130398
-0.6051867397394495
-0.6122292903543123
-0.5794367803519291
-1.0980132554650757
-1.102986091586605
-1.0525007834992586
-1.0239564080269041
-1.0321975934732472
-1.0655541296735358
-1.1062842895757963
-1.1404808908497985
-1.1613186335910677
-1.1685197344375788
-1.166078960863959
-1.1596054745796835
-1.1540940423488895
-1.152518788687892
-1.1553353702977232
-1.1607688692701201
-1.165641453582333
-1.166442561685785
-1.1603516556121591
-1.1459760764845281
-1.1236508501469562
-1.095250051330455
-1.0635671648719889
-1.0314214045136896
-1.0007247862476136
-0.9717875265532738
-0.9431336687183975
-0.9120313552529957
-0.875799483720598
-0.833721229633757
-0.7890617159109938
-0.7502385762853256
-0.729616922506402
-0.7376809047068149
-0.7694592734229238
-0.7790387329903088
-1.1092840562218917
-1.1277005390011716
-1.079889880748993
-1.0473579619003255
-1.0479854979009928
-1.0723373126426443
-1.1042828033979823
-1.1310178122567627
-1.1463908877265585
-1.1504293287953729
-1.1471190748713664
-1.1418040611361988
-1.1390217224875552
-1.1411685229213078
-1.1480793334298438
-1.157393802787292
-1.1654581844712926
-1.1684590219503739
-1.1634922761634452
-1.1493245257485123
-1.126688404959444
-1.0980590887572568
-1.066969011794221
-1.0370207404394551
-1.010839627142576
-0.9892551868111092
-0.9709996680066215
-0.953150670158637
-0.9324085041718333
-0.9070749302768304
-0.8792745562643258
-0.856520163863526
-0.8511551734945186
-0.8754969804571839
-0.9296406213332125
-0.9778497804884596
-1.1263491420654126
-1.161481262384389
-1.117335515593942
-1.0803451017632848
-1.0720469925831702
-1.085690041446699
-1.1070609822749256
-1.1246492215068198
-1.1330774203083298
-1.1327112599478775
-1.1275151049520853
-1.1225271486136168
-1.1217746661867016
-1.1270238351950064
-1.1374458322035448
-1.1500682036920487
-1.160754457823793
-1.1654020564513776
-1.1610561251535567
-1.1466898659721485
-1.1234894753320668
-1.094587960896387
-1.0643052383491631
-1.0370578948274458
-1.0161876524573685
-1.0030094757036263
-0.9963850625335926
-0.9930717642430951
-0.9889674147073553
-0.9811547393233848
-0.9703315795169871
-0.9627817329135002
-0.9704823946337315
-1.007244614192075
-1.0779294776577037
-1.1567615086097565
-1.1430445936015703
-1.1992559834746235
-1.160697788984197
-1.119597755193897
-1.101802119856361
-1.1037144961592364
-1.1133582301232332
-1.1207133435477554
-1.1212786528824417
-1.1157901004330824
-1.1081743694017678
-1.1031191009329566
-1.1040841121034433
-1.1121485511732212
-1.1257735429210864
-1.1413451950414193
-1.154235478891351
-1.1600650868692854
-1.1558595268912848
-1.1408440643274087
-1.1167112858846044
-1.0873036607887592
-1.0577691347465832
-1.0333571340709415
-1.0181120035506863
-1.01377747465175
-1.0192358829685713
-1.0307561480194902
-1.0432016170129472
-1.0521393796198941
-1.056483205588644
-1.0608794637460814
-1.0764958720634308
-1.1181833265383405
-1.1951379841771725
-1.291180854867548
-1.149265530240882
-1.2324891328362737
-1.202841865783979
-1.1592585188554825
-1.13257894975541
-1.1228524613465645
-1.120669794564075
-1.1177035855850335
-1.1104310650290987
-1.0999873360090575
-1.0902403792447632
-1.0854766197160397
-1.0885250729761977
-1.099715392794053
-1.1167471877560873
-1.1353313853564684
-1.150335820449663
-1.1571132332527716
-1.1526971028800732
-1.1366058381870436
-1.1110854210112189
-1.0807312702392755
-1.0515484910207853
-1.0296224144048285
-1.0196650412125265
-1.02376430259398
-1.040678560967537
-1.06597512141912
-1.0931953276675106
-1.1160267008920588
-1.1311611665913155
-1.1411043267084988
-1.1556605940413078
-1.1901394359640456
-1.2574955972467237
-1.350617609774778
-1.1300688831620107
-1.2484179398523114
-1.2330045459999326
-1.1904265522006918
-1.1572313209486778
-1.1376231271949546
-1.1251005323041827
-1.113233862982554
-1.0995793685617743
-1.0856953649581875
-1.075363324200337
-1.072410057148761
-1.0789624864334737
-1.094530639226651
-1.1159940277640548
-1.138348152047513
-1.1559380764169855
-1.163851522192335
-1.159151304867171
-1.1416828489070312
-1.1142835585783413
-1.082333631928993
-1.0527090995729882
-1.0323140728162237
-1.0264670194158683
-1.0374819724057964
-1.0638065404655332
-1.1000410497727824
-1.1380537296779938
-1.1692121803911277
-1.1874580526899976
-1.1925465499638062
-1.1922416542122285
-1.2015885024443218
-1.236562720779549
-1.2984093829635146
-1.0647179868522638
-1.2292528297291572
-1.2361470517239574
-1.2006589899753894
-1.1657847714747387
-1.140409092303626
-1.1212862012712952
-1.104090062006354
-1.0875526848482489
-1.073672593587629
-1.066107944734287
-1.0681575710680136
-1.0811647992622149
-1.103739915884363
-1.1318742495840795
-1.159798622296531
-1.1813080213330522
-1.1912193798176727
-1.1866369475745646
-1.1677565107944687
-1.1380322991220346
-1.1036454257317345
-1.0723367620071027
-1.0517868761310467
-1.0478276867436662
-1.0628414213476276
-1.094728946858039
-1.1367981791151252
-1.178820701826675
-1.2093175557938274
-1.2188500189195253
-1.2036947089165153
-1.168761126340545
-1.1279504380886607
-1.0993435033403642
-1.091630487595836
-0.9256846782082366
-1.1513600911568815
-1.1923142097492345
-1.1735022103049992
-1.1451350922428993
-1.1213170354922948
-1.1024107182957623
-1.0863979855523977
-1.07327691350039
-1.0654935918850637
-1.066534462323581
-1.0790894338748718
-1.1036238663691869
-1.137755491365331
-1.1765070521966976
-1.213283510961519
-1.241290714020085
-1.255057051101815
-1.2517275090126745
-1.2318572316857122
-1.199525876450215
-1.1617113244258235
-1.1269882833918885
-1.1037406368568448
-1.0981826658739635
-1.1125601229338429
-1.143934192528075
-1.183926253239207
-1.2197056839840101
-1.236323354839655
-1.2202165332285446
-1.1633233416479563
-1.066733246116609
-0.942150957594091
-0.8086512143213724
-0.6812378038529587
