Predicted value
-1.220938866452077
-0.9837569471991547
-0.6547547910553817
-0.3965831798225603
-0.2897418805216352
-0.3223460865317753
-0.4258759902033235
-0.5181791254337723
-0.5353827897747555
-0.4472075107417027
-0.2574156861737084
0.005582807353472871
0.3022805885473249
0.594988195015552
0.8569734913618108
1.0764923689472177
1.2559490090223866
1.407525518768984
1.5471604948923006
1.688753867984662
1.840036250766497
2.0008281033674304
2.1636215782996207
2.3157442057630044
2.4419839246560207
2.526594622965087
2.5541085178513736
2.509300462874139
2.377792546245832
2.149809874796765
1.829969723926991
1.4549634996443892
1.117592114504344
0.9885919782440391
1.315499002550534
2.3585795365960838
-1.062619902641591
-0.9662004213602242
-0.7148084363243323
-0.4580393401113937
-0.28823895932217536
-0.21660948527435253
-0.1998198951371294
-0.17746330415930625
-0.10118060264652742
0.05080157571509067
0.27262880999040173
0.538795499690924
0.8158980226245806
1.0737230614667093
1.2927861108872203
1.467157604261073
1.6029061159786335
1.7135194126550248
1.8141435686166094
1.916428825824437
2.025294296566949
2.138185901682974
2.246597982185591
2.3389576033224087
2.4036073430418683
2.4306928069724107
2.41231351391383
2.3412741725350807
2.2099904524100418
2.012213538912833
1.7507100767187116
1.4531251616368452
1.194982991611822
1.1218932961599748
1.450988854663807
2.4125568368488066
-1.0055612751997387
-0.9939211016671918
-0.7999920746624832
-0.5516471989631456
-0.34420619955591064
-0.2038169077721375
-0.10548807168048238
-0.005270897349457321
0.13335690872490905
0.3258364892727186
0.5651032984593458
0.8284146839631071
1.087595857435029
1.3185824503989383
1.5076092791289089
1.653037794047874
1.7632339507039076
1.851874910156683
1.9324870315620652
2.0139209683495025
2.0979591250516663
2.1794909313036026
2.2488778122291286
2.295461621924825
2.3108236320788267
2.2905015948392835
2.233468242059399
2.1397097658287887
2.00752984063001
1.8333976168404762
1.6177253477537021
1.379158864145086
1.1768083445740385
1.133087474987303
1.437922202038724
2.296171199875047
-0.9931335981114154
-1.0236967230956062
-0.8720488633899182
-0.6382096202691954
-0.41373342114728034
-0.23331002590428696
-0.08480216466863899
0.06354894965513212
0.23939273878855405
0.45356451805522735
0.6984464320652624
0.9538720203872032
1.196113637401369
1.4061225717066559
1.5745851781548323
1.7029281042241537
1.8007581339685497
1.8811295360717086
1.9554051727919928
2.0293398847044717
2.101473448121459
2.1641410583728287
2.206587847088954
2.2190100528431813
2.196015382212271
2.138124624764104
2.0505740343649967
1.939767144999935
1.809077766699025
1.6569765104220495
1.4811092731012978
1.2912529370661467
1.1310266311006836
1.1015950198824362
1.3688181774950392
2.1165147479908097
-0.9891542857593217
-1.0302603425204704
-0.9094316606645543
-0.6948689448402525
-0.4694510993270343
-0.2714995247936055
-0.09741741615380378
0.07575664038998231
0.2691532700858494
0.49034854512529685
0.7316407952509277
0.9752204408180115
1.2011111575613664
1.394317163037846
1.548933636031629
1.668480183220605
1.7630085718966801
1.8443891113804207
1.921507244309813
1.9969269144079995
2.0660085380844686
2.1186729273680225
2.1431748302972897
2.130590905502323
2.078413417589762
1.9917986295684882
1.8816960509669054
1.760224980498228
1.635080056476554
1.5060909437529943
1.3678001999331664
1.2213123027647235
1.0957204404567213
1.0728837112025122
1.2976596388929016
1.937028187547038
-0.9727766208806113
-1.0016238064070915
-0.9029307593180087
-0.7109424947860024
-0.4965050008863634
-0.2979328640747925
-0.11685547930634882
0.06353859598968235
0.2596983476142706
0.47696831885564483
0.7078790893343228
0.9367375655946507
1.1467021301233593
1.326016889513149
1.4713366582277363
1.587516299513014
1.6844736469239936
1.7725390754253199
1.8579900654188486
1.9402605097083832
2.011721233079657
2.060116844387961
2.072911635511965
2.0421441495173074
1.968092946090163
1.8602409542989624
1.734740813291956
1.6087721460235085
1.493655327401629
1.389997646131691
1.2889635400360844
1.183234559459758
1.0883706242782458
1.0688486781963338
1.2514906094768672
1.7904307681942264
-0.9342883641208405
-0.9352382044286766
-0.8520773506140676
-0.6844820251702194
-0.4892109322921917
-0.30200501486632236
-0.1272487799958515
0.04773865095300926
0.2361283400193058
0.44179669597229454
0.6576993643179306
0.8700083294085981
1.0644731671836447
1.231895839106074
1.370807121280439
1.4868195115962972
1.5893165470977713
1.6868976490757288
1.7832450698302618
1.8748407970364187
1.9513462720908155
1.9986336885856502
2.0036219043368244
1.9594232900851227
1.869026991094336
1.7459550708752676
1.6110789105339458
1.4860171784030574
1.3850648019444973
1.3090767797260696
1.2456174103179807
1.1792375237841706
1.1129723678158807
1.0958065228230254
1.2393809667844025
1.6887512790549817
-0.8717074357610135
-0.8348885872210655
-0.7622286523436952
-0.6194706618069115
-0.4483097224543773
-0.28023788174987685
-0.12062673978588546
0.0405704319954522
0.21429158689890032
0.40349257929415966
0.601650334016756
0.7965481783649438
0.9760508022640897
1.1329502618322054
1.2671103024214572
1.3844732095657502
1.493632922623345
1.60139711028978
1.7089744345241205
1.8101576850453616
1.8922394153842745
1.9395618775759464
1.9387652784838008
1.884158586856452
1.7813722641859493
1.6476883285516608
1.5082279992191356
1.3884536365525604
1.3050204873339863
1.2585464045917465
1.2328195618355289
1.2045873054518523
1.1653754795641067
1.150521280277042
1.259214047412902
1.630956068622194
-0.7880710721434773
-0.7082282967274478
-0.6422480204055501
-0.5235776807988172
-0.37874893060533543
-0.2340601581146862
-0.09468000658195727
0.04787102628734396
0.20304983890400727
0.37326630920818865
0.5525415483543923
0.7300215058664529
0.8952720132705071
1.042606739098162
1.1727981166730372
1.2918135837325233
1.4073181494743319
1.5243672725290243
1.6418973271969663
1.751331691070554
1.8379699017632576
1.884983621001329
1.8790045075468182
1.8156566720746947
1.703137201389457
1.5622081881989451
1.4217804952058382
1.310585604240645
1.2470575742095908
1.2311332727762643
1.242690227678982
1.2510288502668065
1.2371801755844973
1.224624932411827
1.3026934876132634
1.6086062381912578
-0.6893233544890375
-0.5648659620876919
-0.5027003839398687
-0.40639793108160727
-0.28792374981370616
-0.16802498877874147
-0.0509442228529759
0.0709509892996191
0.20615405284244775
0.3567679171992942
0.5173276199309726
0.6781040703606398
0.8300073130781365
0.968489975164278
1.0949082119891387
1.2150499972419255
1.33560291038538
1.4599845597816026
1.5851153463261767
1.7004032871896875
1.7895458708442549
1.8349030729849511
1.8233572390627406
1.7519508439169387
1.6313592429796284
1.4855382222152844
1.346732903183642
1.2463874709197098
1.2041639683695486
1.2189133010561233
1.2665063945145165
1.3091783951387794
1.3184735873929607
1.3077453958732894
1.358911881917686
1.609918276618294
-0.5827141405759405
-0.41492557168160543
-0.3544900249447297
-0.2781088047792018
-0.18431520360529444
-0.08840806624167166
0.006650157187492491
0.10809092690428049
0.22377814756893497
0.3556438439859634
0.4986707365062717
0.6440329005326142
0.7836798501382666
0.9138942759927742
1.036373324691986
1.1566007485703986
1.2803074460991415
1.40944072200577
1.5391957566394459
1.6573348429656438
1.7463432671867218
1.788114358173432
1.770018996418332
1.6905982011676421
1.5628983715469085
1.41377299075895
1.2783492981775146
1.190245277637296
1.1698304449430257
1.214502904747978
1.2960679246839613
1.3700991175824335
1.3996508012460638
1.3896100451442581
1.4167753548408553
1.6225501021116748
-0.475630211870721
-0.2680070586858398
-0.20787408458255907
-0.14848344695344856
-0.07646903758086908
-0.0021337023831991195
0.07291086877524143
0.15573046303346433
0.2537540032214745
0.3688034022251616
0.4962212678330208
0.6278825665698146
0.7565190256953902
0.8789974289284801
0.9971804202663981
1.1161851956073245
1.2408575645976256
1.3718771022273955
1.503022003723897
1.6207790147105015
1.706797283185293
1.7428246261060938
1.7169295398117395
1.6292038512030909
1.4949362284542376
1.3435713101782933
1.2126698352251042
1.137503086458194
1.1386587451776573
1.211753711358078
1.324504639779104
1.4262471322414225
1.4725271271476392
1.461352571903514
1.4665345587189045
1.6353873934448562
-0.37478688947097555
-0.13248154652707228
-0.07179123748256908
-0.02620438830549058
0.027736283344057585
0.08401897200688432
0.14224422473460988
0.20939132949824338
0.2925470464937557
0.3934323678945497
0.5076523309303103
0.6276026089982338
0.7465828081163284
0.861851033441797
0.9753140439691332
1.0917075725889391
1.2150992110382481
1.3451233298172935
1.4744530934858548
1.5886585595611746
1.668905437660342
1.6970861225564142
1.662142312683269
1.5657384801905136
1.425254608794134
1.2724102026708537
1.1467560965761683
1.084716788477687
1.1066417761033707
1.2060777526795659
1.3466656488891322
1.4719446005580652
1.5309151957400589
1.5162150091772073
1.5006336019307476
1.6395628809349851
-0.2857154787412934
-0.015061802568339926
0.04654925319385429
0.08157299966591627
0.12157932503840115
0.16397319352402512
0.20928344934976686
0.2643725493770061
0.3360081630475848
0.4257875639913467
0.5294806544427615
0.6398473043735196
0.7505791362433676
0.8591772786949295
0.9675138938519499
1.0799629682857708
1.199942991418855
1.3262732598183447
1.4508266220197767
1.5585949039637843
1.6305827841964298
1.6490816010514613
1.6040458368673076
1.4987034474409306
1.3523536031004586
1.198666759260305
1.0787483803220572
1.0296992848478213
1.0712096873263353
1.1945078089480337
1.3592076034710419
1.5035098012447927
1.57081110078158
1.5498047576055276
1.5140536571873455
1.6289035927448978
-0.2124886798870513
0.07940544842193928
0.14186739142092547
0.16945287179355112
0.19978555038343082
0.23271456990714184
0.26932176634468646
0.31625219481860745
0.37993437436854594
0.46180310864856894
0.5577029274337413
0.6606257504124224
0.7645134862231819
0.8669986442863024
0.9698728243398094
1.0771917592095934
1.1918654109326996
1.3121257992283897
1.4293344237841932
1.5282162455864823
1.5899023630398637
1.5972990885069476
1.5414765793252474
1.4271870894194723
1.2754579337444514
1.1215820730938477
1.0077954905166804
0.971424845405098
1.0311177628321593
1.1755779117667928
1.3604769358601994
1.5191502951049212
1.5903078667581654
1.5600381502481535
1.5042971932997071
1.5999675937582043
-0.157632553257312
0.1479728887512442
0.21084527670222006
0.23386803476855914
0.25865542147362175
0.28648948152767334
0.31858353240615656
0.3612269533079392
0.4204676741974921
0.49753609537209575
0.5882739830466784
0.6857974178922985
0.7841867691978289
0.8811239484535837
0.9782982163827209
1.0795052224567065
1.1872896427821311
1.2995138587538186
1.4072948629967212
1.4953703983642161
1.5452477265432416
1.5406249298675796
1.4737548256874198
1.3508469366000275
1.194449957999653
1.0411501286030533
0.9339050169467523
0.909846469067125
0.9862365654219348
1.149091877761949
1.3502622510830862
1.518704556140013
1.5893317600133923
1.5468772025903825
1.4711316225868136
1.551802204694224
-0.122179755651849
0.18949366539036688
0.25203199662577996
0.2730222950941553
0.29606482974105
0.3228738220301084
0.35436340179184045
0.3963177063614848
0.4543586071075352
0.5294768185094096
0.6174506099470293
0.7114357938435856
0.8055651752543553
0.8975115212791718
0.9888568414024669
1.0832020127775168
1.1828653008394505
1.2855409506351725
1.3823416243777382
1.4582628931350954
1.4953990624906788
1.4783780401711
1.4006683235793724
1.2698449106943586
1.109759220317814
0.9579648956026289
0.8577513130141448
0.8456680479842636
0.9372914043160219
1.1158329272493703
1.3294766643245026
1.5032993914345827
1.5692771241306949
1.511944448828407
1.4161873790729946
1.485529753342086
-0.10582456776772853
0.2044269186872768
0.2656549580926387
0.28673824971141937
0.311368127565561
0.3407405780432501
0.37506039357485643
0.4194664877970316
0.47911856072887676
0.5547462191695389
0.6420224658930819
0.7340804861044595
0.8250413319943387
0.9125279825691713
0.998020937615866
1.0849926073560687
1.1756638723985962
1.2677418344193352
1.3525453714474573
1.4155369194164027
1.4395700016766058
1.4103032690085688
1.3224227728667397
1.184756142064746
1.022231184597244
0.8730507166656589
0.78046922267114
0.7801028923363597
0.8855867699262865
1.07725473718175
1.2998157925883038
1.4749749059992736
1.5325982643190106
1.4580819091009936
1.3424847713532353
1.403844305440187
-0.10714571245633828
0.19457960728156642
0.25336756490521933
0.276238717884344
0.3052304169104285
0.3401514912771081
0.3801307948898833
0.42954752506878857
0.4930823091352456
0.5712009765359515
0.6594494540780773
0.7508961337487439
0.839604158863558
0.9231191038953014
1.0028311512900354
1.0821466353406124
1.1633041040428949
1.2441810143106182
1.3164817470784216
1.3663084427790297
1.377408522919882
1.3365376202547716
1.2395735197507063
1.0964666971362216
0.9329917231627571
0.7876942410122874
0.7034539114455138
0.7146415333034145
0.8327417113303283
1.0351834913287754
1.2634251129917349
1.4363154676393342
1.482402200799527
1.3889040218214763
1.2539461320118344
1.3104832798464316
-0.12386811707787136
0.1628117855070817
0.21795893067637062
0.24388620910035688
0.2794123259189959
0.322194964677888
0.3699810578996951
0.4263125597438226
0.49540006705507156
0.5774645815606525
0.6679229840606167
0.7597546362293764
0.846933030596259
0.9269074857101789
1.000990219932967
1.0725761588573692
1.1440196591004614
1.2135007416421468
1.273256812179628
1.3101671695153712
1.308972364683978
1.2575596651688308
1.152948944286924
1.0060711114503682
0.8433189514498031
0.7032905075239139
0.6281807710151315
0.6508445263459708
0.7804540489995735
0.9915514392904223
1.2226002965156002
1.390113883929804
1.4220736384209207
1.3083805788823346
1.15493456815021
1.2097211134136048
-0.15313959864730237
0.11272810592656858
0.1630473447322233
0.19290123308633378
0.23652726824577316
0.28878945999111355
0.3458192244475972
0.41028827802381745
0.4859761751758717
0.5729007826886954
0.6663667490772007
0.7592555455146611
0.8454302789446623
0.9222302422475989
0.990899742393111
1.054866405043317
1.1166797198393241
1.174928407888807
1.2224990809687388
1.2471518751554311
1.2346869291701272
1.1741297429317277
1.0635729113487833
0.9147770718192826
0.7545299530337836
0.6212111809139209
0.5560541492948206
0.5901700731065421
0.7303046549435795
0.948174985824894
1.1795357299949039
1.339086622103501
1.354953050674188
1.2204740987929361
1.0498477719101198
1.105917959526537
-0.19180294491111494
0.04837422291299078
0.0927754852787612
0.12707688334476613
0.1797881289559589
0.2424688815153207
0.30948093224951845
0.3826414480118226
0.4653695212307319
0.5575439681910735
0.6543909879173455
0.7486979332535565
0.834204629775351
0.9081285225264946
0.9716510503527209
1.0282641168203572
1.0807718376509416
1.128251767246811
1.1643257482593425
1.1777068917443572
1.1552917405792371
1.087226370030253
0.9725911858165727
0.8238217748806466
0.6678867238931752
0.5426992746214014
0.4882894751629462
0.5338415247369409
0.6836076412126756
0.9065842391537143
1.1361295758882706
1.2856501971130603
1.284080153417565
1.1288464543764263
0.942784654263877
1.003144546413208
-0.23664802497514664
-0.026047034281371017
0.011521899926376422
0.05050396487883191
0.11275745342618392
0.18616384630981142
0.2632437139407752
0.34502524841334176
0.4346688979730546
0.5319993316777858
0.6322126434102442
0.7280156260967237
0.8130168652222685
0.884299473046597
0.9429800295216918
0.992632551046378
1.0363551915603906
1.0737692486027064
1.09928945457354
1.1026251928864026
1.0717800193065752
0.9979825962539912
0.8812048036765896
0.7344023109031823
0.5845231708326019
0.468791836007489
0.4258300739724839
0.4827560879485014
0.6413080314801619
0.8679060970255554
1.0938482240174006
1.2317626475487382
1.2120080599849705
1.0366417389678992
0.8372938093669074
0.9048945644627466
-0.28463238656803597
-0.10642836603991124
-0.07635994926283429
-0.032682009003872706
0.039112531453378355
0.12299030258373934
0.2096410912180356
0.2994182770546594
0.39535469834747294
0.4973240441462897
0.600552365243768
0.6976863772994392
0.7821977943844262
0.8510201387644043
0.9051947042758353
0.9483811685178745
0.9839914562382772
1.0122216556746588
1.0283109435286815
1.0229824637616716
0.9853347897103262
0.9076247748659689
0.7906119586941789
0.6476207900537785
0.5053931277594059
0.4002699163562338
0.36929749044440796
0.43743320196720603
0.6039252140685721
0.8327991973730621
1.053648706805219
1.1788291477152353
1.1406878882784188
0.9463461202362097
0.7362058009667892
0.8138880844916249
-0.33306228063687615
-0.1889714522762206
-0.16676674824789994
-0.1185233549634104
-0.03756573153475489
0.0560546747983817
0.15128588834427914
0.24796584257507975
0.34915664332580615
0.454899117926872
0.560517919662949
0.6586242955700412
0.7425474912120195
0.8090517797339007
0.8590834681568265
0.8963771979012113
0.9246596669867898
0.9447107674805818
0.9526021832857038
0.9400657399329176
0.8972640885959974
0.8174152887279412
0.7019589332054866
0.5644437598308691
0.43123801347550966
0.3376336002979082
0.31897234118709694
0.39799897274308343
0.571538061973845
0.8014362705170268
1.015954433808901
1.1276671110096566
1.0714193653873854
0.8597206163339992
0.6415457980304743
0.7319633309015727
-0.3797291952585204
-0.27035593867271857
-0.2560288858104593
-0.20342620709907472
-0.11397357905326849
-0.01171741327837723
0.09071024157750347
0.1928313663277747
0.29791562434175517
0.40630018804022777
0.5134822527404226
0.6120636698668179
0.6952236983598304
0.7595321312286243
0.8058109902797839
0.8378454862927354
0.8596607673853084
0.8726097003833744
0.8735839057146136
0.8552995937861826
0.8089372285256576
0.7286001301464125
0.6162999018485994
0.4856746803026067
0.36257186160000415
0.2810988345012091
0.274801509637754
0.36420163138087847
0.5438059384581145
0.7735274751144778
0.9806773160291214
1.0785234783798918
1.0048598895659224
0.7777991678098094
0.5545189957016248
0.6600494555123168
-0.4229997779916772
-0.34786137339569667
-0.34104933907754353
-0.28430615595477615
-0.18723035376050068
-0.07772375616484699
0.030227964114545203
0.13606405296124313
0.2434562173232326
0.3531740499817148
0.46096320013441044
0.5594412014669927
0.6416262877618749
0.7038622386305384
0.7468080338788297
0.7742623482113732
0.7905169063884311
0.7974693439408496
0.79280102432625
0.7701723963854439
0.721723644146233
0.6423618134248595
0.5345650056723246
0.41193775824657297
0.2996809300569236
0.23061218915842716
0.23642677913263752
0.33545212605419517
0.5200187762889796
0.7483770621692368
0.9472778680920729
1.031135119004027
0.941082416033893
0.7009419133274051
0.4755583720600426
0.5982096007109974
-0.46185947779004843
-0.41944182963402626
-0.41939692001415657
-0.3586918050327859
-0.2549871195287212
-0.13979625357089165
-0.028176758525625272
0.07948742781725247
0.1874749880175965
0.29712647704495004
0.4045106396871059
0.5022825748121567
0.5832837023765903
0.6435936416187213
0.6836606712242248
0.7072484718553003
0.7188699909559252
0.7209247064319557
0.7118389908836458
0.6861648461322909
0.6369355661784806
0.5597778549442662
0.45753587420185055
0.3436712289101355
0.24263487400507316
0.1858794304497767
0.20322969005514385
0.31088356770833225
0.49916892352712416
0.7249650806684487
0.9148540782652788
0.984822270472628
0.879671294501328
0.628932060232898
0.40442249314718115
0.5457413360318573
-0.49591234450605237
-0.48375496737232104
-0.48935484112733774
-0.42478634713931995
-0.31549718450398323
-0.1962780427009875
-0.08293191768280261
0.024611888833946466
0.1314483591793762
0.23962559408605077
0.3456057411631043
0.4420982615343292
0.5217463716500664
0.5803208550828085
0.6180036556752604
0.6384653196175682
0.6463834771329552
0.6446045774363119
0.6322438116172024
0.6046826997243351
0.5557755871359298
0.48178494112647513
0.38582771390346915
0.28112815787554435
0.19130647857042404
0.1464038073368177
0.17438742686035902
0.28942324434199046
0.4800373956776753
0.70204571328652
0.8822496122892454
0.9386045936405208
0.8198446742260257
0.5611040344534288
0.34033014043672405
0.5013203421551846
-0.5253411871737916
-0.5401490024608891
-0.5499272212520638
-0.48148886953409425
-0.36764930064849444
-0.246066933609122
-0.13293046240027306
-0.027426917276153515
0.07656255108817647
0.1819239088202479
0.28557587912083515
0.38029245510799425
0.4584911910129545
0.5155832894940369
0.551422006626827
0.5695188559140361
0.5746508801333022
0.5700475135975132
0.5554481423150487
0.5269954361525951
0.4792900710253422
0.4091488804193306
0.3198771380734278
0.22438296452064851
0.14539713912666827
0.11153019798105417
0.14893481959264573
0.26987121868614666
0.4612874775242927
0.6782541176692335
0.8481721654641624
0.8913296026017793
0.7605921875012149
0.4964905694902101
0.28211835812252123
0.4631728523627085
-0.5508337144879106
-0.5886124632005119
-0.6008075488955852
-0.5283784719168344
-0.41096566235609533
-0.28862631765456714
-0.1775535697661347
-0.07590330679553269
0.023666940712429082
0.12500099844859505
0.2255277413104718
0.31808807622333957
0.3948402807985333
0.4507799666504713
0.4853641695100477
0.5018738394214253
0.5051139893041375
0.49862676306279796
0.48270559672842955
0.4541824061377404
0.40832928693005205
0.342440467295449
0.25993504605818113
0.17334209781689866
0.10446559624062474
0.08049166263902469
0.1258280185277044
0.2509800589595157
0.4415592000698266
0.6522142624669197
0.8113134047562289
0.8418038510632727
0.7008172142236552
0.433976931898977
0.22841097345578387
0.42926270523625815
-0.573481366732363
-0.629692726622703
-0.6423142516144771
-0.5656654236189
-0.44556797220296784
-0.3239658591085634
-0.21666578820399338
-0.12051087306579229
-0.02674888457812516
0.0695278219320452
0.16630018856611767
0.2564698725292965
0.33189639212754574
0.38709961570264895
0.4210694265558223
0.4367813220580301
0.4389932771989676
0.4314863511794293
0.4150351182846186
0.3870878471460923
0.3435150889284601
0.2820174450362104
0.20606403483791486
0.12775758538837273
0.06795783484753795
0.05245546020437505
0.10400601266033307
0.23153095833513493
0.41955900801692775
0.6226411095328661
0.7704628632493915
0.7889182191371809
0.639474016684109
0.37245147004477946
0.17778561230421558
0.39747978491183095
-0.5946583043114189
-0.6643901423198151
-0.6752993869789828
-0.5941144957985098
-0.47211578402974896
-0.35259524466659964
-0.25058441391972885
-0.16134739518805094
-0.07455507108745968
0.01585268082808191
0.10843750666291158
0.19614676375620896
0.2704965082635975
0.32546797934418253
0.35951155303601867
0.37522139956428435
0.3772324869033876
0.36949014549697423
0.3531769684594251
0.32628596179861485
0.28521690218853885
0.22801281546212526
0.1581400144611785
0.08724249402361982
0.03523650362699052
0.026566159915619194
0.0824468622337946
0.2104023188161425
0.3941398675148587
0.5884315339432318
0.724609285151436
0.7317598636708327
0.5756913213832885
0.31094301216517795
0.12892860354013858
0.36581800689965704
-0.6158884526078711
-0.6940350767974379
-0.7010370770404915
-0.6149462819661288
-0.4917220714977967
-0.37545505266545665
-0.28002628506141014
-0.19887768319502283
-0.11995999519574765
-0.03599201070510319
0.052182840866111524
0.13753375869324283
0.21118440312807965
0.2665134232362963
0.3013600388279475
0.317862657132455
0.3204588647931989
0.31318529595068884
0.2975615673928658
0.2720570529031469
0.23353669152710507
0.18032978805961947
0.11585787662283595
0.051287655590412956
0.005608667364290376
0.001984079283268657
0.060216257890060264
0.18662775894036962
0.36436808571000123
0.5487395283086811
0.6730242003531658
0.6697047929323952
0.5088754280808937
0.24873723543957318
0.08076883799986848
0.33253273785522053
-0.6387086270970588
-0.7201554536518113
-0.7210986587738497
-0.6297227681918736
-0.5058515042459953
-0.3938294115787128
-0.30603584699306113
-0.23387741826576908
-0.1634696177261995
-0.08626375780552653
-0.002509174413232683
0.08075299953516017
0.15420216899824443
0.21055122716024832
0.24695952920978567
0.2650391494316017
0.2689599763846372
0.26278100336343596
0.24829207792431873
0.2243754730612471
0.18830347251883905
0.13864367282082973
0.07874121355767899
0.019279302988058362
-0.021648855890823736
-0.022082129155872952
0.03650676583247108
0.15944140798058834
0.32957417284195595
0.5030324507765904
0.6153238701044852
0.602486532627867
0.43878756793351803
0.18546589464366142
0.03258352735643666
0.296269515135682
-0.6645355900375058
-0.7443423344490228
-0.7372216245692842
-0.6402236368856191
-0.5162072453140429
-0.40924554523208223
-0.32989885296638033
-0.2673616266034435
-0.20583063684014322
-0.13546710495327974
-0.05594227901040341
0.025652778153247735
0.09950001909640356
0.15758624969076565
0.19632748651446413
0.21674515105511383
0.22267750275389553
0.218143106066088
0.2051412508733703
0.1829098759135707
0.1490777685230881
0.10241098940656498
0.046156187597777794
-0.009482492367261128
-0.04726692287665032
-0.04634936378683947
0.0106668369319519
0.12830923404739916
0.2893861305204425
0.45112629745042576
0.5515071336423607
0.5302379020767845
0.3655919426747358
0.12116465990293968
-0.01592918956293944
0.2561580635620544
-0.6945444369734766
-0.768120794504652
-0.75117928850716
-0.6483197909411382
-0.5246122156253965
-0.4233655506943077
-0.35304641581489404
-0.3005018655789438
-0.24796089394423898
-0.18429670314466112
-0.10863324769761698
-0.028157274949181767
0.04676301507229208
0.1073330063719632
0.14916944207683575
0.17264731638747727
0.18121786839559817
0.17880449313061697
0.16756264778431953
0.14703594798935687
0.11516621553669351
0.0708859827657379
0.017329699707524203
-0.035764501145339814
-0.07196426920179802
-0.07144055639702698
-0.017780679165916663
0.0929459875843957
0.24374455889994412
0.39319916648869624
0.48196805036258494
0.4535044613302359
0.2898725930346826
0.05629719869037685
-0.06461379745400643
0.21186780805431127
-0.7295649970909521
-0.7928328120325379
-0.7646577472405303
-0.6558503761981851
-0.5328907087982833
-0.43787582592230084
-0.37695431759479636
-0.33453649804388863
-0.29087087561343306
-0.23356964762655213
-0.1612541771189987
-0.08125719717974683
-0.004547227613349399
0.059251592633327015
0.10491060371832353
0.1321133044548482
0.1438790047232409
0.14399085851695187
0.1347159309415781
0.1158614563064731
0.08564626976261497
0.04314459863531542
-0.008628008382195337
-0.06037993328389768
-0.09643023351847244
-0.09787145293263538
-0.0491301879610059
0.05331809868410916
0.19289990922459543
0.3297831960063144
0.4074835307762242
0.37322967343108415
0.21261891195415147
-0.008255014219689862
-0.11285809160963643
0.16362327546795302
-0.770001978753584
-0.8195381264632351
-0.7791461228081091
-0.6645091697714375
-0.5427559890849836
-0.45437946155857645
-0.40304251616403697
-0.3706785837026432
-0.33558041392089943
-0.28415076030605513
-0.21456565430019992
-0.1343567501856874
-0.05513833295150258
0.01259732613159312
0.06274201700666349
0.09425536338966242
0.10969201496488354
0.11266081066682937
0.10550546525889097
0.0882630716933362
0.05940068258739833
0.018115781458807916
-0.032696261779601964
-0.08416670247797407
-0.12130956048353947
-0.12604306044785551
-0.0834943530437453
0.009633525408733535
0.13739304089824292
0.26173627029212476
0.32917734585161973
0.29071320898483377
0.13518118864240608
-0.0712359180144613
-0.15963003988475388
0.11217989881409295
-0.8157834263588287
-0.8489380533637345
-0.7958452953806792
-0.6757456024764114
-0.5557090757017029
-0.4742966402264561
-0.43257966285591026
-0.4100259246739836
-0.3830348149697069
-0.336874722930832
-0.26934438346318
-0.18822777544729546
-0.10582338582558841
-0.033518511302891206
0.021678958937197207
0.05798684097301111
0.07747598594308118
0.08355885606181987
0.07863102099165438
0.06293402829457656
0.03516107964425949
-0.005380284446006051
-0.055912454332593106
-0.10796413598237693
-0.1471887419289391
-0.15623889065754126
-0.12081324268305246
-0.03767990493932092
0.07802095364766878
0.19019567385533998
0.24846296842473903
0.20754506733328557
0.05919900201506618
-0.13108825906150295
-0.20354805492202696
0.0587627216613604
-0.8663407067053294
-0.8813260939153834
-0.8155993766128117
-0.6906849107129563
-0.5729533194605971
-0.4987776547375866
-0.4665971677357551
-0.45347766685574764
-0.4340246390850034
-0.3924690762562085
-0.32630905807374067
-0.2436323949537515
-0.15745087825285714
-0.0800598740368986
-0.019371218430468573
0.022089103743141124
0.04590370159229863
0.05527929412114173
0.05264891058050982
0.0384412653392727
0.01155962292204565
-0.02858765573052297
-0.07933642943627908
-0.1325880079968982
-0.17458334312686974
-0.1886259930114965
-0.16087014102139358
-0.08800569968535184
0.01579014062626602
0.1165166111522308
0.16696860815135423
0.12551927080552938
-0.013493457993315645
-0.18605285735940008
-0.24298029306393626
0.004972297062980694
-0.920621745959041
-0.9165678744748965
-0.8388530619776432
-0.7100709850279258
-0.5953286263093727
-0.5286325735894637
-0.5058169244576102
-0.5016615820544619
-0.48911321561021265
-0.45148208351216157
-0.38604835849627
-0.3012507926746175
-0.2108319489543344
-0.12799247628182975
-0.061534967803773516
-0.014714080267177083
0.013575564759840198
0.026338607248780538
0.02604144966751478
0.013290279676001437
-0.012812641874356432
-0.052764819303441866
-0.10401127565569208
-0.15880394259475378
-0.20392583205915074
-0.22325873227208384
-0.2033123865189265
-0.14057719871176608
-0.048139562298281015
0.042199087690170424
0.08644853471870609
0.04653178274133252
-0.08098000344253534
-0.23428822056983253
-0.2761672009662807
-0.04733636165902687
-0.9771376297435969
-0.9541115282968449
-0.8656367597151355
-0.7342344205939977
-0.6232682937994033
-0.5642808602583892
-0.5505962436656267
-0.5548757425345007
-0.5485757016487303
-0.5142193116044664
-0.4489549276696305
-0.3616123889711117
-0.26666865245482785
-0.17820926522415198
-0.10589563210842522
-0.05367799790130741
-0.020901358403307896
-0.004746482089671427
-0.0027077845227721793
-0.014004489501653193
-0.03934253331242538
-0.07913092080399815
-0.1309213650383886
-0.18729945842250895
-0.23555357739449154
-0.26008432280696714
-0.24767555564824606
-0.1945209584396183
-0.1125174771683786
-0.03119294305517339
0.008685330015298129
-0.02753201091712733
-0.14138702121509716
-0.27400399265673225
-0.3013603915754105
-0.09619462983410672
-1.0340410008972978
-0.9930281229701443
-0.8955800550143205
-0.7630871037927274
-0.656780420352715
-0.6057234070701109
-0.6008928528102981
-0.613047756228181
-0.6123530902471829
-0.5806925101061794
-0.5151690243006531
-0.4250341768219344
-0.32548704877541723
-0.2314586107133504
-0.1534174319601629
-0.09595786369200546
-0.05883257876711144
-0.039378470467885444
-0.03503579916809745
-0.04484630343088441
-0.06932873193224134
-0.1088097160645471
-0.16094878130929371
-0.21865520032338673
-0.269696895259173
-0.2989492761011672
-0.293409373197498
-0.24890258622751
-0.17606765281813316
-0.10211602645554962
-0.06461193871782894
-0.09491444420160487
-0.19301343300603324
-0.3036009972105167
-0.3169700737540591
-0.13967278380157183
-1.0892329885957863
-1.0320801836757836
-0.9279526648631795
-0.7961434173337019
-0.6954547464494376
-0.652538492774806
-0.6562520143808732
-0.6757140661693002
-0.680024044239234
-0.6505839673419277
-0.5845352729731297
-0.4915698205372812
-0.38757883893042183
-0.28827900484694163
-0.20487415911462584
-0.14253286398959966
-0.10135735238815949
-0.07879951410218897
-0.07222235417300922
-0.08048269185955471
-0.10391552975765622
-0.14277327459974212
-0.19482961595731169
-0.2533162078402904
-0.30646729249765975
-0.33960613774624054
-0.33990389238899926
-0.3027726841689423
-0.2375542392284099
-0.16913104235815699
-0.13190847835290365
-0.15410127585461433
-0.2344591204753147
-0.32181018367461633
-0.32171270397225443
-0.1760353805917121
-1.140493730165767
-1.0698148085996282
-0.9617306098404521
-0.832566846027926
-0.7384946179492635
-0.7039021364329392
-0.7158169099306911
-0.7420210431157958
-0.7507967842579406
-0.7232289977264632
-0.6565755226096287
-0.5609728204919409
-0.4529550778806558
-0.3489439668069683
-0.2607863687634915
-0.19413719383309272
-0.14937555412109732
-0.12401650859287591
-0.11531591058673778
-0.1219351209505092
-0.14402913677173673
-0.1817877829809226
-0.23311193437386096
-0.291564389829036
-0.34584635864422597
-0.3817201704992411
-0.3865147352590114
-0.35521076713866057
-0.29584356153354086
-0.23098232595648127
-0.1919383555283967
-0.20392986807843871
-0.26474479771466175
-0.3278226167735958
-0.31475028746722533
-0.20389039512183518
-1.1856299593127568
-1.1046763679839129
-0.9956839165234644
-0.8712394526257439
-0.7847725548227178
-0.7586322232713261
-0.7783624529764297
-0.8107487298856586
-0.8235225026817247
-0.7976185700613899
-0.7304802899809381
-0.6326766187537259
-0.5213151694445027
-0.41342061721707446
-0.32137072232984887
-0.25120184979723215
-0.20348405170139378
-0.17573455061689375
-0.16506696159115355
-0.16993513133301
-0.19031958777321736
-0.2263640680079961
-0.2761175114247188
-0.33349368832688076
-0.38767608120935476
-0.4248759629789941
-0.4325864998853044
-0.4053653223697427
-0.3499600703542534
-0.28666822742177345
-0.24378802911534533
-0.2436839445023943
-0.283416470215006
-0.3214027686913149
-0.2958128375316811
-0.22232304950218368
-1.222631693147854
-1.1351323764917876
-1.028480815234127
-0.9108504084172885
-0.8329066976372941
-0.8152546488172057
-0.8423516522351504
-0.8803571466603338
-0.8967309215276313
-0.8724233300910139
-0.8051206064924079
-0.7057939594039776
-0.592033882383454
-0.4813450142680631
-0.38650485028819154
-0.31381074570588974
-0.2639262600202084
-0.2343024848336823
-0.22187237901478837
-0.22487041107520866
-0.24311144515830763
-0.2767156629634983
-0.32390968398658343
-0.37898970134671045
-0.4316516775481354
-0.4685842883974885
-0.47747380644099585
-0.452488558658065
-0.39913373679761516
-0.33549966242649987
-0.2869643525477077
-0.27316943654184694
-0.29062802373259006
-0.30297777777379753
-0.26529590676685916
-0.23100567738667155
-1.2498288222359903
-1.1598048890025812
-1.0588021643929184
-0.9499985514156314
-0.8813542273824798
-0.872088597689544
-0.9060125735565153
-0.9490540585891888
-0.9686876764089561
-0.9460394121590248
-0.879081309543387
-0.7791371248046511
-0.6641685204684195
-0.5520168242992047
-0.4557106716185356
-0.381674370803685
-0.3305582918820061
-0.2996740573334661
-0.285734305002426
-0.2867442403188387
-0.30236653680082
-0.33272735167142253
-0.3762698432555895
-0.42771576939084227
-0.4773183276406624
-0.512289880999674
-0.5205598460973233
-0.4959648310424869
-0.44283694134636603
-0.37714372770871263
-0.32144313091129084
-0.2927665284680364
-0.2871961272583468
-0.2736960193451795
-0.22432582939252899
-0.2302757386158567
-1.2660374654327888
-1.1775987571699496
-1.0854587716391768
-0.987302855401973
-0.9285167541317623
-0.9273469787701684
-0.967432873844268
-1.01488206401345
-1.0374722085529757
-1.0166554869172606
-0.9507159320252265
-0.851259848116611
-0.7364876305778765
-0.6244152272688979
-0.5281585140525699
-0.45412369972274597
-0.4028346950660207
-0.3713878551570756
-0.35623686161799933
-0.3551515721889072
-0.3676618801696577
-0.3939371202116887
-0.43268516679032376
-0.4791076884230619
-0.5240734296087622
-0.5553811137875763
-0.561272690166475
-0.5353321970002234
-0.48080945263030106
-0.41165007943221466
-0.34769501898479765
-0.3034537920576774
-0.27462249645643677
-0.23544928125904785
-0.17478634987369923
-0.22117523007134965
-1.2706853729157979
-1.1878173681019109
-1.1075034551510194
-1.021513780293926
-0.9728516936959575
-0.9792470191809037
-1.024667836691519
-1.0758218106713722
-1.101073803724152
-1.0823394702948503
-1.018222355297032
-0.9205207583820396
-0.8075217425486235
-0.6972371291157629
-0.6026936198812612
-0.5301263793936668
-0.47981616179287967
-0.4485686926432395
-0.43254352112233
-0.4292746764942714
-0.4381857003800212
-0.4595342996805568
-0.4923501428147503
-0.532379265478978
-0.57117615588289
-0.5972028216264414
-0.5990999837290176
-0.5702970354968844
-0.5130706782499628
-0.4394584720002839
-0.3666863634189889
-0.30680123975537543
-0.25507962777270865
-0.19085403193117542
-0.11930164597536871
-0.2054462166931057
-1.2639055309938139
-1.1902561431518104
-1.1243291637222244
-1.0516177976878889
-1.012982850666204
-1.0261251201028925
-1.075856864964993
-1.1299071193155412
-1.1575023554073565
-1.1411422420907231
-1.0797373154085939
-0.9851671553445166
-0.8756356055713321
-0.7689577667995476
-0.6778856899308665
-0.6083263501955241
-0.5602008024379443
-0.5299523931077038
-0.5134173570655682
-0.5079007467533939
-0.5127540269122587
-0.5283763693723824
-0.5541842397971986
-0.5865408533795025
-0.6177661331307105
-0.6370736889912748
-0.6336029581956761
-0.6007421106939079
-0.5399189659901533
-0.46138660263053827
-0.3798534975844812
-0.30493019506668934
-0.23135735501925891
-0.14318869013954816
-0.06117236477926988
-0.18547901580224618
-1.2465875317277009
-1.1852641857853619
-1.135744324237371
-1.0769270098280739
-1.047802857918761
-1.0665493472116974
-1.1193425221045206
-1.1753468242679699
-1.20490937817383
-1.1912146127443382
-1.1334467056465147
-1.0434367475340602
-0.9391202237979506
-0.8379126483234266
-0.7521010093226415
-0.6871069988460906
-0.64237957838241
-0.6139349929404242
-0.5972655622820113
-0.5894631354716149
-0.5898497269920593
-0.599026381754816
-0.6168676944704984
-0.640432758375239
-0.6628929724447061
-0.6743096796770087
-0.664430918601186
-0.6267288553996254
-0.561918307780784
-0.478598170805449
-0.3890499606122656
-0.30043905093000955
-0.20676897170771055
-0.09628542783331576
-0.004263154443381946
-0.16421168706588196
-1.2203773163470706
-1.1737651207438002
-1.1420168891883344
-1.0971457760091101
-1.07655984881487
-1.0994224214803958
-1.1537855079671646
-1.210647267808367
-1.241713788107564
-1.230932659814917
-1.177707420167931
-1.0936737325957968
-0.9963017065505262
-0.9023984720995294
-0.8235954107550524
-0.7646766822050808
-0.7245152784578025
-0.6986462499695163
-0.6822085562008814
-0.672106916012428
-0.6676849789204367
-0.6698122419331847
-0.6788968024236217
-0.6927749783321324
-0.705558105724952
-0.7082548934933103
-0.6913374598516119
-0.6484949509311608
-0.5798733159976583
-0.4925518072641682
-0.396467098946509
-0.29629522814936116
-0.18501717203921617
-0.05437682945453223
0.047157735627136446
-0.14498188371564233
-1.187617687849206
-1.1572294565741545
-1.143879399837026
-1.1124067036178518
-1.0989208264651944
-1.124067851548093
-1.1782684579416078
-1.234728653653387
-1.266726036985846
-1.2590254610299327
-1.2111752565652645
-1.134454270176607
-1.0456625469959024
-0.9607892229909718
-0.8906248644479136
-0.8391739996013824
-0.8046429902996
-0.7820459554837621
-0.7661726933508928
-0.7537782511061619
-0.7442870820729296
-0.738908098232681
-0.7386592679805604
-0.7422340679363372
-0.7447699065525168
-0.738320957705575
-0.7141996059383251
-0.6664484534486512
-0.5947937652247978
-0.5049322174794801
-0.40452948255297005
-0.2956949204193112
-0.17002165599410984
-0.021899659846932852
0.08862393039517046
-0.13133477754503398
-1.1512246259052252
-1.1375928309892185
-1.142488853881575
-1.1232693337302422
-1.1150047176803926
-1.1402919713160262
-1.1923812220958996
-1.2470279225425756
-1.2792633764232653
-1.2746982120630086
-1.232932166404961
-1.164715015090333
-1.0859694413608807
-1.0116620543661226
-0.9515688411626987
-0.9087885239144776
-0.880788354653941
-0.862039917700206
-0.8470040114484976
-0.8323355581135086
-0.817606118462425
-0.80443685053643
-0.7945290749547701
-0.7875070095563271
-0.7796123552166857
-0.7640355630757865
-0.7330408101619742
-0.6811597238021407
-0.6078502834363041
-0.5175654801644693
-0.4157674892969308
-0.3018934808177809
-0.1657118807886501
-0.0032600200317334837
0.11571618479942944
-0.12679364599395568
-1.1144980443099877
-1.1171173712163993
-1.139337367865839
-1.1306764416535682
-1.1253791366025452
-1.1484151860176568
-1.1962803758330025
-1.2475805134068256
-1.2792483828236734
-1.2777427723442951
-1.242604942772275
-1.1838769657626507
-1.1164001759867057
-1.0539258476286906
-1.0050597811124318
-0.9718908281869111
-0.9510979918605277
-0.9366105934692135
-0.9225986062962198
-0.9056786807426449
-0.8856413010107347
-0.8645912329733656
-0.8449789477757039
-0.8274207618197951
-0.8093265134615321
-0.7850999992262063
-0.7480582643433699
-0.6933522187405943
-0.620322893865389
-0.532320900703174
-0.4326702379492215
-0.31801052485237735
-0.17579008032581342
-0.0025662548429227824
0.1243395668735124
-0.13460276542328536
-1.080870333111649
-1.0981972343208992
-1.13611265866078
-1.1358651757058633
-1.1310165196003212
-1.14926676257686
-1.1907162018899626
-1.2370733751848997
-1.267282443959631
-1.26862687354529
-1.2404662974584377
-1.1919554677505433
-1.1366604625528414
-1.0869435072270885
-1.0501100252191027
-1.027163567314392
-1.0139743521754419
-1.0039551862922598
-0.9910430787399992
-0.9718901884046973
-0.9465808442743443
-0.9177690519426235
-0.8887067544751034
-0.8610446305866788
-0.8334027701365577
-0.801454494455483
-0.7596542015138517
-0.7038927549085328
-0.6335440101467578
-0.551002098973631
-0.45752273855233816
-0.3468149525945766
-0.20347127150000394
-0.023338074272748626
0.11102208624291007
-0.15745544774102457
-1.05360195723883
-1.0831143075315235
-1.1345113466528296
-1.1402333741381003
-1.1332076202089822
-1.1441391074652911
-1.177021338163395
-1.2168619608396878
-1.2446857485510958
-1.2485525999639866
-1.2275082468462535
-1.1896458261305953
-1.1470799171622141
-1.1106371177953325
-1.0862254372760765
-1.0737230984156767
-1.0682048645560664
-1.062621596077767
-1.0507560548072767
-1.0293805116618016
-0.9989478537532193
-0.9627159346194001
-0.9247701306589071
-0.887810726967336
-0.8516801693281253
-0.8133487833931592
-0.7684697995844713
-0.7137811212454325
-0.648837128770058
-0.5752300655712568
-0.4922316321805954
-0.39049608012245074
-0.25120847395647905
-0.06820241399220325
0.07322163030553248
-0.19722334146480053
-1.0354406817179127
-1.0737561754292027
-1.1360131244839262
-1.1451654385614332
-1.1334334686226102
-1.1346997455420567
-1.1570567852914735
-1.1889447358319063
-1.2134954918174445
-1.2194743598273248
-1.2054768385779016
-1.1783726597179582
-1.1486746851470837
-1.125563082159978
-1.1134926806435075
-1.11121865687357
-1.1130726439262442
-1.1116298956095645
-1.1006190245553324
-1.0770258708527298
-1.041742030889106
-0.9986663433958051
-0.9527211491746346
-0.9076355128998506
-0.8644471028609472
-0.821413574067372
-0.7754188623492392
-0.7241378471794965
-0.667451799395789
-0.60632070317176
-0.538144162321093
-0.45042786925555495
-0.3204127383131999
-0.13858853970165547
0.009625439125267976
-0.2547064432380141
-1.0282698092719353
-1.0713159367606546
-1.141630065362579
-1.1518272177292876
-1.1332009091557778
-1.1228622409687241
-1.1331130967802672
-1.1558900433326549
-1.176414578555323
-1.1840664686207956
-1.1768565593272888
-1.1602899148655177
-1.1431625430673273
-1.132942299633888
-1.13262472918665
-1.1398934590115983
-1.1484331695743744
-1.1505640191430009
-1.1400816710253192
-1.114284852467574
-1.0745639148380666
-1.025470615827609
-0.9727299969649617
-0.9210327557462687
-0.8725352047490708
-0.8267264261523144
-0.7817166279071164
-0.7361874896894034
-0.6904944391141747
-0.6451588326232515
-0.5958650074287462
-0.5269338033036629
-0.4111787548186423
-0.23443674195882824
-0.07957620383000182
-0.3294265786868052
-1.032781306287529
-1.0760024238051988
-1.151652897768439
-1.1609455905120003
-1.1338518427992152
-1.1106211873396106
-1.107767423655521
-1.120712068888323
-1.1367041424459787
-1.1456307223927982
-1.1447923210792228
-1.1382173921585397
-1.1329146994569836
-1.1346283625416953
-1.144946711042433
-1.1605892915992495
-1.1747382751103155
-1.1796150813446658
-1.1692234634005556
-1.1412760238145148
-1.0977049133003631
-1.0436923767343687
-0.9856833229972501
-0.9292050894270975
-0.8773953922277766
-0.8308629466331265
-0.7888967920989051
-0.7512329377764482
-0.7188531444660639
-0.6920697371743745
-0.6650752575097989
-0.6190602224389522
-0.5220277457945696
-0.3539366177912543
-0.1924628087177052
-0.41949035622408387
-1.0482220233688926
-1.0867999949962122
-1.1654250902839243
-1.1725959613533707
-1.136362439285387
-1.09986124660243
-1.0837007526043272
-1.0866952253921875
-1.0980147835053222
-1.1079350185753574
-1.112936788115513
-1.1154987757463126
-1.1208270080590328
-1.1329946787989436
-1.152301631210873
-1.174673191171458
-1.1929855045356976
-1.1995542044180687
-1.1887495660610914
-1.1587951429598382
-1.1121824993598852
-1.0546568199956818
-0.9932391649851783
-0.9340977818856755
-0.8811416231410856
-0.8359211205760161
-0.7988070948596195
-0.7706139038069556
-0.7531127976465857
-0.7466879930146554
-0.7443570845224858
-0.7243658510098513
-0.649679975018844
-0.4933123354445903
-0.32522601706178506
-0.5215507150978991
-1.0722755611703463
-1.1013294985684838
-1.1811862208246418
-1.1860298330909969
-1.141155970137096
-1.0921561501901036
-1.0634842655516261
-1.0571696287951844
-1.064153638450064
-1.0749752580082035
-1.0852110437636655
-1.0957655475632888
-1.1100919480217175
-1.1307194076113358
-1.1568529248345027
-1.1838617346706846
-1.2045674042180325
-1.2116089253873885
-1.19989506865503
-1.1682463123789235
-1.1196956579243127
-1.0604260550874558
-0.9978161252874509
-0.9383942095423216
-0.886544050386045
-0.8445029864618014
-0.8135705598143489
-0.7956399332108574
-0.7934544131067108
-0.8078215393652611
-0.8310264836401782
-0.8387347650249706
-0.7888694778564009
-0.6466733698298559
-0.4721063905732022
-0.630899118195689
-1.1011588740356184
-1.1158764116418372
-1.1960385064716519
-1.1995851463675962
-1.1479616847836
-1.0885807133531638
-1.0493493707654447
-1.0352445563783883
-1.0387873311797882
-1.0506545143493629
-1.0654672748986016
-1.0825908778723758
-1.1038515662998585
-1.1304451667033852
-1.160758191666146
-1.1899152834119122
-1.2109916554061226
-1.217213195253378
-1.2042071756248016
-1.1714568385706723
-1.122470944931698
-1.063672942440957
-1.00248972711832
-0.9454279127482548
-0.8969488196975458
-0.8596337018320861
-0.8354956618650777
-0.8274848730341553
-0.8395297799811099
-0.8733066256265624
-0.9209747959468265
-0.9562191044614554
-0.9322134684652572
-0.8059499176863352
-0.6254512643914044
-0.7417231170480283
-1.1300316353824336
-1.1256687244216383
-1.2061047096751254
-1.2107343257146885
-1.1557624476138473
-1.089567384790235
-1.0429627292602301
-1.0235119798487984
-1.0250845990265574
-1.0383758719208163
-1.057043349121688
-1.079017675573995
-1.1047106750550728
-1.134288680593009
-1.165685892561406
-1.1941712753634257
-1.213439128856414
-1.2175966818477713
-1.203170314215048
-1.1703405964065308
-1.1229643686495419
-1.0674195895786978
-1.0107636223152783
-0.9589809276860429
-0.9160967475669515
-0.88459329108569
-0.8669142845496336
-0.8670257521495861
-0.8902989767384368
-0.9398463852687235
-1.008517508336991
-1.0689163744523549
-1.0701482546412397
-0.9609324907503135
-0.7759215622621002
-0.8475663751763934
-1.1538379113191979
-1.1255060511659871
-1.2069620887286554
-1.216339111882594
-1.1628858244599976
-1.0948487958645703
-1.0452356512312169
-1.023738559328707
-1.025307058119005
-1.040548502730574
-1.0622009565124466
-1.0869455285238132
-1.1140890133974872
-1.1431739431183374
-1.1721442946263654
-1.196882381269504
-1.212122988820127
-1.2131745673187178
-1.197634138774447
-1.166369359776778
-1.12337871169023
-1.074600936560713
-1.0261775249198548
-0.9829323372303252
-0.9478075034118624
-0.9226309897214113
-0.9099212802003892
-0.9146043984946328
-0.9438142198420434
-1.0028222749556195
-1.0862460083749594
-1.1668841436112607
-1.1909423257113176
-1.0994349786099435
-0.9128763105870756
-0.9420302085420812
-1.1687240137684336
-1.1108629055438657
-1.1944558089442345
-1.2131974588300651
-1.1673071103912271
-1.1035393324523333
-1.056206698883144
-1.036571993103688
-1.040362268341734
-1.0580105770461907
-1.0814414732273843
-1.1063623436600933
-1.131390886267677
-1.1559611218840797
-1.1785895817114125
-1.1963220679838915
-1.205407919136663
-1.2026943119892435
-1.1869991408364553
-1.1598058561721738
-1.124949884474952
-1.0874076172360962
-1.0517073967540065
-1.0207146356777683
-0.9954896779741246
-0.9765260662350546
-0.9659837241757483
-0.9696848093599741
-0.9969287112390617
-1.0560634317619426
-1.1448744956330625
-1.2380922781658594
-1.2807955124963906
-1.2075997056811993
-1.0249639156147192
-1.0197572188069182
-1.1742037522697895
-1.0796132847285849
-1.1660164688453087
-1.1989862114904635
-1.167248593261667
-1.1144220814344517
-1.0750473455365406
-1.0612964709124615
-1.069340102336028
-1.0893775854572796
-1.1126969729336222
-1.1344081932597956
-1.15297105743984
-1.1683424013035626
-1.1802778553433964
-1.1876168922471184
-1.18864442518191
-1.1820909658534438
-1.1681090376929695
-1.1486462428674702
-1.1269494388054961
-1.106355537827719
-1.088906500727752
-1.074528542050603
-1.0614302240911417
-1.047952284059683
-1.0353815238799937
-1.0303732584130825
-1.0449036241467005
-1.0915540906619792
-1.1730700617062915
-1.2684094884110122
-1.3240306883776483
-1.27036161325091
-1.100949014794518
-1.0777385853597559
-1.176272905505368
-1.0345508804478527
-1.1226303252462304
-1.1737241455313892
-1.1621773243000146
-1.1265227650463665
-1.1002532555773046
-1.0956823124720019
-1.1090615385882125
-1.1303307069353243
-1.1503979658051222
-1.1642612777717816
-1.1708764784827412
-1.1714753140516219
-1.1678237974897157
-1.1612617299034647
-1.1526690224641722
-1.1429975787424504
-1.133793329829761
-1.1272133009022034
-1.1253434805159823
-1.1290223654077334
-1.1367284564169298
-1.1442593085366797
-1.1458091845058007
-1.1365957331502514
-1.116433869748152
-1.0927613280364707
-1.080880067840865
-1.0990535187834614
-1.1572489941581856
-1.2416168504824276
-1.3033813242447323
-1.2720866115827003
-1.1308028100461924
-1.1169869732826783
-1.1917088304851058
-0.986909602539745
-1.0716376341595506
-1.1419034405956991
-1.1543240021822792
-1.1400696403478316
-1.1300983232116475
-1.1359868326563718
-1.1536785183226383
-1.1728671073674402
-1.1844245922616272
-1.1838391247319755
-1.1713448673337983
-1.1503239236193894
-1.1254271160102125
-1.1012711844700864
-1.0819170013370207
-1.0708521264720727
-1.0709974169572936
-1.0843349187244231
-1.11104091321249
-1.1483833682224738
-1.189965375256845
-1.2260293420216477
-1.2453773547807854
-1.2389675879860278
-1.2044580665223463
-1.1500444594332444
-1.0951757561409299
-1.0655964131579134
-1.081316581117408
-1.1394360430661479
-1.2003742648341593
-1.1973963020361462
-1.1070831672341197
-1.1446167332523678
-1.2538289707378905
-0.9611228977244126
-1.0305644827079332
-1.1154639811857656
-1.150868463649374
-1.1579579874074644
-1.1634452061404703
-1.177177213281884
-1.1943745699437343
-1.2045426243227881
-1.1989542556809298
-1.1743122614511514
-1.1330433017797537
-1.08167857512126
-1.0287266174578165
-0.982917675897805
-0.9520904084775629
-0.9425371743006163
-0.9584314753642382
-1.0010354131291122
-1.067656235197533
-1.1506708036445192
-1.2372255176095008
-1.3103130780951298
-1.351725550900746
-1.346844412209196
-1.290398528712054
-1.1913601792935071
-1.0743581286114263
-0.9748343268836346
-0.9263210399187172
-0.9415542473157819
-0.9958022970574414
-1.0321875981918822
-1.026628351806075
-1.176372041612343
