Predicted value
-1.5012563267642918
-0.8310770940772763
-0.5636649960915374
-0.4083982233918979
-0.26719941316578755
-0.15967293881801936
-0.13038136325901561
-0.1907444370187097
-0.30452240712645207
-0.40457789286227097
-0.4222990150463062
-0.3136107646964881
-0.07212297348620211
0.2727803076613533
0.6693934104945569
1.0620640017724838
1.4075264155209979
1.684117521857484
1.8919748619645382
2.045674686287427
2.16328501649458
2.2567539578178213
2.327641822942571
2.369687702329486
2.3763625719718107
2.3486180443566838
2.296912014423828
2.2335353156357485
2.1568433423007676
2.0373893432769634
1.8240529696105483
1.4895597109743903
1.1180706970652512
0.9852593899897606
1.4678032020200034
2.4085482220431587
-1.1517708867223817
-0.8190178392790202
-0.7109485053791591
-0.6156840196136333
-0.4645353085839261
-0.2877439505903231
-0.13956440875055165
-0.04744784084434528
0.002402002370889278
0.052099981340411716
0.14766791533625678
0.31731257193058937
0.5607943522179379
0.8517651669861266
1.1497875289304993
1.4159783816805103
1.6260138906649733
1.7760953558337924
1.8805148000010803
1.9626178028714687
2.0432652129044975
2.131650367707895
2.222275129338012
2.2992878323613724
2.3460218898417153
2.3546469966629324
2.3297532390920033
2.281664143007742
2.210867030732171
2.0933330877332033
1.8845934024700313
1.5618101551574117
1.206635502462622
1.0800546068818928
1.5282765625524526
2.3505174295406164
-0.9841033695975412
-0.8383187441927475
-0.8024342620746729
-0.727593955514001
-0.5638610119022505
-0.3431321180403666
-0.12051035394655063
0.06951843821454418
0.22706152287657666
0.3770368973357474
0.5490733457149197
0.7595426222937363
1.003169922333143
1.2558153065671682
1.4853488158417427
1.6650738560044474
1.7840620832788545
1.8505930499329128
1.8877929958213002
1.923535034736652
1.9787673996354407
2.059019370620316
2.1526602398261687
2.2368260195062
2.2885600727385302
2.2958235285960527
2.2619940645564434
2.199495620696993
2.1138189114184556
1.9875776406520629
1.7823437828354702
1.4774556580611549
1.1488226277233151
1.039830972273899
1.4656941633461713
2.1868460721523206
-0.9290958683234578
-0.8728720356676263
-0.8570979305357973
-0.7835092795276752
-0.6133720418806305
-0.3742221717341092
-0.11599153986270205
0.1261953810101084
0.34523500922814776
0.5548187601589554
0.7730190042011396
1.0075806198356085
1.249500119957732
1.4762299021988357
1.6616267909152036
1.7875649246586036
1.8521385352451656
1.8711677767079493
1.8724850090464678
1.8852632128476952
1.928565987423605
2.0037262854150057
2.093884784931399
2.171317406616934
2.2098279274060335
2.1966453507642925
2.137297896132093
2.0490199388444985
1.9438996746671862
1.8113677002246078
1.6177339820570413
1.342011747651065
1.0513775721811065
0.9693813191873755
1.3806421351130354
2.0125186413332017
-0.9288213213538796
-0.9014632066198374
-0.8766280290668789
-0.796837089965388
-0.6294390891226831
-0.3939317582683257
-0.1313016400563436
0.12699319702694356
0.3712677708286991
0.6084384145706689
0.848738703822451
1.093816809032507
1.3320175378351982
1.5419615614541717
1.7017261118241827
1.7989727828803135
1.837453197646477
1.8370611274088837
1.8272278609357393
1.8360656973793414
1.8794078648555406
1.9541811781747835
2.0391868412672185
2.1036403479445145
2.1204996793094253
2.078843696703389
1.9886766745231625
1.873689184426775
1.7531972925531978
1.6228851346456077
1.4520932134488405
1.2170067474341826
0.9734907776809116
0.9237708007039451
1.3231740555270477
1.872414491299395
-0.9408133715124052
-0.9066106140983976
-0.8580219816311541
-0.770619160495988
-0.614590750849068
-0.3995263076258624
-0.15544803030512755
0.09250040356658262
0.33519772159127137
0.5760037979064174
0.8201151344625885
1.0650558914990809
1.2974090218687633
1.4967039230252936
1.6439410632409421
1.7304898520369711
1.7632453827741577
1.7636114245341972
1.760370493064829
1.7789409546437005
1.8311018138937127
1.9094285984039239
1.9892539858415628
2.038235128397183
2.03033435290948
1.9583341974943407
1.8382134426384464
1.7009414987513507
1.572983988909776
1.4552266933029485
1.3181507229626557
1.132782245205953
0.941612518160337
0.9248253304274776
1.310586811061448
1.779953754835475
-0.9382433200561309
-0.8781988747594696
-0.7999914244974917
-0.7061199158696745
-0.5677864424455636
-0.3841640573580274
-0.17363226953084565
0.046338619095982025
0.26916139067549605
0.4968677963065238
0.7316741804504243
0.9684950931613621
1.1928851291451403
1.3851568566929338
1.5283243408721225
1.6159685046186367
1.656320456698893
1.6704793233723252
1.6850414970211562
1.7216954876499475
1.7877655145603244
1.8717378682832484
1.9463198169792175
1.9788559843572404
1.9457110156302022
1.844633609360951
1.6984218096938548
1.5455207924270384
1.4189645106631272
1.3234961622288093
1.228832534169872
1.0988013817228888
0.9610296674268479
0.9736906248749762
1.3406428027899153
1.7306443961552702
-0.9078273154320442
-0.8139284658608403
-0.7054066519347906
-0.6068007477649395
-0.48953534158173895
-0.34284855671846914
-0.1737916398929582
0.0082190648909789
0.2001880961573872
0.40426264793343536
0.6211353112463618
0.8442492489378739
1.0587304196548613
1.2456519456670279
1.3894434093954482
1.4848743086335787
1.5402792185938075
1.5752469715244168
1.6132255286779
1.671616604056244
1.7532216974840855
1.8428526094603157
1.9113938080739175
1.926898486720495
1.8691540549059393
1.7416594267725207
1.5743657360286187
1.4129260618249981
1.2960232216691074
1.2307733678133748
1.1843314099729425
1.111655145974277
1.0246041334133338
1.060066050145128
1.4010400873771687
1.7115204506501698
-0.8467010951430893
-0.7180196557439871
-0.5813925107756006
-0.47944198893445744
-0.38374786790991244
-0.274777783435475
-0.14927213964918096
-0.008930619673735873
0.14720910902291018
0.3222421950117665
0.5163151625978388
0.7222303197329691
0.9251679610319126
1.1070124836874984
1.2532536576420636
1.3592014121878162
1.4325186706304052
1.4905624797515884
1.5531244503353756
1.6331358535791183
1.7290587985380323
1.822548319817261
1.8834148640331119
1.881241429157253
1.7999426834633288
1.6491669115977095
1.4659587277727755
1.302577049390795
1.2022263087701548
1.1728864852044965
1.1775459231788994
1.161029847909485
1.1190997510802543
1.1686984565954397
1.475867158593239
1.7073511058862323
-0.7590791896424349
-0.5991544187525548
-0.4382040425740499
-0.33366466589852095
-0.25767601336990964
-0.1835318695348338
-0.09914312768280986
0.0006688694532047679
0.12068387041059986
0.26531279516885026
0.43475789938901455
0.6217610282602151
0.8119364670079
0.988077140146832
1.1365596217882417
1.252874246723335
1.3435914703890537
1.4234897326563702
1.5085449996195583
1.6073151337439695
1.714286116883305
1.8085331485098628
1.859475324286783
1.8388672687853946
1.7351909390464662
1.5643360903903192
1.3700844356736215
1.2104698645055545
1.1319854743473683
1.142026802580704
1.1980593956499783
1.2339357090911136
1.2295229978219133
1.283681634440093
1.549701656908013
1.7043854343229015
-0.6531986649337398
-0.4682932047686421
-0.2876373558525529
-0.18070907842843198
-0.12088514428942077
-0.0761126124965461
-0.027223232400117148
0.03667942108023292
0.12369989032996848
0.23959073876866321
0.38492261463274835
0.5527558708153586
0.7294263715477195
0.8987561635823237
1.0479647464410837
1.172576175333979
1.2779129416360904
1.3761082951420893
1.4794207833091346
1.5923329836972915
1.7058368921319491
1.797026821015022
1.8355369691497867
1.7957737359554502
1.6710056467172134
1.4832141130571626
1.282344273209297
1.1312298589020642
1.0783926398282373
1.1293172748880669
1.234870386334106
1.3175060270542467
1.3418810165987018
1.3910539212159208
1.6099283041130121
1.69228321267218
-0.5388152022009862
-0.33674501471662666
-0.1414500321483878
-0.03202656601797216
0.01611717636934351
0.03848250806129094
0.059453820036156735
0.09430803956798006
0.1537567387291925
0.2446803522420465
0.36811447679678977
0.5176570272311942
0.6805710039127257
0.8418323529621882
0.9895450120935774
1.1192701800218379
1.2351168103865782
1.346706605578492
1.4628593993485095
1.584414693710219
1.699420567249147
1.7835810086603072
1.8072682798495139
1.7478752449839194
1.6034932333362257
1.401858394876518
1.1983536247454394
1.0595603744347808
1.0348014425266792
1.1264870867147523
1.2781017485098305
1.40066612456787
1.444724704102729
1.480125526403853
1.64776555111591
1.6647721595529745
-0.4253551238218911
-0.21468242439740592
-0.010058832936909567
0.10198266569540948
0.14320757091403102
0.15071858948874794
0.1522635826790144
0.16610263322047314
0.2047149324340335
0.2757398944147801
0.3806197471056618
0.5135846264382167
0.6629576280434584
0.8149825174382302
0.9587384641461897
1.0899250181093012
1.211599304938364
1.331138851304532
1.4543201175909788
1.5788506903080326
1.6904114172946243
1.763874402843482
1.7707852880024553
1.6917281085147153
1.529503205845666
1.3171238052813101
1.114586448635204
0.9911441889520007
0.9957691819836547
1.1268217899378312
1.319912018949939
1.4749474798269802
1.5298004205754285
1.543902854696686
1.658406497645288
1.6194689255692367
-0.32071673211512675
-0.11016356940194783
0.0983640881380623
0.21291392973166445
0.2517141299389305
0.25176426597944523
0.24242734420177436
0.24358058783874625
0.268592645766108
0.32540691889690637
0.4157100782731543
0.5343652028937675
0.6708250208656739
0.8126931152884491
0.9501353124866294
1.0791462594951096
1.2019693505420577
1.3240849664376912
1.4486864677980242
1.570895449973083
1.6745964745798378
1.7343386267805263
1.723187593533092
1.6250085058822747
1.447076178552297
1.2271018774517568
1.028817031331248
0.9230873763325048
0.9574894982385276
1.1255588423193599
1.3548167999972245
1.5346900820919842
1.5920855021525693
1.5789130524890176
1.6406003697160472
1.5572072733334323
-0.23064598302953598
-0.028638325563914435
0.17837441480021354
0.29492447852270587
0.3351323642643713
0.33439658087162627
0.3221203204846108
0.31853278631957527
0.33704009036313376
0.38540398396906383
0.46533158333028285
0.5722517738308274
0.696762094200406
0.8278886144969319
0.9569939979444811
1.0805471406341967
1.2002518988900717
1.3200753426112957
1.4411121987760271
1.5564444664429886
1.6487013710211507
1.6925565579721376
1.6628557246307714
1.546735382632916
1.3556157473304125
1.1312592432744464
0.9402344093571594
0.8540093836793974
0.9178473598884811
1.11988684926617
1.3796035176390156
1.5768391880521495
1.6294335598921226
1.5846708474115303
1.595928207545974
1.481133368073607
-0.15857490974791588
0.027134443225818927
0.22735869310827006
0.34493460298512346
0.3894792646113103
0.3935400219292138
0.3852062278854813
0.3839453286876717
0.4024243215897447
0.4477505999837456
0.5214001079265487
0.6192547471686927
0.7330266375497376
0.8531934978129282
0.9724078821941238
1.0877894398911945
1.2007818950360762
1.314226741151136
1.427597704772887
1.5324585198842096
1.6106769481389105
1.6374308459933005
1.5895237432468012
1.4572693066511588
1.2558331403680076
1.0303426457590585
0.8493154416627239
0.7838837874578274
0.87621874236088
1.1086877869265463
1.3929942001333702
1.600504399559206
1.642008067639754
1.5629734247070282
1.5279617290911531
1.395755636914238
-0.10579786543704373
0.05685638574320251
0.24533213298795964
0.36251928557263113
0.41332547810098763
0.4264666706562936
0.42761456803745235
0.43454678267437186
0.458525661323574
0.5055776104782819
0.5766953877240091
0.6680741782897996
0.7724737942191113
0.8818178116364473
0.990113897167663
1.0952882698882398
1.198786442058876
1.302691721812047
1.4053050603086128
1.4971502573051019
1.5597695088637054
1.5691542933595846
1.5041683907106285
1.3581389072336028
1.14952714306411
0.9261242309571045
0.757541521785381
0.7137257920168968
0.833121576873193
1.092138355956736
1.3951806092900494
1.606411708922189
1.6316388063424494
1.5171588760952979
1.4414383281513068
1.3060754200127889
-0.07186359525555908
0.062249972135484555
0.23452046496699452
0.3495675630391748
0.4075728577638271
0.43271666820770616
0.44741329759217763
0.46702836611517284
0.5008889068766051
0.5535838170585663
0.6253912875407092
0.7126686182426236
0.8091281648082819
0.908099383671439
1.0049760847865317
1.0986141094943587
1.1906894841407105
1.2828575360378958
1.3726498876480075
1.4499742437433918
1.4964194597545881
1.4890310644673825
1.4087685294619348
1.251753934973962
1.0392639887513901
0.8210576792041535
0.6670353730781469
0.645208570080937
0.7898052121065058
1.0712620054120183
1.3873263418886679
1.5963445724979293
1.6011965812142623
1.451420420276186
1.341538104485796
1.2168743949778644
-0.055074727030611115
0.046507363049864026
0.1988152026987251
0.3097923628644672
0.375054990628656
0.4138125405889257
0.4446471788434083
0.48000469868131956
0.526894714723237
0.5881982643853471
0.6632837513886477
0.7485205263168461
0.8384579638181759
0.9277597016882252
1.0131997256188996
1.094646661051765
1.1741927115561583
1.253347590306687
1.3292228989944264
1.391473438705513
1.4220418132880353
1.3992031172438588
1.3059905924666522
1.1410623157396504
0.9280165145969925
0.7179065485534837
0.5801813649058309
0.5802737430588192
0.7478451032575697
1.047499035878039
1.3711029633531062
1.5726393298452894
1.5540479963753935
1.3702324409163182
1.2333105867441532
1.1321949502411996
-0.05300600413088219
0.013711451915636275
0.14318242817637383
0.2481686045230047
0.32003699312361444
0.37284269725682284
0.42101643390184496
0.4737891419842586
0.5356245138280274
0.6075207106517604
0.6877879298454572
0.7726683964253661
0.8574198063576332
0.9379402310659684
1.0123408570689683
1.081543242607886
1.1481932657896912
1.2138839618274344
1.2755976091061259
1.3230367819964879
1.3387416498173206
1.302333632903557
1.1988507617314583
1.0292011186122578
0.8188119043411696
0.6193936737269147
0.49927771462563514
0.5207837292092781
0.7087894648140154
1.0223399368700699
1.3483028865793436
1.5377740734919358
1.4936242838511546
1.2779153716328242
1.1212689747611435
1.0550195098763773
-0.06297500340241236
-0.03170558758160347
0.07309056164283945
0.170365851400069
0.24768206395419234
0.31398291353973784
0.37946573256540184
0.45005470797235314
0.5275904838045212
0.6111118972111081
0.6977756561624677
0.7835757965434941
0.8643428430192078
0.9370859450223915
1.001175613892228
1.058583490479618
1.1125971359091418
1.1650668398516817
1.2130770310437395
1.2466176818870611
1.24901142398916
1.2012915853046713
1.0903954702234748
0.9191806862439704
0.7144250975837542
0.52790665223283
0.42625358895571763
0.46824685913242725
0.673886414493273
0.9970476592234525
1.3205511852841045
1.4940687025700221
1.4231162333118679
1.1783442504234323
1.0091476431706141
0.9871332906139543
-0.08242159053399956
-0.08542053388225845
-0.005994510937841646
0.0822269042850472
0.1635392781040368
0.24201320824318362
0.3237434940835273
0.41144257660931904
0.5043940853962727
0.5996978711417467
0.6933175821747003
0.7809009850395052
0.8587145885764381
0.9247364820094761
0.9794873387504499
1.0259454091786793
1.0680800292611365
1.1081191826971226
1.1434240157796534
1.1644543963659806
1.1554474797815062
1.0988712984984361
0.983430718207117
0.8136292416280101
0.6171421781638872
0.4452808691807219
0.36246976864951624
0.42363110839883034
0.6439044847458383
0.9724784014041981
1.2891221046177437
1.4434973668508286
1.3452908893606939
1.074789827323805
0.899803494964182
0.9291410033669081
-0.10917311571045119
-0.14356732290680085
-0.08901588639302283
-0.010672192452649831
0.0730923800475658
0.16187382423842234
0.2579786467219045
0.3611681554452897
0.4683651243095086
0.5748415956221959
0.6753836494759725
0.7652204200798606
0.840920642958427
0.9012753176023798
0.9478194295574957
0.984457803353111
1.0158374143678681
1.0446346575570051
1.0686094873085292
1.0788226622814043
1.060512243079664
0.9975696635225801
0.8803192229939618
0.7146135190204346
0.5286060081332165
0.37266921724136226
0.30860904560602054
0.387269673059451
0.6190467191532434
0.948997915706199
1.2548536960860295
1.387602593913435
1.2624144130796404
0.9698707455128872
0.7952326046173432
0.8806004346729139
-0.14159012232268076
-0.20296521442844107
-0.17161856188274616
-0.10336050314814837
-0.018605290474286384
0.07828992862923645
0.1863083607229472
0.30266138875916115
0.4222204575371862
0.5386225212639073
0.6455432828590678
0.7377474309246256
0.8119786682463457
0.8676756906738364
0.9072304069524159
0.9353627861753032
0.9573542180002712
0.9763558219454951
0.9906018103484548
0.9918399955598862
0.9663577054216066
0.8994329051607695
0.7828537209198195
0.6235403600278153
0.4497458837808931
0.3104973299907203
0.26465238449053197
0.3588517438520614
0.5989490535727616
0.9264812828714701
1.2181455394716183
1.3274926827397606
1.17625874426062
0.8655897354559787
0.6966694601998249
0.8402334790203874
-0.17860142882442798
-0.261230718824474
-0.25032730842760653
-0.19170210015515288
-0.1071978737960495
-0.004518481464991009
0.11257727202018142
0.23926516147007182
0.3687687336808265
0.49335223180708654
0.6056943066992355
0.700075123807539
0.7732949965473698
0.8252702585033539
0.8590761593006555
0.880110785981901
0.8942136517598931
0.9049987763646982
0.9112100863422188
0.9053309424267917
0.8747159781927264
0.8059752763899287
0.6922055640863047
0.5411353961540091
0.38078455304509196
0.2584951265771798
0.22992932207892364
0.33748479491578803
0.5827472336110903
0.9043783383362838
1.179019544668743
1.2638999101616326
1.0881667624104674
0.7634251195014672
0.6047360015197754
0.8061768842907213
-0.21964756768127502
-0.3167874762615748
-0.3226186448175339
-0.2725216021455896
-0.18919531917739096
-0.08303627565894711
0.040117291077997
0.17400414259155716
0.3106760350395782
0.44134278573479246
0.5578381798125742
0.6539613298581927
0.7264611688717296
0.7755606184675287
0.8048337666487513
0.8202002370916165
0.8279547624684742
0.8321310221634017
0.8319850900292565
0.8207539138274356
0.7868545056720767
0.7181643439716108
0.6089405364140934
0.4674882384308093
0.32130977443610237
0.2157898770579945
0.20322609588911833
0.32181037399045637
0.5691929019905624
0.8818240990468651
1.1372218667588152
1.1972761237998832
0.9991507954416825
0.664450363947882
0.5196105771451167
0.7762396183230615
-0.2645577771358951
-0.36879516624214936
-0.3869035656775397
-0.3436375133805547
-0.2620507779159271
-0.15456626525369366
-0.02839220176593238
0.10942688058417582
0.25029760390667666
0.3847346224169472
0.5039094063935592
0.601163758352765
0.673098228574483
0.720073593188344
0.7459723620588625
0.757065550937146
0.7599801128838647
0.7591015150691885
0.7541742957704927
0.7391834830582327
0.7035873097144275
0.6364618714535815
0.5330887340552204
0.402149111061594
0.27039372833298925
0.18104276394442975
0.18293242083086247
0.3101535015438069
0.5567983448008373
0.8577731839302601
1.0923444693029063
1.1279037413066817
0.9100018242783698
0.5694581018956035
0.441191979285934
0.7481403465015868
-0.3133883449963253
-0.41702208326192647
-0.4424421069184703
-0.40382073387624606
-0.3241607571112701
-0.2172658895307953
-0.09099089379915637
0.04751668818275767
0.18957331458226034
0.3253832392630052
0.44565927784805437
0.5433258700551926
0.6147490869503802
0.6602638934710997
0.6838695025377455
0.6920103383636445
0.691508791068528
0.6870161616057998
0.6787222042774926
0.661337325162012
0.6253295000823236
0.5609057496135048
0.46425239679062347
0.3442595175029976
0.22674186347438996
0.1526098187325547
0.16720738025105525
0.3006859960234264
0.5439902822260413
0.8311388389977553
1.04394725707325
1.0560033930894246
0.821390861882346
0.4790701977080851
0.36924001086159164
0.7197061142332881
-0.36624958395168417
-0.4616866187890185
-0.4892124581409516
-0.4526981471980056
-0.3748050599926178
-0.27012174721015536
-0.14644247843151437
-0.010338120279525187
0.12997927218600247
0.2647983757458367
0.384588549577216
0.48190845768923796
0.5528138692017829
0.5974575689998477
0.6197665998313044
0.6261782822452919
0.6235657833658541
0.6167482989927373
0.6063039695922128
0.5876342918298605
0.5521801476535749
0.4912168504156479
0.40173457462709444
0.2926991005368812
0.18885291095414405
0.12870883748089543
0.15414619885338088
0.2915859221571671
0.5292555556854802
0.800920246820964
0.9916653970310079
0.9818238121494851
0.73394907744462
0.39382131915493956
0.3034808384965282
0.6890211607364343
-0.4231456787488401
-0.5032910486332511
-0.5277565774392574
-0.4906214062113543
-0.4140445951863616
-0.31287797836729214
-0.19419202077929376
-0.0633268932672314
0.07252476667049346
0.20412607094878432
0.3219201835470668
0.41815844823836557
0.488519773770823
0.5328274654279288
0.5547540306628134
0.560551455831243
0.5569965248784315
0.5489719059249509
0.5373789957223642
0.5182692729446126
0.4840182788895586
0.42691485315499134
0.3446721983687456
0.24623204905757856
0.15517348612137738
0.10757605217265642
0.14193230919598696
0.28117846337839447
0.5112651195362142
0.7663058068072347
0.9352909109690347
0.9057045166278244
0.6483186903381817
0.3142095020637858
0.24367204388287256
0.6545221899968876
-0.48384675468736305
-0.5424673240604294
-0.5590216430234523
-0.5185193773750956
-0.4425943152510583
-0.34593439149811545
-0.23429025064547326
-0.11116539654452084
0.017782537586649605
0.1441624657467475
0.2586016785031622
0.3531048206438154
0.4229154370268366
0.4673905280786041
0.48977540216151055
0.49596503416620485
0.49249493918294385
0.48420517450038203
0.4722514685628654
0.45329122344007916
0.4205979170266896
0.36742869740905204
0.29215915923546437
0.20363885583136662
0.12423354528795585
0.08759955232097066
0.12896268702316305
0.26804740387785553
0.48896692851566054
0.7267445372176278
0.8748223599372887
0.8281068409010612
0.5651719573355789
0.24071281197023398
0.18962827890773104
0.6150428676511628
-0.5478064591423426
-0.5798496217871749
-0.5842127451610004
-0.537749675362718
-0.4616863027124054
-0.37022865688665707
-0.26729825966891874
-0.15402325572734887
-0.0340594241438959
0.08538827984087186
0.19532645866945758
0.28757146485654583
0.3568797956476743
0.4020169355189818
0.4256407982629767
0.43312795635671186
0.43063419213271487
0.4228533205444893
0.4111263898137542
0.39267269900803103
0.36163042380405197
0.31218999980217493
0.24334802137874192
0.16382256102759082
0.09475257622860939
0.06742031066961614
0.11393850095133332
0.25111065025371826
0.46164269607510494
0.6819822429899535
0.81048101940338
0.7496135218920986
0.4852002983431275
0.17377601470757875
0.14121335707398905
0.5698154160868256
-0.6141317856961468
-0.6159828304734294
-0.604667541380024
-0.5499608401836986
-0.4729348414865977
-0.3871143015358507
-0.2941839822926916
-0.1924409720404432
-0.08313488141655251
0.028014137155055685
0.1325649388213232
0.22219794172301016
0.2911366331363842
0.3374423655884108
0.3630403319031774
0.37264081913697183
0.3718913639988468
0.3652417678708178
0.3541522281988253
0.33636208408012114
0.30684551785838354
0.2607011583134836
0.197522616065228
0.12588244615314684
0.06571039718551035
0.04599578523269339
0.09591731736454952
0.22965744871276622
0.42892771061793233
0.6320632502426179
0.742696011261585
0.6709009991790974
0.40907942888594007
0.11377486318852148
0.09830820086501846
0.5184407001319409
-0.681605411534802
-0.6512705058678212
-0.6217586977761314
-0.5569724770296589
-0.47821166418282823
-0.3982430905648542
-0.3162190977723528
-0.2272449733043832
-0.1298333169800891
-0.02797104768579524
0.07059784859696175
0.157461063709943
0.22626801485063358
0.27427682485208016
0.3025516102082635
0.3150047520984097
0.3166599248891445
0.3116337463422282
0.3014444338219128
0.284313044826683
0.2560258970842787
0.21257359512703886
0.15413763597191515
0.0891521145350386
0.03638046626618698
0.022625102429371734
0.07432708638779575
0.2033488377856434
0.3907966275180992
0.5773020374795845
0.6720641436437972
0.5926915940122756
0.33741907313651065
0.060968003897114986
0.06076616083523434
0.46084002168599447
-0.7487549900500539
-0.6859606115107604
-0.6368252926847777
-0.5606765462298664
-0.4795358843004993
-0.40545708255220636
-0.3348820071143941
-0.2594664224398578
-0.17473644891983184
-0.08275395214860772
0.009546808996749612
0.09369263536495924
0.16272229228383442
0.21300604704451304
0.24463742484801607
0.26061788327412144
0.2652469235782331
0.2622295395406384
0.2530874225000813
0.2364892509580746
0.2090140294324689
0.16753532015247333
0.1128251334944725
0.053202688209666296
0.006327353771979308
-0.003061521537088583
0.04894563145735313
0.17218615940062365
0.3475211672831475
0.5182317825222569
0.5992925277657966
0.5156946410061887
0.27070730245118846
0.015447526325474914
0.02836779344739382
0.3972019875607957
-0.81395906904062
-0.7201629867038717
-0.651130361253776
-0.5629593401344566
-0.47897977989716956
-0.41069256672571863
-0.35176967292780714
-0.29026680253286324
-0.21856029269587895
-0.13665579937713396
-0.050600334052962624
0.031091228512053558
0.10081495288107949
0.15398414955873396
0.1896327721457638
0.20975891803077482
0.21785484042213077
0.2171477804666276
0.20911590875037342
0.19284576987129023
0.16569309491504092
0.12541043728706155
0.07337124490716079
0.017815197533075217
-0.024626749207922474
-0.03114342633720541
0.01985215987500626
0.13645494362280824
0.2996077822076306
0.45553856128549547
0.5251332947205353
0.4405463963057954
0.20925976139584368
-0.022901153141361652
0.0007863050333458688
0.32793640776752575
-0.8755759041144504
-0.753889255676103
-0.665838713286782
-0.5656408148626613
-0.4785888891414183
-0.4158955241685437
-0.3685186571667791
-0.32087092622957647
-0.2621034449387891
-0.19009687956788823
-0.10996959699414953
-0.03027177616050724
0.04072301011385797
0.09741873414879991
0.13772289397780424
0.16256003380695114
0.17455082432024252
0.17639204174329837
0.16947937443555694
0.15329147938753143
0.12594700566561204
0.08607612135204151
0.03566928435186703
-0.017071072309064215
-0.05645911356292942
-0.06147227260042978
-0.012640740210109365
0.09665306712766276
0.24772451886002597
0.3899906272139191
0.4503199090567674
0.36775816306439263
0.1531830761169849
-0.05442094646901019
-0.022427291252742343
0.25364444739873626
-0.9320795993516153
-0.7871040078153517
-0.682007262833686
-0.5704260632048994
-0.48031301893361544
-0.4229464191732748
-0.38673387260505476
-0.35250620376385905
-0.3062004421970025
-0.2435652901470666
-0.16878465965551173
-0.09044971199135533
-0.017524371175256463
0.04335168755342109
0.08891617092368506
0.11897350073492434
0.13522829851249357
0.13980827299482848
0.1339957853668046
0.11763916119516446
0.08960670283610203
0.049404781565740075
-0.0003425894537629117
-0.051425632984755366
-0.08901812372166923
-0.09374761355165905
-0.04806512571436733
0.05341271635520603
0.1926264883991722
0.32237189105984076
0.37551373182271996
0.2976806631758696
0.10235973846078816
-0.0796797613218807
-0.04183344820554247
0.1751105022669428
-0.9821878020532435
-0.8197756203689854
-0.7005794608343758
-0.5788629271928976
-0.4859438737813545
-0.43359114984733305
-0.40792251815600133
-0.38634589713021317
-0.35167788288076574
-0.29758732261094756
-0.22735139013870284
-0.14961820099864814
-0.07405491472478061
-0.008359599417058742
0.04301721468865247
0.07873799681343482
0.09956750755615928
0.10704023557584957
0.10230225163949293
0.08555147759934709
0.05639139284337256
0.015200476192435964
-0.03474973917529926
-0.08519960859502879
-0.1220997359608413
-0.1275955195662256
-0.0858761635283134
0.007425384568743823
0.13508861562510757
0.2534275005307354
0.30126775349581036
0.23049041553672212
0.05645894086169534
-0.09943902146737216
-0.058065831214843655
0.09331686849165166
-1.024966553767492
-0.8519160311852843
-0.7223760104467218
-0.5923000623418453
-0.4970551081568019
-0.4493749099648072
-0.4334304514677907
-0.42345375667270824
-0.399310573308518
-0.3526964141768812
-0.2860395222396991
-0.2080686233091471
-0.1291571402174861
-0.058055132495412456
-0.00039371606056459296
0.04135138381428678
0.06700237931021616
0.0774908704541211
0.07381107379738466
0.05649171406125514
0.025853968231522306
-0.016860905333445687
-0.06772576907666665
-0.11839460386601292
-0.15551915156131965
-0.16264096000580675
-0.1255222363443248
-0.040622019529489316
0.075852785957995
0.1838274382715629
0.2280119845849149
0.16620098365615332
0.014974472606172906
-0.11459470127664151
-0.07176783151478006
0.009477644875389046
-1.0599006905527837
-0.8836009621771272
-0.7480757566232399
-0.6118410924944317
-0.5149416260653193
-0.4715764916923473
-0.46437883788655193
-0.4647278705030068
-0.44977527340262624
-0.4093978029688091
-0.34525806111413004
-0.26619341500289795
-0.18327438940665675
-0.10627389438593053
-0.041968861097898144
0.00605669948337612
0.03670104683718311
0.050297469424757234
0.04767949394132703
0.029687966666151994
-0.0026604506174578136
-0.04727861865638825
-0.09958452548808806
-0.1511187106508548
-0.18916913323032733
-0.1985659206941303
-0.16649944786000276
-0.09009373921528054
0.01559431348330615
0.11415151327889798
0.15606209182064107
0.10469869904400175
-0.022712813641685425
-0.12609545783246023
-0.0835103416679015
-0.0749161178601625
-1.08692212460089
-0.9149653101726773
-0.7781832736597163
-0.6382926595702112
-0.5405567476185856
-0.5011420660573653
-0.5016001991968365
-0.5108426720907652
-0.5036006063568367
-0.4681269228903409
-0.4054218270739841
-0.3244599218643923
-0.23698499500372222
-0.1537394330782063
-0.08258332815096842
-0.028152681126841196
0.007566533680282855
0.024327624912637236
0.02280050689124629
0.004118403879908829
-0.030035070030381215
-0.07675340061912911
-0.130811720898682
-0.1836223171597827
-0.2230581524714929
-0.23514719318049243
-0.2083854579521384
-0.1404305998188821
-0.045089980741439564
0.04489624996483606
0.08564976556969783
0.04579914797797491
-0.05725396546809902
-0.13484610456828605
-0.09370104556651171
-0.1580517870337843
-1.1063930736573413
-0.9461723444676995
-0.8129829448860757
-0.6721069259432391
-0.5744482124516913
-0.5386195194304532
-0.5455747965443128
-0.5621896959542194
-0.5611132266191987
-0.5292010314158502
-0.4669079646795957
-0.38337094025897445
-0.2909660272851989
-0.2013262208707552
-0.12330382137340248
-0.06250428277535867
-0.02173747265908704
-0.0017987121422373478
-0.0021796348726427963
-0.02147657338889063
-0.05737518854810169
-0.10618736479302168
-0.16207063142101516
-0.21630860624245354
-0.25732389900197206
-0.2722702409404173
-0.25085017431586204
-0.19115320843590383
-0.10567262834125765
-0.02349876177368035
0.016970281151870048
-0.010682365099014213
-0.08924140881045783
-0.14160770890315888
-0.10249839832851748
-0.2377655233687932
-1.1190464139455454
-0.9773595991294421
-0.8524828933019799
-0.7133221179194869
-0.6166966134913897
-0.5840967468905431
-0.5963703911445375
-0.6188196388079299
-0.6223822239025986
-0.5927654085885119
-0.5300030866294099
-0.4434119430347394
-0.34593996440750835
-0.25000551656687753
-0.16533390152702027
-0.0983918453907629
-0.05273302398298632
-0.029658005269089918
-0.02881393540172677
-0.04855187247010839
-0.08597178473990177
-0.13665422229970764
-0.19417894833782876
-0.2497163181120095
-0.2922204220720444
-0.30991832521692936
-0.29364362929543986
-0.24184463891069657
-0.16566865113151927
-0.09061023699067994
-0.04975994377612092
-0.06485569366531418
-0.11912036536125115
-0.14690767757405077
-0.10974520833275037
-0.31154343859371636
-1.1258903519180548
-1.008568498958639
-0.8963555940017423
-0.7615076539309802
-0.6668624295345128
-0.6371496122411222
-0.6535905632999286
-0.6803903247889744
-0.687165747295061
-0.6587374841476014
-0.5948437883067891
-0.5049871278375233
-0.4026058619262877
-0.3007717925740322
-0.2099363834534042
-0.13729493275837576
-0.08704638902272102
-0.060942397006173155
-0.05877670128617654
-0.0786844139580458
-0.11723445279021243
-0.16933954040525084
-0.22805682457760718
-0.2844753055534183
-0.32808009529047377
-0.348138937735313
-0.3365641481009326
-0.29211697397430786
-0.2245968119722416
-0.15598375733817793
-0.11424502305294237
-0.116687088199813
-0.14711494665157154
-0.15097402610098243
-0.11493698760723348
-0.37656887240525094
-1.128089056619189
-1.039668367472382
-0.9438849714985469
-0.81572290623394
-0.7239500063958392
-0.6968072609148848
-0.7163386392627029
-0.7461270130285734
-0.7548657048174157
-0.7267541985793602
-0.6613553281411416
-0.568348616381914
-0.4615589316461632
-0.35455326997226855
-0.25833610057314127
-0.18067580673762484
-0.12630137822624352
-0.09735209981338508
-0.09375768260583976
-0.11347156576872008
-0.1525963346987841
-0.20545386623540152
-0.2646492301237658
-0.32123840542651316
-0.36525447653920773
-0.3869923102211747
-0.37941243489518856
-0.3415683448765079
-0.28193677653655475
-0.21908858968185896
-0.176060894531737
-0.16594847079030295
-0.1731817139092806
-0.15370738568733167
-0.11723878817905131
-0.42982874632394186
-1.1268342934871856
-1.0702880966222847
-0.9939318546290175
-0.8745003273765655
-0.7863982781067462
-0.7615437936740879
-0.7832055747372468
-0.8148028396590633
-0.8244978607452924
-0.7961295262811681
-0.7291950746908296
-0.6335251377002444
-0.5232046475989874
-0.41211251052994535
-0.3116088572784124
-0.2298592956463565
-0.1719931845044933
-0.14046655305337719
-0.13533395082861666
-0.1544069853095863
-0.19339680622786343
-0.24612460069130807
-0.30482869039405597
-0.3605959628078578
-0.40404074700591996
-0.42648912735269184
-0.42193924505715624
-0.3897387726181361
-0.33709120135744164
-0.2792845257706722
-0.23462671755179043
-0.21219582931717307
-0.19700212030637143
-0.15470203732813204
-0.11556096846710062
-0.46828753592283334
-1.1232250174409635
-1.0997700098507412
-1.0449304567155497
-0.9358641865134116
-0.8521083983656643
-0.8293056718814112
-0.8522905858197414
-0.8847477806818785
-0.8946854533849258
-0.8658301318085035
-0.7977086275832007
-0.7002581056357082
-0.5876753410130836
-0.4739451111309503
-0.3705647158044393
-0.285903909694219
-0.22535109439849327
-0.19160279029299143
-0.18482803199255302
-0.20274244593742607
-0.24075053721951684
-0.29227528021294846
-0.3492871032682716
-0.4029817522575443
-0.44460254284338113
-0.466526352685079
-0.463795677299159
-0.4360739882743723
-0.38936206639482185
-0.3358101561153135
-0.2892057679530109
-0.25478588327659546
-0.218022378611626
-0.15332333536646203
-0.10869922960559464
-0.4891309874027385
-1.1181719554678038
-1.1271599868998592
-1.0949277567524796
-0.9973952132835395
-0.9185174922867878
-0.8975833669972386
-0.9212626517516993
-0.9538941143944151
-0.9636843536436792
-0.9344773617918389
-0.8659070975843028
-0.7679539239420806
-0.654758500292941
-0.5401861066903382
-0.43563559741151375
-0.3494745205333669
-0.28720067089429424
-0.2516718365562862
-0.24316325885436713
-0.2593466766465544
-0.29541394128799087
-0.3445031914762069
-0.3984273999910201
-0.4485808392481526
-0.48689544534056295
-0.506831105992512
-0.5044956451633337
-0.4799063504821844
-0.4379498404116885
-0.3878005018190377
-0.33894288106150516
-0.29293687988090245
-0.23554494785421465
-0.1488433653018557
-0.09553745551921722
-0.49007347923625844
-1.1123421799971207
-1.151245502519087
-1.1416750556914286
-1.0563488274443524
-0.9827252373914588
-0.9635334920512751
-0.9874690471296929
-1.0198647622582935
-1.0294465897635647
-1.0003830043517596
-0.9324736874718753
-0.8356614244210896
-0.7238464556797373
-0.6105345078962546
-0.5067783102869552
-0.4207283147019294
-0.35783760315786256
-0.3210456862982441
-0.3107291052339636
-0.32457403964065284
-0.3576617467041747
-0.40296780474773597
-0.4522671406264053
-0.4972509346400968
-0.5306080081236797
-0.5469226631584467
-0.5433996562435003
-0.5204608978302572
-0.4819822509691069
-0.4343392863441124
-0.38294193416459943
-0.3258348077031892
-0.2488701491789751
-0.14062978033244633
-0.07530366216221296
-0.46971325435362843
-1.1061544285870617
-1.1706487545378832
-1.1827764679932085
-1.1098302402778981
-1.041675839592889
-1.024153857053487
-1.0480936852035185
-1.080107979757405
-1.0897266528417318
-1.061624342943152
-0.9958063091279366
-0.9020824142966928
-0.7939166419529387
-0.684206311916882
-0.5834043726173328
-0.4992262695972158
-0.4369261725526969
-0.3994483096678763
-0.387270228953664
-0.3981568207987133
-0.4271872766554822
-0.4673031915341801
-0.510366555035679
-0.5484688723499038
-0.5751288507954093
-0.5861017911894189
-0.5797275767352954
-0.5568924484860741
-0.52057654839256
-0.4745474070555598
-0.420382214856994
-0.3527806624425871
-0.2574796743301251
-0.12837483105933956
-0.04786015501597163
-0.4279091680463907
-1.0998295246339969
-1.18397557686385
-1.215892732189419
-1.155023588613252
-1.0923922120632155
-1.0765085870463038
-1.100363266548017
-1.1320776353793462
-1.142231335525988
-1.1161609393755092
-1.0541004328977537
-0.9656212912493036
-0.8635500931410554
-0.7599252098677327
-0.6643472482553854
-0.5838819443786383
-0.5234350489967572
-0.4858840424039773
-0.4718129199921195
-0.47913485837438063
-0.5030398744071838
-0.5365672534935281
-0.5717929334069445
-0.601312884213947
-0.6195489639213986
-0.6234747410136258
-0.6126055888158641
-0.5883565366877654
-0.5529353076324766
-0.5077045302373098
-0.4506670286052845
-0.37336798469521026
-0.2612463499416666
-0.1123431532396637
-0.013999430814422453
-0.36614185426342516
-1.0934919736524509
-1.190012605896962
-1.2389907191668041
-1.1894646138409888
-1.1322519761799554
-1.1179937874875046
-1.141793157514075
-1.1734528568371803
-1.18480901472362
-1.1619913456152497
-1.105472710142599
-1.0244765699238132
-0.9309931985482199
-0.8359580204526079
-0.7478757813457805
-0.672957837903656
-0.6156218055853491
-0.5786155235431394
-0.5626415137807355
-0.5658350724421788
-0.5836116402754445
-0.6092391373982702
-0.6351315595489059
-0.6544893049018427
-0.6627059310524004
-0.6580163200870329
-0.641149127672467
-0.6141129813005997
-0.5784711950724972
-0.5333954502407419
-0.47359191076965645
-0.38767316207129054
-0.26064702362471337
-0.09360858508784276
0.024291753654694048
-0.2878122588781977
-1.0873091768046605
-1.1879556840183898
-1.2506198335018461
-1.2113376361363226
-1.1592866521535587
-1.1466265625616192
-1.1704578537414754
-1.2023843802766412
-1.2156684683023977
-1.1973427259059275
-1.1481212608342677
-1.0767730380432214
-0.994264091887339
-0.9101986270032223
-0.8317597008734758
-0.7641169147287985
-0.7110750779453006
-0.6752009978243593
-0.6573350216862157
-0.6559111163568491
-0.6666832030897261
-0.6832735983022142
-0.6985505388308846
-0.7064092153700876
-0.7032733183688263
-0.6886726404991272
-0.6645793546192964
-0.6336562223998757
-0.5969510226710859
-0.5516672951020555
-0.48951379645754456
-0.39643453093043757
-0.2569485518925294
-0.07424299475502139
0.06364538746170467
-0.1984224878560923
-1.081644532138248
-1.1776424982502416
-1.2501868398353277
-1.219768337227034
-1.1724766716485406
-1.161332007469674
-1.185263276355652
-1.2177479134411957
-1.233610862468216
-1.2208804627145495
-1.1805131167510419
-1.120728317231749
-1.051300504353144
-0.9802999944745465
-0.9133891403464611
-0.8545331822841844
-0.8068197176471767
-0.7725972979616544
-0.7528707422809493
-0.7464498387742617
-0.7495346201751375
-0.7562173038954525
-0.7599229264880967
-0.7553163827646466
-0.7398941099866437
-0.7144995367931444
-0.6823658965500157
-0.6468615268109051
-0.6086441958563158
-0.5631783042559366
-0.4994970567563789
-0.40119084515456294
-0.25233145657457356
-0.05741482939372844
0.09925255139423683
-0.1055792537223681
-1.0771911228855728
-1.1597530242884417
-1.2381914807354502
-1.215075050492597
-1.1720064425749122
-1.1621948434006484
-1.1861906622934502
-1.2193778020729706
-1.2382519723430003
-1.2319186638621829
-1.2015835331660325
-1.1548421573745786
-1.1001407452645329
-1.0438488994842268
-0.989945341829354
-0.941060538599541
-0.8994856852432123
-0.8673302305357623
-0.8457969965810046
-0.8341465618277859
-0.8291227300798762
-0.8253872025606547
-0.8170045887403162
-0.7994627892247643
-0.7713519336383943
-0.73482748538579
-0.6943834447854231
-0.6541311215440259
-0.6144558012740335
-0.5693143286369229
-0.5054081399842828
-0.40434605266867374
-0.24991288804891898
-0.04735303986127448
0.12498236551833486
-0.018760474950440198
-1.075045219392491
-1.135933868489447
-1.2163778720389176
-1.1989340477452068
-1.1594367069066007
-1.1506356222443916
-1.1744753253818765
-1.2082480545612504
-1.2302056957583432
-1.2306066888867369
-1.2109262501332807
-1.1780912888306538
-1.1391240542633891
-1.0985726294540012
-1.0586143392117595
-1.0204537028335925
-0.9855359594774883
-0.9557285374842324
-0.9324714850439654
-0.9155454428101555
-0.9023204650810568
-0.888105209976129
-0.867660355370551
-0.8373222235154338
-0.7967681377642195
-0.749438407350932
-0.7010647085460886
-0.6565197080493979
-0.616020627277645
-0.5722460860560772
-0.5099284804896697
-0.4091265139328826
-0.25363124816940985
-0.049134545354210246
0.13372619632134075
0.05120739841532895
-1.0766753391164752
-1.1087988315049948
-1.1877526919972121
-1.1744102024629446
-1.1377472220283478
-1.1294671377094665
-1.1526791998726602
-1.1865633337779284
-1.2111953772503008
-1.218062150562277
-1.208948977532249
-1.1901076783548366
-1.16709139393566
-1.1425615139355747
-1.1168297898199446
-1.0896291757700605
-1.061542638808512
-1.0342112859179722
-1.0093552568340063
-0.9873345382963986
-0.9662069056026963
-0.9419767516542705
-0.9101244170446879
-0.86782604284344
-0.8158068032536026
-0.7587343217101039
-0.7035275666580807
-0.6558151477761699
-0.615731990145985
-0.5748993086285907
-0.5164562749744595
-0.41939990642824965
-0.267960476175916
-0.06826199132305355
0.11800182557623629
0.09299797899245732
-1.0837454372700286
-1.0817601114842867
-1.1564226130489645
-1.1458052306855704
-1.1112030391605265
-1.1027863621911869
-1.124615207104446
-1.1577210987337752
-1.1840574709291585
-1.1964182882146308
-1.1969652393998071
-1.19131431154557
-1.1835634451344346
-1.174486270363385
-1.1625256885069297
-1.145948221579058
-1.1244939831817764
-1.0996117043991773
-1.0733451262006712
-1.0466778194898636
-1.0183894036362409
-0.9851933131737358
-0.9432737850107874
-0.8905985348757681
-0.828863791480567
-0.7638727983304798
-0.7036505059889946
-0.6545479493494468
-0.6166790394019501
-0.5808120800787158
-0.5288726834104108
-0.4393332836379114
-0.2974340006300906
-0.11001487399222931
0.07083106047380028
0.09596935686462871
-1.0977627169904576
-1.058655100533632
-1.1272126419158557
-1.1182836532097338
-1.0850043512146814
-1.075662704565607
-1.0950857526431639
-1.1261091464421333
-1.152603949485516
-1.1687543112187664
-1.1771932557872482
-1.1829910344072097
-1.1888698812338045
-1.1937854153320204
-1.194374988973414
-1.1874982599080148
-1.1721087551231768
-1.1495134375735694
-1.1221198215969257
-1.0915585169134174
-1.0573311207424856
-1.0168312989427473
-0.9668861844919361
-0.9061625764312731
-0.8372102533756702
-0.7668399202624971
-0.7040680528920731
-0.6559031215914801
-0.6224689655355045
-0.5938597684271509
-0.5511580615700746
-0.4728823774289974
-0.3459782238753304
-0.178582929008126
-0.013128283752017467
0.051654153677901604
-1.1195448178301532
-1.04315573391108
-1.1050468309459331
-1.0972542548241027
-1.0646953843237137
-1.0535967856923092
-1.0694089909387943
-1.0967120922704878
-1.121317147800988
-1.1388826287850797
-1.1526359489312208
-1.1672445543407948
-1.1842038096273582
-1.200796153688921
-1.2119867942971476
-1.213344322244816
-1.2031282904952063
-1.1825682768954
-1.15446749343536
-1.121100040925895
-1.0826490321550561
-1.037111391138395
-0.981846215676756
-0.916079747995616
-0.8430559584054649
-0.7704283869077764
-0.708057375012487
-0.6635105867872753
-0.6369169810769075
-0.6178389330487843
-0.5868600910092654
-0.5231265885330024
-0.4160847230281681
-0.2760278796624558
-0.13626114923059518
-0.04453089965336687
-1.1485415442537361
-1.0379843289869104
-1.094106431125721
-1.0875151026807526
-1.0553348187978244
-1.0417477123227892
-1.0527271025955267
-1.074517818889156
-1.094865176051872
-1.1109783683880425
-1.1268247893603203
-1.1468625956003367
-1.1715785761690705
-1.1968030508393843
-1.2160334595621878
-1.223718928961453
-1.2175517212220326
-1.198758011244756
-1.1705547301462946
-1.1358225708930558
-1.095339045766373
-1.0475744224961303
-0.9902561843883579
-0.9229829483373169
-0.8494936264511503
-0.7780868275295001
-0.7192890125408913
-0.6810962596974295
-0.663597829819186
-0.6559183440664094
-0.6384392691033645
-0.5914955685354172
-0.5078907589504189
-0.4011701467483402
-0.2966116902622602
-0.19151639295041178
-1.1821071488829373
-1.044015795859547
-1.096831655968188
-1.0922165009973117
-1.0604718230741934
-1.0439637847957535
-1.0491232263745696
-1.063742863584558
-1.0774496380219687
-1.089055987261588
-1.103425565707466
-1.1250437311960289
-1.1536720376273362
-1.1839833429491031
-1.2082804328709746
-1.2201174945881346
-1.2167761669530655
-1.1995574998968541
-1.17209022252395
-1.1377854450835367
-1.0978765420969454
-1.0511216753105543
-0.9954008241223051
-0.9304540319113768
-0.8602823809499238
-0.7936066472865195
-0.7414191922706346
-0.7119856236839652
-0.7052685937515637
-0.7099886818851404
-0.7065492631681973
-0.676975218042034
-0.6182908270072003
-0.5485629010931223
-0.4866442654564729
-0.38100880734960185
-1.2149053638725515
-1.0594255200653713
-1.1129059615249606
-1.1117623980941893
-1.0810314226583344
-1.0617048241259592
-1.060620681274815
-1.066936603753846
-1.0720323571524668
-1.0763270344342424
-1.085727943610936
-1.1050130018153907
-1.133557120432016
-1.1652369374854417
-1.1914967485043249
-1.2052677993874452
-1.203601990430231
-1.1879517532466812
-1.162329918568393
-1.1305578777851863
-1.0941324621522868
-1.051859563986845
-1.0015082640020685
-0.9426941442940366
-0.8794266159771214
-0.8206149983863629
-0.7775086929140631
-0.7584656198149915
-0.7631943238146981
-0.7799733955769206
-0.7893511615713438
-0.7754346190245212
-0.7402694720736707
-0.7077988404446276
-0.6924561315122482
-0.5964918836494633
-1.2387463289235718
-1.0791501408788644
-1.138460742048295
-1.1428609465352508
-1.1142944405221904
-1.0930173113199517
-1.0862028046811463
-1.084080696414874
-1.079536571105089
-1.0745143365290217
-1.0760746894623634
-1.0895606196429752
-1.1143382789976621
-1.1439040416183377
-1.1692335982467221
-1.1829467995402154
-1.182063823016494
-1.1682570147830615
-1.1458651007143588
-1.1189533555336517
-1.0890370568279026
-1.054680806288867
-1.0132429822340239
-0.9639302081767163
-0.9105059756383618
-0.8618468225426952
-0.829263936586214
-0.8210292166134119
-0.8364359997209467
-0.8632022786823539
-0.8820126019473182
-0.8792820955248954
-0.8627289536901386
-0.8634971796592632
-0.8938720104687405
-0.8133226110528966
-1.2433083354131433
-1.0950704411112007
-1.1658686954383555
-1.1780537999710816
-1.1532648517806265
-1.1318200901730728
-1.1210775087108757
-1.1118755279877741
-1.0981832314934903
-1.0832533312998511
-1.0753326115637036
-1.0805784642439564
-1.0987426737090098
-1.1233949872692715
-1.1454731546980734
-1.157626672926865
-1.157051400035718
-1.1456947854670743
-1.1281303626144052
-1.1084562704065295
-1.0879154243069484
-1.0645062393162403
-1.03485989304777
-0.9974971883407999
-0.9557125905000348
-0.9181752261024103
-0.8961098613943754
-0.8975502689337134
-0.9211948236886922
-0.9539970815351442
-0.9766058864111287
-0.9777393123344726
-0.9711859747552438
-0.9964413208716536
-1.0659985819339282
-1.0006191074890651
-1.2183945300233479
-1.097507730198032
-1.184661412418322
-1.2062063913525414
-1.1868556846995517
-1.167882612712586
-1.1565211815873226
-1.1435026616832658
-1.1232074477825669
-1.0997833704047677
-1.0825676505693944
-1.078718391640272
-1.0887538598901594
-1.1067862459077917
-1.124170570108928
-1.1339450247331828
-1.1336905854594383
-1.125668505414561
-1.1145648806171051
-1.1042627130288825
-1.0954106708197733
-1.0851029847561362
-1.0689416991679117
-1.0445318828829002
-1.014552774560844
-0.9873873614828259
-0.9741209203377732
-0.9824640805111571
-1.0103479282555892
-1.0436751951682446
-1.062694041763896
-1.0581179152821214
-1.0498307651890428
-1.0864830968346868
-1.182991719503896
-1.1258448944786394
-1.1586226371931367
-1.0788540858886044
-1.1843170529886393
-1.2146333780101735
-1.2014985280994281
-1.1880340326025705
-1.180775755177978
-1.1692748653854834
-1.1473067112321553
-1.119223082030933
-1.0951632379653913
-1.0833593061727478
-1.0854258548901508
-1.0964748405876426
-1.1087395074395374
-1.1160120015908603
-1.116464449514873
-1.1126951185698752
-1.1093573819530107
-1.1098504254947823
-1.1139013612973478
-1.1173850469438076
-1.114633477112772
-1.1022093049730977
-1.0821713303884355
-1.062701827699426
-1.0548556789988748
-1.0660610210596353
-1.0933579749516351
-1.1212430827691158
-1.1289805870556897
-1.1085942412694685
-1.085580253070777
-1.1179986766750685
-1.224992724159777
-1.1632353693412654
-1.0717522085496185
-1.040439800812976
-1.159923829346944
-1.1937705707498338
-1.1849965773870679
-1.17933459641341
-1.181644780340223
-1.1787368785326815
-1.1623044244092617
-1.1358369302865103
-1.109716174497101
-1.0931481863785981
-1.089077917301825
-1.0940312704598396
-1.1015662270119737
-1.1065899126115406
-1.1080668289402702
-1.10894767511288
-1.1137022662142506
-1.124984976605715
-1.1413090010777314
-1.1570906449721008
-1.1652780829768705
-1.161446133957897
-1.1472563451537123
-1.131032322644696
-1.1241609939672017
-1.1340357960185976
-1.156792199881366
-1.1751252889706016
-1.166497394579416
-1.1231042674743428
-1.0749154191241903
-1.0888751720051841
-1.1894233657896196
-1.1074896333017392
-0.9922273261916956
-1.0040860645771374
-1.1220414104670624
-1.145593289840079
-1.133702601534523
-1.1351757326368395
-1.1516435623072097
-1.1649643978352093
-1.162672637576308
-1.14583757984789
-1.1241599908249107
-1.1074754538845104
-1.1001464156081822
-1.1004494231860136
-1.1036795176750047
-1.1062088357804658
-1.1079961278267518
-1.1123698641212556
-1.1234905769300454
-1.1430591921872342
-1.168177356241408
-1.1917152499930097
-1.2053418919313899
-1.2039856960148647
-1.1894793487238537
-1.1710093806048363
-1.1610322296829345
-1.1674722403544777
-1.1857441187676194
-1.1963566484632189
-1.1739148763843552
-1.1091229614676692
-1.034471334580914
-1.0242262395137285
-1.108094277602735
-0.9944658462649816
-1.0019620972524095
-1.0302055165897315
-1.1124627330838308
-1.0973278828482762
-1.064417176482774
-1.065557216645268
-1.0968093458171744
-1.1320297065404308
-1.151750002292136
-1.152433217030433
-1.1417041153728418
-1.1293587643101777
-1.1210608131068711
-1.1170613209627858
-1.1147537463863664
-1.1123143184536133
-1.1109145635493665
-1.1143279469580651
-1.126353692224459
-1.1476492538619425
-1.1738867782751683
-1.196558561910198
-1.2065006418622914
-1.1987634402039689
-1.1764178818318953
-1.150775471030002
-1.1366344489251432
-1.1434809677275268
-1.1665116747675768
-1.1837533096538486
-1.1656786458969535
-1.0992487245834042
-1.0165464089450893
-0.9962795771270976
-1.0718777008026472
-0.930972061720035
-1.2609312695028478
-1.2448065359636047
-1.2280308936280449
-1.1224151096181174
-1.0327752099309304
-1.0131242183050873
-1.0505748729113318
-1.1068638858176643
-1.1517180476538744
-1.1740231843230706
-1.177340153786874
-1.1703428524619497
-1.1596168649462477
-1.147465218102866
-1.1336798128940337
-1.118580025018428
-1.10481658676823
-1.0967685766107031
-1.0979679839897827
-1.108151670260117
-1.1218411167386328
-1.1297150986170799
-1.122727185095325
-1.0974282609864332
-1.0598922033903122
-1.025565846023479
-1.013603382427057
-1.0367423609777973
-1.0909467774196173
-1.1516702942641786
-1.1838049861044055
-1.1676832260593812
-1.1309139623704567
-1.1521485579027875
-1.2650236778547352
-1.1361375672227982
