Predicted value
-1.2004019926680662
-0.9942562824482017
-0.6996235920801652
-0.4800823348067844
-0.40000752599274847
-0.43828798191813156
-0.5281474094260634
-0.5961633732845399
-0.5886473910759253
-0.48287640424066325
-0.28576485691136355
-0.024696501900963952
0.26457945788121506
0.549030618288608
0.8059053365488005
1.0258069468232698
1.2115977653211036
1.374339070393086
1.5278930153225332
1.6837892980586835
1.8475827387602148
2.01733136003313
2.1841649712819473
2.3343505569623346
2.4519328686046844
2.5210363090769405
2.5272960347834648
2.4585984171361517
2.3062063945029756
2.0681520681778096
1.7570797677332664
1.4139336045883653
1.1262322714282647
1.044179600839655
1.3783111850144962
2.3473130360951444
-1.0828989648788685
-0.9992078684430474
-0.7592308998549058
-0.5228587280310606
-0.3700324432278901
-0.30297086219118086
-0.27845064854218826
-0.24239988175551552
-0.15422000175321138
0.0023333149385251772
0.2196902658523383
0.47418720905820866
0.736451225205613
0.9807934968599703
1.1913338547566
1.3640266890414754
1.504978723539601
1.6262729462682897
1.7408788525441024
1.858162086307198
1.9810968807143845
2.1056669388168583
2.222272211979752
2.318400091283655
2.3815103964239217
2.4011246022142405
2.369540059354245
2.2813662146906406
2.1330551806166067
1.9245019964784031
1.6652034053824636
1.3868039579747347
1.1613528492263683
1.119263168236003
1.4515961387976262
2.3664241615615396
-1.029724192876996
-1.0231344933037434
-0.8256276897219141
-0.5841728787403859
-0.38549081636612215
-0.24746046856670922
-0.14422260264448905
-0.0364775623836735
0.10629466202559446
0.29546784638481416
0.5232600283173579
0.7692807085195472
1.0094769357176165
1.224100857825631
1.402622756757089
1.5448899995550205
1.6589873465663478
1.7570198303024167
1.8503555842244923
1.9457585389616163
2.043401042947709
2.137109578605868
2.216521248745174
2.2702749531614543
2.2890703489575
2.267500706632392
2.204042181102748
2.0994188792176356
1.9546139092244754
1.7707901451193546
1.5539037442021968
1.3262546423930903
1.1448494468892534
1.1212723788207697
1.4285580167145966
2.265873075901162
-1.0098466973480602
-1.0454624672401995
-0.8812908432766693
-0.6445419057313422
-0.42189844041923186
-0.2407953151706903
-0.08774434135664544
0.06549470787165435
0.2417965862707283
0.44893742860626107
0.6792295583621146
0.9151278851271423
1.1369786813878244
1.3297884761808931
1.4871220302106378
1.6115490423819265
1.7121541498131925
1.8003371770092782
1.8854011022611834
1.9712807566740072
2.0552979449581663
2.129174640345004
2.1818542898213176
2.203133065811587
2.1868298727259554
2.132327474813232
2.043837222384795
1.927633933444719
1.7886293000509355
1.6287307389180512
1.4500510384121714
1.2656086490858343
1.117917133864914
1.1008240766455337
1.3709133085356129
2.1202669342664535
-0.9997642375603841
-1.0512742035341627
-0.9135427412596333
-0.6892464273131842
-0.4599112929185867
-0.257775955023138
-0.07776214100225065
0.10027899560703535
0.2935156115345965
0.5071157421131955
0.7336813391226484
0.9581084548944632
1.164344660939169
1.3411545916877499
1.4851714393454305
1.600762656751467
1.6972779304586534
1.78491095782744
1.8706353008699577
1.9554964026185495
2.034049647673917
2.0960650344306284
2.129932404150472
2.1266588345401236
2.0830940332598806
2.003152224173307
1.896360450696052
1.7740111474707536
1.6443852478973966
1.509670164246062
1.36790792832846
1.2229888052490487
1.1035828402839556
1.0869948739429098
1.3150260184588234
1.974563433557563
-0.9832431032400546
-1.0313495763582334
-0.9147841851392784
-0.7086744116023149
-0.4857237981511593
-0.27938055441410037
-0.08989847520806671
0.09711231004372034
0.2946326107931567
0.5059750873962536
0.7241382949348698
0.936082037067415
1.128668249411691
1.2935903325216267
1.4297221679120675
1.542513477241994
1.6410476683667883
1.7339971358341482
1.825901666831045
1.9149867982752722
1.9932243570979287
2.0486545993102396
2.06929877119168
2.0474546927282837
1.9829288683393707
1.8839189326171744
1.7648606158796394
1.6415518457510858
1.5251172663765287
1.4176086319577932
1.3128334842195821
1.2057824111338213
1.1120119488799274
1.0935544542920264
1.2791562425338832
1.8524276303520217
-0.950574357519061
-0.9816809700207458
-0.8821679940891589
-0.6980808499034006
-0.49086490592449294
-0.29256603663560976
-0.10644123269316141
0.0779354732565134
0.27052486907569073
0.47334163774883087
0.6798195287480859
0.8786341892054086
1.0589749750234838
1.2147804397511517
1.3465073165629966
1.4601482588417163
1.5641573504789659
1.6655206672592453
1.7663653574723703
1.8622642642161344
1.9428584401716473
1.994725266269095
2.0057262851324946
1.9695389495953735
1.8888534579648346
1.775902330447598
1.6496273382944264
1.5298340218879676
1.429992645739698
1.3516453795202392
1.2842560263431628
1.2142068196071278
1.1447344667474955
1.123923129496431
1.2692232975975788
1.7628788392902504
-0.8975444583131114
-0.9026639901200426
-0.816918334456971
-0.6569704795787601
-0.4716004955674564
-0.2896637307515233
-0.11571968294903834
0.05803958250403385
0.23943044660293777
0.4295684267065786
0.6223100692639798
0.8077302869386893
0.9768486576688686
1.1252917749503633
1.2545858455436352
1.370874012483764
1.4817552740388473
1.5924835025260584
1.7028901595315409
1.8061330607911628
1.8898210516801766
1.9393595784047637
1.9426664210032758
1.8948834038767672
1.801502297183562
1.6785343115113804
1.5490237726598748
1.4362961037991702
1.3556925525460484
1.307908543981649
1.2780023265882043
1.2440916580384145
1.197936241912109
1.1750305999209019
1.283293603667584
1.7054728796693244
-0.8242735030285295
-0.7981211233606613
-0.7234562522224266
-0.5882663921584523
-0.42810652053043713
-0.2675347610685263
-0.11123250650647737
0.04696539211278988
0.21336821384573518
0.388464833360555
0.5664861820238969
0.7386223168461177
0.8973060267342046
1.0394039289829795
1.1671200524092908
1.2864766077576961
1.4041018751901095
1.523563876846964
1.6425857498576757
1.7521954045695558
1.8382938658736074
1.8854130793542438
1.8817369472684262
1.8239424688039179
1.7202250158213077
1.5901061912805474
1.460325791870008
1.3572496115989978
1.297636641778475
1.2810319836590571
1.2880686044096816
1.2889877155008
1.26495138066405
1.2402397759526704
1.3149864926338846
1.6742438148255223
-0.7340362890034994
-0.6742775155923011
-0.6084537881006566
-0.49738938945233346
-0.36353954579356573
-0.2266129521946183
-0.09065614131920541
0.04952751795840743
0.1991862381440676
0.35835663996505435
0.521572333080429
0.6808873107999873
0.8298018223852697
0.9660678628904512
1.0922771123173542
1.214157659401529
1.3373379070937186
1.4638154697843997
1.5894413724927738
1.7034270248539514
1.7902995787005715
1.8340103302927182
1.8232032681514894
1.756140591118843
1.64360324596541
1.5083406943782247
1.3803767641447715
1.2886461277257824
1.250893148716691
1.2652408114725149
1.3079151693097733
1.3417057758360942
1.338081957828369
1.3114859908947585
1.3559739799686774
1.6606084357626436
-0.6321493122010077
-0.5387758480654645
-0.47990682975023047
-0.39134077399862377
-0.2830992874954037
-0.16993120080677585
-0.05483017805771864
0.06686649459313013
0.19964184931975007
0.3431808164995931
0.4922353172839359
0.6395048263583051
0.7792742221289484
0.9099054182612021
1.0341710897950513
1.1574102751854294
1.2842883356849966
1.4153972419172074
1.5449828603428848
1.6607660216944777
1.746230523824832
1.7850242660411095
1.7664222992552787
1.6902969260698424
1.5698745649970811
1.4308355153911125
1.3060726769810302
1.226627279739204
1.2108181891685863
1.255105521635253
1.3313619128959897
1.395381131723632
1.4098605396051185
1.380768202166534
1.397733505139463
1.6554162721260424
-0.5249801298314609
-0.39979042855489955
-0.3462899029708454
-0.27785429596291483
-0.19315086631106787
-0.10220051217585956
-0.006790007891624192
0.09745794072809637
0.21444255338627832
0.3435445632768847
0.47964589226100546
0.6159050763158775
0.7471639182731129
0.8721852182291756
0.993783628033541
1.1168750654463702
1.2452470800627824
1.3782833610959577
1.5089072871533917
1.6236748035423578
1.7053433258421902
1.7375116474169536
1.7102291930151554
1.6249759086509148
1.4972612822283071
1.355386193478166
1.2346962066921336
1.1678881201453428
1.1734674067683855
1.2460216127865371
1.3531563687448673
1.4441514038302246
1.4738601785043213
1.4411150429270316
1.4326959085386428
1.6503080412211104
-0.41911361631307265
-0.2652785121069803
-0.21583386698478113
-0.1646606779392528
-0.1004521929668181
-0.02898868569627827
0.04910513577054951
0.138029926244119
0.24119850263909837
0.3576993091684747
0.4824589776745094
0.6089395048679378
0.7323597648582072
0.8517293934836926
0.9698196757708614
1.0911351285507491
1.2187041164042611
1.3509180170044663
1.479663831003584
1.5906480007897932
1.6661973664882654
1.6900878635026053
1.6532562792860765
1.558759868462676
1.4242077067904824
1.280200175385577
1.1641206307937628
1.1098846480467517
1.1358214237248725
1.2344677784131992
1.369279966482711
1.483526825483785
1.52514558953045
1.4871350314800256
1.4549146331023235
1.6385263178332103
-0.32069200966247824
-0.14238899637478977
-0.09594943612922391
-0.05888998808843232
-0.011513710032974966
0.043972538369538856
0.10791868404138139
0.18435756324913083
0.27625493806025375
0.3823977811390273
0.4976805392971949
0.6157422400682485
0.7320400466394421
0.8457211318902009
0.9594695335526457
1.0774229318736757
1.201989877970596
1.3307924681640237
1.454961029623289
1.5596498245686485
1.6270243055295792
1.641232613205179
1.5941805870873857
1.4904454746642242
1.3495337232631535
1.2040165894056443
1.0929054947162855
1.0509155029334212
1.0958640109247302
1.2180912692592853
1.3770516125572878
1.5105235269180952
1.5604483506335485
1.5152470299466865
1.4603664603983144
1.615303951048009
-0.2349317754236051
-0.03703450409869047
0.007194886048094651
0.033377349546150945
0.06789685375905
0.11133765363094274
0.16474229246185645
0.2319183129292728
0.3153873353968507
0.41361636088234466
0.5214030999252506
0.632464334022171
0.7423914996643349
0.8503956574284363
0.9590605722493805
1.0722234756226294
1.1918226795653994
1.3149317194412988
1.432189848533284
1.5284726947966187
1.5860232921186888
1.5895243529283027
1.531901556465921
1.419169846211148
1.2725152744281716
1.1261476662675713
1.0203059126285012
0.9901062962236933
1.052548705466771
1.195664129033038
1.375081016369311
1.5236217315708274
1.5781383411963117
1.5236743041710965
1.4469791358559896
1.5779384754268384
-0.1658097398401092
0.04637799099921924
0.0889429587289641
0.10741137837998097
0.13310344224121468
0.16855211701333533
0.2151564241284996
0.27640292599302335
0.3543533181236453
0.44713612653587514
0.5494027954941596
0.6548734157627852
0.7591986058072587
0.861607257453805
0.9645915506165024
1.071767200346181
1.1847534057118472
1.3002861129059178
1.408759176791748
1.4950153978902487
1.54158211358827
1.533806113622663
1.465654299920176
1.3444748740860677
1.1929039481967663
1.0464581499293095
0.9462165195893385
0.9273228330597844
1.0056859568739063
1.1669488386936353
1.3631174073704437
1.5226023065301946
1.5780533717936742
1.5122733907229338
1.4144671080042928
1.5256445494766981
-0.11590322840625737
0.10507084752671811
0.1462799951622277
0.1599941907036993
0.18073167383662953
0.21211757413569066
0.25555068928625824
0.31408570427317856
0.38930412778034645
0.4789846125804533
0.5775993874009511
0.6788196808194908
0.7783037371755511
0.8752727324852763
0.9721498616775511
1.072413094826456
1.177508234437672
1.284029126925898
1.38234579791151
1.4574838279952762
1.4924286211506943
1.473288618868138
1.3950662722804275
1.2663199061755859
1.11089850580283
0.9652986470784823
0.871069591579259
0.8630367953245872
0.9557789442930201
1.1325066295010626
1.3418325963880469
1.508306916146143
1.5612391786784328
1.4822575218267608
1.3640433851092226
1.4592613725076031
-0.08636368725911589
0.1378921602815475
0.17783696348060074
0.1894572242161335
0.20879342344168403
0.23972985935290286
0.2833151006048588
0.34206424237049055
0.4170649152553996
0.5057467517468365
0.6023869856310817
0.7005753525002602
0.7959447584776861
0.887697448936595
0.9782175698793922
1.0709276700576602
1.1672350041547834
1.263767089135761
1.351064816678788
1.4145207670717763
1.4377195862292094
1.4075988055904034
1.3201666748836018
1.1850536489900256
1.0270810663213232
0.8834078525007185
0.795704882714961
0.7981644659882479
0.9038321224024254
1.0934764743765628
1.312570843165546
1.4823592189665953
1.529642750617909
1.4358636743387103
1.29806326449816
1.3808781322769283
-0.07700009116521617
0.14520677128104897
0.18379070683286014
0.19561319783896236
0.21666367802379405
0.25030635934120293
0.296917828736113
0.35838331089914194
0.43529765820978616
0.524758004468604
0.6208477396734344
0.717059172868184
0.8089809981402383
0.8957943159753049
0.9798760372318642
1.0646691532036439
1.1516622265945264
1.2376695658691546
1.3135691940025522
1.3652733966477992
1.3770758949319557
1.33678306785306
1.2413585509465275
1.1013561292353755
0.9423299529186631
0.8017971213258384
0.7212264463767876
0.7338959139795337
0.8511524505175612
1.0513476554500498
1.2770918036409247
1.4468772122325124
1.4857933992593104
1.376002456384652
1.2196444631955676
1.2934278542538054
-0.08644701100258138
0.12870550367139635
0.16568208759489297
0.17960383939365013
0.20496978930903834
0.24392192719816233
0.2958877767042387
0.36206037970232446
0.44256341611889594
0.534195623352482
0.630863697420304
0.7259603909069654
0.815021339093156
0.8972087419817841
0.9749215277585156
1.0516886650927781
1.1291819376707988
1.2045311183875407
1.2690886668801764
1.3094085133397395
1.3105738775444813
1.2612749979204019
1.1593634999703777
1.0161609975298975
0.8577200633681785
0.7216290818494944
0.6488592410893197
0.671528848239114
0.7991592461055619
1.0077439294557962
1.2373270289573823
1.4042000366772327
1.432498135760029
1.3059210704558561
1.1322980053570386
1.2002885773525278
-0.11239221246733469
0.09115652587654824
0.12617501459996963
0.14368534656007662
0.17541424257045654
0.22167370852879628
0.2807216169463988
0.3530317270985178
0.43830217586713505
0.5330856062880213
0.6311436735358945
0.7257783616613925
0.8124698006543735
0.8903641892906362
0.961905653153161
1.0307614954921347
1.0988687717163212
1.1637761174062018
1.2174191028895316
1.2470859260437706
1.2387027702169717
1.181837253197425
1.0751484056693945
0.9305674920432218
0.7744201866068197
0.6441000188350468
0.579815786565078
0.6123181920500594
0.7492147717589742
0.9642327513560814
1.1951651411348991
1.356646362645986
1.3725708188390335
1.2289015247514803
1.0395951195234887
1.1049205744590658
-0.15183980091893187
0.0361218888651961
0.06877860277785984
0.09097314427704277
0.1305518899762837
0.1854952545237119
0.25273510871018906
0.3320383915349021
0.42274896336393314
0.5212434020020267
0.6211825415968465
0.7157944800565875
0.8005046038126495
0.8744435508760274
0.9401150840153721
1.0013620799122753
1.0604480326707448
1.115418563748491
1.1588734316125169
1.1789004096455629
1.1622979729279335
1.0994865791856856
0.9898426713058069
0.8457501387962234
0.6935950657579785
0.5703337139732255
0.5151806268905923
0.5573494099338224
0.7024840883954668
0.9221688337001605
1.1522759696670088
1.306315926714079
1.308608220755966
1.148009121124038
0.9448873700872532
1.010559359352991
-0.20138695639574034
-0.03233948638147451
-0.0024468077312121226
0.0251662032230594
0.07354150266184646
0.13793938740853098
0.2138777689278491
0.300470622697331
0.39680442257153775
0.49916606270567526
0.6011700793456429
0.6959929511254717
0.7790065314517205
0.8493214106901164
0.9095047847456561
0.9635960871078284
1.0142252880727467
1.059988536270198
1.0942048628633656
1.1058020237009514
1.0824590383054364
1.0154100954384562
0.904653307567105
0.7628728576172229
0.6163183063465181
0.5012923979283013
0.45581795672374187
0.5074408093164143
0.6598294463986897
0.8825775632478371
1.109979636395113
1.2549409019993005
1.2428206323253
1.0659000305178497
0.8510902828211291
0.9199764525213949
-0.2574949852977801
-0.10996353184390245
-0.08318125509614946
-0.04973081256722982
0.007889695877631412
0.0819476648427106
0.16652851611366137
0.2601881848940859
0.3618768923670559
0.46789248443274806
0.5718655425683178
0.6669460276306283
0.748451589750702
0.8154614912394065
0.8705983003068958
0.9181023051163958
0.960989278391047
0.9984361214081883
1.024512278848676
1.0290037022520628
1.000460319296871
0.930879814586443
0.8207839235253991
0.683012661682625
0.5435005305998354
0.43770852191876486
0.40230553768637445
0.46307749297053236
0.6217415855557268
0.8460805017996085
1.0691628466300769
1.2037895780352
1.176919897473982
0.9846914653576699
0.7605348021439854
0.8353132831302195
-0.3167385433360221
-0.1925515312594943
-0.1691185582022041
-0.12967179696934514
-0.06279702875972135
0.020622153049487214
0.11328793136648066
0.21333203913996684
0.31971132194645074
0.42884681000493097
0.5344526885668842
0.629677989327301
0.7097817042655068
0.7737923889163335
0.8243674746702059
0.8659359042660331
0.9018988472883739
0.9320225968488477
0.9511365922538062
0.9498838931323738
0.9176610226514924
0.8471711085120703
0.7393623172111456
0.6070966621216949
0.475835553951016
0.3800392562412686
0.35489602677685195
0.42437739729202634
0.5883078055521458
0.8128623865009438
1.0302414938467326
1.1536212980287415
1.1120638218626286
0.9058935516559711
0.6748860053727798
0.7579881388518125
-0.3760202742167786
-0.27620665036280473
-0.2562086944696774
-0.21080689954588655
-0.1350390279284168
-0.04298726695449846
0.056780448904098064
0.1621407435860999
0.27221831458889323
0.383678145402231
0.49038816334840585
0.58552043880895
0.664265582241464
0.7255731822981734
0.7721025408146659
0.8084432790227607
0.8383632725205324
0.8622073530251673
0.8755555960859057
0.8698907660853825
0.8354201467141
0.7654895401058136
0.6613800205179085
0.5358546808524808
0.41376586330839776
0.32844401511515836
0.31350509429460094
0.39108794435067784
0.5592145706505335
0.7826767256776528
0.9931661130212407
1.104688742062258
1.0488527177789941
0.8303984600519975
0.5951245539748549
0.688671685563983
-0.4327415991351575
-0.3575270709029246
-0.34085947916487236
-0.2896837062676793
-0.20567878635429448
-0.10606952110380256
-0.000522753967341063
0.1087825065629995
0.2213143155447277
0.3341075916271335
0.4412541371559945
0.5359695721016726
0.6133600618014348
0.6722587862729787
0.7152819004900729
0.7471371310915427
0.7719239107164921
0.7905376327031561
0.7992834797942747
0.7904531980231104
0.7550204984726384
0.6869092089341925
0.5876458813058753
0.46978848473706475
0.35746735049197487
0.28278392566790966
0.2777242509750308
0.3626102791634821
0.5337807328270473
0.7548852581035566
0.9574647129116637
1.0567814336590546
0.987371398213394
0.7585196336368515
0.5215833323172613
0.6273232028993162
-0.4849238443014902
-0.4337496062960383
-0.42009103531841585
-0.36340496387301746
-0.2720373387225738
-0.1662051097459925
-0.05645202499349278
0.05521132535948409
0.1687815820430967
0.2817913367488849
0.3886239327465472
0.48255405569891624
0.5585803521529809
0.6153731141364416
0.6554492023314079
0.6835788423867647
0.7041435453735767
0.7185467282067817
0.7237798211623866
0.7129024459814614
0.6776047448675495
0.6123245665478502
0.5187546086439975
0.4091575199869754
0.306852128622343
0.2426410261745011
0.24685514710846276
0.3380468637990905
0.5110161945340769
0.7285251951393849
0.9223160598546081
1.0093027543285165
0.9272681773500062
0.6900720020109102
0.45402955125984673
0.57327724947394
-0.5312771890368827
-0.5028408538923196
-0.49163960405736806
-0.4297388541329913
-0.3320273022101352
-0.2214799564326256
-0.1092531255567947
0.0030531518213779366
0.11615419384317631
0.22820628538071103
0.33394723507205004
0.42672009700533037
0.5013856343109213
0.5563962839093688
0.5941036079954758
0.619273572231771
0.636508314873195
0.6476648613938675
0.6503715427003728
0.6384071859475637
0.6041253031353
0.5424165818001175
0.4550701982664244
0.3539800737987325
0.2615873533506643
0.20735410659854153
0.21996125451751372
0.31626735299636943
0.48969997350302935
0.7023972761058437
0.8866455459853773
0.961371738326643
0.8678613255520502
0.6244828389989895
0.39178121086357126
0.5253689071305936
-0.5712179569053479
-0.5635358897429934
-0.5540101066969744
-0.48718059561958565
-0.38422065796401594
-0.2705578604590915
-0.1576636939535964
-0.0464743691536545
0.06463406674415291
0.17456250793009123
0.2784593792227816
0.36973830833047605
0.44308461158580603
0.4966703327472257
0.53260747235557
0.5555819586404379
0.5703456517543383
0.5791456340192195
0.5801900902973839
0.5679234688648107
0.5353088488783155
0.47763320695832856
0.39672331685678475
0.3040480363460341
0.22112729382204935
0.1760674952768293
0.19593229038504037
0.2959871694739984
0.4684711573605349
0.6751672093208332
0.8492353166786742
0.9119404428840178
0.8082629104685267
0.5609223429706366
0.33384615135407003
0.48208497497411085
-0.6048374771374909
-0.6153271570188926
-0.6064794534896759
-0.5349666696804929
-0.4278718713152759
-0.3127114558213944
-0.2009515427728335
-0.09260726814086628
0.01503878886127073
0.12174473700192412
0.2231172504074023
0.31263509747998863
0.3847638319004822
0.43732623966298234
0.47211410694766826
0.49365085632293176
0.5067603291978132
0.5140097144476795
0.5141249848209459
0.5021601528649211
0.4716353424693108
0.4181833298934011
0.34362106825663946
0.258952887003617
0.1847554503770432
0.1477887428923053
0.17355647689305043
0.2758530107798664
0.4459261177269407
0.6454730092705154
0.8088403124264448
0.8599176964233843
0.7475099726368226
0.4984430256237264
0.2790718972370767
0.4417284051669806
-0.6328280513007029
-0.6584084768332303
-0.649054837653668
-0.5730451728004253
-0.4628991028746237
-0.34781369319580124
-0.23891610966576596
-0.13504640657228448
-0.03221883441628409
0.07028327664495042
0.16856254643916382
0.25614961918058765
0.32723999563798317
0.3792335445999094
0.4135168852554486
0.43436424003343127
0.44658951775214506
0.45300634881505675
0.452793937850003
0.4415595322169328
0.41333075854339113
0.3640428053518984
0.2954670958771324
0.21812018215496734
0.15163328945522675
0.12145104478445147
0.15159573213684427
0.2545296263973789
0.42071555799124205
0.6120310333027209
0.7643022507824027
0.804290462576551
0.6846934696928927
0.4361175149729491
0.22629503521716596
0.4025838037538626
-0.656373425627944
-0.6935809745099069
-0.6823931113179921
-0.6020076435308553
-0.4898280903495531
-0.3762936641711467
-0.2718561511992429
-0.17393682954631537
-0.07712132424418487
0.02035306192713446
0.11511158803666866
0.2007158273075053
0.27103604709061535
0.32297252244349495
0.3574197124386941
0.3783142662834951
0.39037672661301476
0.3965923688573683
0.39652892505651954
0.3862922086961462
0.3603721553413191
0.31497074018387466
0.25178968945099134
0.18084966889849716
0.1208521462497846
0.09597635469190331
0.12885912936157734
0.23078257117787696
0.3916354568826068
0.5737341230269182
0.7146542813713305
0.7442348607797272
0.6190763101446335
0.37316533543566655
0.17447987853508984
0.36307286906881564
-0.6770125632470738
-0.7221291350415635
-0.7076887814172138
-0.6229891674052411
-0.509704742544118
-0.3990620470012276
-0.3005082195384516
-0.20981915794740133
-0.1200103619395468
-0.028201760276994645
0.06276954191219006
0.1464679031426518
0.2163796477008642
0.2688277446646968
0.3041278390893214
0.3257915348859428
0.3383636518637682
0.3449276240975798
0.3453769807540827
0.33626474213692625
0.3125033385862356
0.2705339571732053
0.21197544999973128
0.14635817380944124
0.09148501169852913
0.07033545120765629
0.10427041164147231
0.20355223156822877
0.3577066977432703
0.5297361163682524
0.659210034750837
0.6792099914621377
0.5501930150526619
0.30906054436054947
0.12283757290342519
0.32189011402947904
-0.6964864181642455
-0.7456761626889152
-0.7265391713927636
-0.6375446099824923
-0.5239835642769616
-0.4174125520537045
-0.3259615728554329
-0.24355797536314322
-0.16152821937027773
-0.07582144637591774
0.01126586211213336
0.09326631439411029
0.16322165832848903
0.2168009503037776
0.2536571578399474
0.27679283124488574
0.29049828338552414
0.29788519444150574
0.29911401325593745
0.29113826892499517
0.2692591498656417
0.2301374673757895
0.17530610794898466
0.11382259767883711
0.06263524676757191
0.04360169201658128
0.07692597197098107
0.1720151933990416
0.31823909420309077
0.47951806315113815
0.5976319951062135
0.6090290598493197
0.4779250216665377
0.2436137008830486
0.07091850588852112
0.27811102281737743
-0.7165778334090191
-0.7660283188388917
-0.7407958647964108
-0.6475094611695837
-0.5343997177350168
-0.432906476086524
-0.34955593536179563
-0.2762529537695242
-0.2025418941309428
-0.12316698650898206
-0.039893037276296006
0.04074098890628644
0.1112715200624501
0.16664045485665732
0.20575948441800138
0.23104406011970996
0.24645712982943882
0.2550743352350229
0.2572696349806257
0.2503560792064896
0.22999632803794065
0.19305882403118416
0.14099626438900972
0.08242066053222546
0.033479724134961864
0.014995796315681596
0.04614046553172346
0.1356299303337507
0.2728765876170609
0.4229326954882886
0.5299754968568173
0.5339038106180851
0.4025473041978742
0.17702344013952143
0.018672806066660986
0.23126683369642365
-0.7389546311714241
-0.785017959157642
-0.7524116874800697
-0.6548539995897862
-0.542832827046194
-0.4472478413699772
-0.3727689447746556
-0.3091389278040164
-0.2440555558175298
-0.1710441887707167
-0.09135839246240376
-0.011652436913805466
0.06004591509529497
0.11788384580206393
0.15996088527630398
0.18803569450168053
0.2056790980836918
0.2158738594222789
0.2191608403767182
0.2131780797657239
0.19392893530934446
0.1584843904344751
0.10823010948626789
0.051367457587509324
0.0033044528317740783
-0.01608030389098614
0.011478070699980856
0.09416479489491403
0.22162154971929482
0.36022501855308064
0.456706115288128
0.45445990944091363
0.3247437609346093
0.10989484491648226
-0.033524224593179504
0.1813823261657035
-0.7650254567347686
-0.8043546068875216
-0.7632922148567303
-0.6615393208301282
-0.5511705636896186
-0.46215661207980646
-0.397100216192488
-0.3434812820308171
-0.28711711592079603
-0.2203208012986819
-0.14386577042750057
-0.0645676219788428
0.008926800530354927
0.0699104360702177
0.11560986046522334
0.14706784638253506
0.1674083958399782
0.17947355478122257
0.18393233099740844
0.17872012000667392
0.16016648509537273
0.12554580474852067
0.07619553720525445
0.01994637517278697
-0.028468639253722415
-0.05002174576905048
-0.02723168387263707
0.04770734303367862
0.16483732475475138
0.29202824207384637
0.3786897308675476
0.3717225711692319
0.2455906326346654
0.04322377081021701
-0.08488279485150141
0.12897523304651334
-0.7958170149376613
-0.825492615319003
-0.7751601385143434
-0.6693832442802949
-0.5611796349591989
-0.4792471685974291
-0.42395873241692494
-0.3804728781667091
-0.33272466608827944
-0.2718419459564396
-0.1981586411089559
-0.1186981702138764
-0.042775177489450346
0.02199985534738115
0.07193210616066756
0.1073020020978216
0.13074379475647666
0.14492124868165485
0.15060135936013894
0.14599630046037637
0.12775313180441386
0.09335523957277614
0.0441144922665297
-0.012466556301144965
-0.06226444216958541
-0.08701157760898855
-0.06989369916976454
-0.00334492743897304
0.10322933888490352
0.21933561380192096
0.29715603707166327
0.28707337430686575
0.16650900576483987
-0.021651784245452138
-0.13424439784804415
0.07501811079120688
-0.8318800419583001
-0.8495228298134716
-0.7894398299623888
-0.679943254829295
-0.5743910683420913
-0.4999186103371246
-0.45455976961755534
-0.4211383458914859
-0.38173821233018856
-0.3263488942549632
-0.2549134814020416
-0.1747081869741311
-0.09575578526515896
-0.02660676702889668
0.028088645445302138
0.06781653253672872
0.09469167573372252
0.11117324602447795
0.11810511813391222
0.11396259197594445
0.09570655692985532
0.06103840500210471
0.01126882339346163
-0.046385260037605555
-0.0983469558490724
-0.12702383183527854
-0.11616198855415785
-0.05831133918985248
0.03780624267174929
0.1434499911098862
0.21363767601871536
0.20218075676292968
0.08918915023202917
-0.08313034005264766
-0.18015967627969376
0.02086560323019517
-0.87322973925776
-0.877094207376953
-0.8071681440950869
-0.6944224902781598
-0.5920056807430447
-0.5252625861232367
-0.489836818079458
-0.4662509235840402
-0.4348015961855067
-0.38440576866571097
-0.31467068059087316
-0.23316669718093003
-0.150654460553298
-0.07664635886701442
-0.016765695215012543
0.027663264185724352
0.0582204532016221
0.0771460538286096
0.0853489139124882
0.08156034353750573
0.06305548444937659
0.027764602621548954
-0.022978653581564378
-0.08220303856535809
-0.1368205725110629
-0.16983780089410916
-0.16546775363720886
-0.11627029462310617
-0.0301764105834483
0.06591414676386972
0.12988847219692476
0.11890810186349561
0.015490983728605695
-0.13945102781481752
-0.22099358617317932
-0.03184805031515888
-0.9193245211709954
-0.9083696461135391
-0.8289359635760956
-0.7136034018082009
-0.6148243884336322
-0.5559932602816992
-0.5303730000363518
-0.5162662009254473
-0.49227877238378587
-0.4463381329494412
-0.37777498780756075
-0.29448942985402615
-0.20799698728199198
-0.12877720338914878
-0.06342619860738158
-0.014077344497337926
0.020314217130893323
0.04176754342934459
0.051253610215359666
0.04775852184865731
0.028875055116717323
-0.007226523010775385
-0.05916778694533237
-0.12018824944009153
-0.1776392569867402
-0.2150618790226681
-0.217058646048919
-0.17611423523996508
-0.09928655369403461
-0.011574195063672129
0.047785343911199867
0.03920454444021334
-0.05267371198860335
-0.18881707640804954
-0.2550515116489542
-0.08133475094532791
-0.9690848601791408
-0.9430183806372519
-0.854863256181721
-0.7378121475467104
-0.6432066019580108
-0.5924027594682298
-0.5763553639685508
-0.5712761244571549
-0.5542077440307218
-0.512186678942631
-0.44432858772846734
-0.35889091015682245
-0.2681463601033752
-0.18352856464298853
-0.11258693340387514
-0.05824456127726845
-0.019976285354573586
0.004025963787597863
0.01480107793355332
0.011593781878397219
-0.007680441113300142
-0.044601594850324514
-0.0977289902804837
-0.160485280046685
-0.22062210624296716
-0.26216484502966936
-0.27004645081734285
-0.2366138713844637
-0.16799595029991848
-0.0872577959940434
-0.030780637879231073
-0.035015391311362686
-0.11347062291580694
-0.22953148327740858
-0.280718725632823
-0.12579366407976988
-1.020951827359999
-0.980245280714796
-0.8846085634678754
-0.7669150870016623
-0.6770584145735771
-0.6343440604633994
-0.6275541941699532
-0.6309855233747431
-0.6202744811317265
-0.5816783618094657
-0.5141591456901154
-0.4263491556039215
-0.3312640587646232
-0.24125875134622973
-0.16479616427192245
-0.1055510654582577
-0.06348690660956907
-0.036984516405982916
-0.024923369601372838
-0.027792308012638326
-0.04734775497677072
-0.08491330901517634
-0.13897474734355644
-0.20311960402823362
-0.26547346953393336
-0.31051212027141706
-0.32346003792353967
-0.296487809072625
-0.2347658807476291
-0.15942044987316054
-0.10401793892065889
-0.10199650642077085
-0.16527630851141495
-0.2601368181424981
-0.2966046800021865
-0.16355889965244097
-1.0729826975934664
-1.018855321346184
-0.9174119281027276
-0.8003469891651867
-0.7158506907912633
-0.6812418260019972
-0.6833281650343929
-0.6947122413999548
-0.6898081080843905
-0.6542164194901847
-0.5868043630842662
-0.49658458023800006
-0.3972833580055258
-0.3021232254773115
-0.22042003972621418
-0.1565433976795528
-0.11089887616796275
-0.08202281543416186
-0.06869237552509044
-0.07111938934088266
-0.09072791851411953
-0.1285831289519249
-0.18309391799937103
-0.2480055606117142
-0.31180565675004407
-0.35940436242341567
-0.37630022889230363
-0.3544734691736038
-0.2981332865750917
-0.22648696637426635
-0.17034654381833741
-0.16026478290208
-0.20680776672073042
-0.2795506233653898
-0.30168308265743915
-0.19324435302196627
-1.1229788011787778
-1.0573494487385506
-0.9521683688554315
-0.8371688141368561
-0.7586655528975396
-0.7321302290861561
-0.7426548417789629
-0.7614107676491847
-0.7617975827635215
-0.7288897733637592
-0.6615137632007796
-0.5690540010746602
-0.4658956930408215
-0.3660538524088189
-0.2796156805552086
-0.2115702699206581
-0.16270411207710833
-0.13166536426397296
-0.11710243788109945
-0.11893818104595749
-0.13826259543608155
-0.17588652184528336
-0.23014802505099854
-0.29495549548497607
-0.3591622681121765
-0.40811576330225985
-0.4275932295604569
-0.40939519042314165
-0.35679247531825165
-0.2871168891189421
-0.22850172816485875
-0.20873910430965037
-0.23724016126479178
-0.2871877765311651
-0.2954186077554573
-0.21387619108385708
-1.168638739681106
-1.0940461260392744
-0.9875271984313422
-0.8761512433717562
-0.8042682087204372
-0.7857153817052424
-0.8041847338298502
-0.8297180909586025
-0.8349290455374606
-0.8045013833926548
-0.7372676201381868
-0.6429599448208663
-0.536550510172206
-0.43274989872285363
-0.3423143945656984
-0.2707595213530926
-0.21917784856264227
-0.18627666493174744
-0.17054488302660656
-0.17160445660585158
-0.19021362246747522
-0.22694045944135283
-0.28006881025538394
-0.3436890444740151
-0.40704034969228764
-0.45592961420109357
-0.47643949501022254
-0.460225638700992
-0.4096677316712996
-0.3402865014701014
-0.27762338420832294
-0.24682584179721354
-0.2563050031575998
-0.28306148418234056
-0.2778714068355966
-0.22500381277591772
-1.207728229785689
-1.1272210843702593
-1.0220108228255502
-0.9158785837282348
-0.8511996241062444
-0.8404586566164757
-0.8663158936767194
-0.8980194028897523
-0.9076420309301707
-0.8796142576111127
-0.8128121800786267
-0.7172747968395384
-0.6084684799635784
-0.5016809317963582
-0.40821538712522604
-0.33400424059905554
-0.28035918398399445
-0.24598659786356672
-0.22918246827122377
-0.2292575459992112
-0.24664593902679038
-0.28169308289534634
-0.33265658197415476
-0.3938416278896524
-0.4549099144782312
-0.5021690827078643
-0.5220553156614294
-0.5061371084029767
-0.45597268346033043
-0.3853542140703093
-0.31732524340806734
-0.2744899263945582
-0.2643617410864583
-0.2678552845735464
-0.24977134857784944
-0.22678093040040156
-1.2382562811109774
-1.15525630799369
-1.0541452342027502
-0.9548663214268922
-0.8978842783874146
-0.8946760146103693
-0.927284970689257
-0.9645302871739992
-0.9782018450028542
-0.9526130251115996
-0.8867096327741937
-0.7907787417598555
-0.68066745571503
-0.5721013768808436
-0.4767900329564706
-0.40095836289913833
-0.34604003028835567
-0.3106750580748263
-0.2929322151363718
-0.29180390531008327
-0.307414307511378
-0.33991571067926707
-0.38757922816878015
-0.44497164411514245
-0.5022298568220193
-0.5462216989430454
-0.563805032290139
-0.5465399848947534
-0.49525301870346206
-0.4221052417238218
-0.3477392203802459
-0.2922969798651264
-0.26243674132288325
-0.24295954273244932
-0.21255510593732624
-0.22000970225398703
-1.258646238357686
-1.1767881259544064
-1.0825932839068768
-0.991684518308018
-0.9427462083451426
-0.9466474758774441
-0.9852697214147731
-1.0273911969945966
-1.0447846515705757
-1.0217783019993043
-0.9574006947208573
-0.8621099343671977
-0.7520001364352198
-0.6430761521352064
-0.5472965281805294
-0.47104189316171047
-0.41576287635129683
-0.37996451961083544
-0.36145518163523754
-0.35890649064249786
-0.3721545064494945
-0.40119773403078013
-0.44437221884190664
-0.4965663860788773
-0.5484599079192891
-0.587556754159017
-0.6012225788927189
-0.5811065158507076
-0.52741011868373
-0.4507725386177914
-0.3695312606012549
-0.30142233546563135
-0.25222500349074906
-0.21046740014650703
-0.16836080962100694
-0.2061425775126825
-1.267889509550505
-1.1908435431022093
-1.106281067292989
-1.0250784862784688
-0.9843258006069396
-0.9947301506918521
-1.0384972866562616
-1.0847693713637943
-1.1055712091603225
-1.0853705344022209
-1.023277181957792
-0.9298249229347784
-0.8212020486165945
-0.7135165326321552
-0.6188045509579357
-0.5434557968767343
-0.4888277527462924
-0.4532211890741216
-0.4341540317547556
-0.42998091292500445
-0.44028001060495525
-0.4649453699712051
-0.5024404432184715
-0.5480473232108708
-0.5930689990798994
-0.6257356366677839
-0.6340219804480716
-0.6097790772459354
-0.5527043240847478
-0.4720322321793035
-0.3838864705058071
-0.30362430781106803
-0.23605162559444978
-0.173126956262047
-0.11997695924138449
-0.18723865507967827
-1.2656696427923813
-1.1969536950747695
-1.1245074337028151
-1.0540778048693298
-1.0213893848764408
-1.0374678152018473
-1.085352107762694
-1.1349629078114725
-1.1588447815840413
-1.1417196087755852
-1.0827615910187027
-0.992467030598359
-0.8869481950631009
-0.7822251857897656
-0.6902294143800172
-0.6172065259298848
-0.5643087857364261
-0.5295654896360948
-0.5101794260140649
-0.504199605678654
-0.5109855219751412
-0.5303856906828973
-0.5610632792422572
-0.5987760520451674
-0.6355411733878119
-0.660416022484342
-0.6620974493379089
-0.6327632669462286
-0.5717378356311721
-0.486973224860704
-0.39246289033164783
-0.3011808144062776
-0.21679194652611464
-0.13424855605405692
-0.07074457464768455
-0.16587385634471066
-1.252444882860597
-1.1952336248864672
-1.1370268149374707
-1.0780848150777718
-1.0530236566624258
-1.0736899208199007
-1.1244772008154988
-1.1765015143047004
-1.2030885249217378
-1.1893162875971421
-1.1343904751043803
-1.048640181466257
-0.9479165237187336
-0.8479491593250494
-0.7603750775556392
-0.691140081436699
-0.6410807248277051
-0.6078926832189441
-0.5884464009753627
-0.5805054672816795
-0.5832590381425954
-0.5965777711555346
-0.6194048242439849
-0.6480628657370386
-0.675380957132781
-0.6913517406548385
-0.685514767035412
-0.6505073508646634
-0.5854186012931047
-0.4970421523756081
-0.3973149686055881
-0.29679034072506155
-0.19775138667857536
-0.09756836664962033
-0.024414109230265733
-0.14500699701472336
-1.2294785107118442
-1.1864185187256917
-1.1440963006719813
-1.0969342782311962
-1.0787073580345836
-1.1025931922595344
-1.1548626616974602
-1.2082385251607446
-1.2370776417081744
-1.2269014602207624
-1.1768982943936577
-1.0970855257540795
-1.0028562275154613
-0.9094394653267355
-0.8279852610419463
-0.7639854262949614
-0.7178557813293008
-0.6869044458829019
-0.6676619785374633
-0.6576365889137278
-0.6559043816860523
-0.6624331326466367
-0.676531660432827
-0.695180457547528
-0.7121207981364733
-0.7183909711269008
-0.704496629206063
-0.6636707437172683
-0.594907877063961
-0.5039664126532328
-0.4007895272494182
-0.2934401894022738
-0.18250818963520432
-0.06707185794524295
0.01503865452901755
-0.1278068261304654
-1.1988082127212658
-1.171848165090638
-1.146479229864655
-1.1109169729601414
-1.0983535011348837
-1.1237996239603103
-1.1759157534682299
-1.2294290918417718
-1.2599617896491506
-1.253549287173556
-1.2092984204306698
-1.136758151298992
-1.0506587700159362
-0.9655157563277841
-0.8918017506828636
-0.8344069001587266
-0.7932309733549588
-0.7651521028380932
-0.7463651856334018
-0.7341636822550153
-0.7275761948105445
-0.7267478318240872
-0.7314408072919096
-0.7393856721331015
-0.7453337115826307
-0.7414761157311158
-0.7194054790835206
-0.6730852322620835
-0.6015553688558004
-0.5096594110534702
-0.4053986649475008
-0.2942468574745187
-0.17472443406342922
-0.046783250003955335
0.04363075761559766
-0.11744817210979627
-1.163148505062404
-1.1533937673977064
-1.1453995565747512
-1.1207616503474094
-1.1123167564328522
-1.1373857433212862
-1.1875077372761402
-1.239790048805567
-1.271333628045344
-1.2687405444959257
-1.2309580600953614
-1.1669011354017167
-1.0904294020738328
-1.0151343855316344
-0.9506287172155791
-0.9010650003612005
-0.865745870945117
-0.8410919345334407
-0.8229803956957963
-0.8085415960256621
-0.7968292409116757
-0.78824846363971
-0.7831005297302878
-0.7799523517724719
-0.7746545417590569
-0.7606491032579932
-0.7307279453437564
-0.6797134298360196
-0.6068268525602962
-0.5161133849294841
-0.4136755120116633
-0.30227511988725847
-0.17793270925115218
-0.04052932650575188
0.05761462383958313
-0.11688836648160765
-1.125723907428775
-1.133324390738518
-1.1424439217337239
-1.1275720021493512
-1.12136246170359
-1.1438794782192956
-1.1899937465794286
-1.2395377956418645
-1.2712799603768379
-1.2724228146955125
-1.241663998657322
-1.1871141472164914
-1.121556740557283
-1.0574578250881124
-1.003401462214486
-0.96268440180005
-0.9339500949067703
-0.9131523992045271
-0.8958843342851027
-0.8791757612655352
-0.8621833477436928
-0.8456539031892892
-0.8305063142534613
-0.8162180761485508
-0.7998131295582397
-0.7760659229702918
-0.7390652081050731
-0.6846093548407871
-0.6122297923100961
-0.5252860358944764
-0.42801988116546735
-0.32034381880113455
-0.1953075840495707
-0.05168809047617626
0.053732940638725246
-0.12863795445943063
-1.0900351662949626
-1.1141142948054543
-1.1394117451005799
-1.1327181352350197
-1.1265960440545442
-1.1442228416547344
-1.184203458231883
-1.2294016068753084
-1.2604126546155767
-1.2650545822762482
-1.2416761951974271
-1.1974137000923037
-1.1437776567359643
-1.0919229112665838
-1.0492573444486606
-1.018127310234936
-0.9964790510074687
-0.9798121799593956
-0.9634861161488757
-0.9445034193682056
-0.9222043569074616
-0.8977536841981233
-0.8727534663328841
-0.8476468298298959
-0.82068203174979
-0.7880236837697607
-0.7451332924695038
-0.6888859009276697
-0.6192425780748938
-0.5389875523107004
-0.45054149340712724
-0.35082730159430964
-0.22943227964295593
-0.08293438583956719
0.029471731846891225
-0.15454217346291554
-1.0595664086703744
-1.098197223570421
-1.1381177594170984
-1.1376854919891115
-1.1293544805951938
-1.139700912507387
-1.17140205763208
-1.2106110451057583
-1.2398773495036302
-1.247630721267545
-1.231766335108788
-1.1982819046697042
-1.1572341902415737
-1.118304606531317
-1.087605649762871
-1.0664690745565173
-1.0521350677968633
-1.0396865394336645
-1.0243181764538898
-1.0030879345840855
-0.975599875593204
-0.9435023574621713
-0.9091262730210159
-0.8739081981706953
-0.8373401107672559
-0.7970023055628198
-0.7497762654623141
-0.693693140867484
-0.6292524066805857
-0.5587742674383219
-0.4829084126501457
-0.39546172876216046
-0.2820715913538773
-0.13599563298718165
-0.0167039556682185
-0.19559158820709235
-1.0374476899552156
-1.087679403677281
-1.1401562459625265
-1.1438882046376864
-1.13106473603153
-1.131840220288055
-1.153222990377543
-1.18485756332923
-1.2113388272762495
-1.221687242256565
-1.2132383767847492
-1.1907001015289485
-1.1625183702526631
-1.1367708131299357
-1.1181917312201681
-1.1070713055190367
-1.0999692250572572
-1.091617418349984
-1.0771337839651203
-1.0537222260765926
-1.021326304363534
-0.982126830672826
-0.939201348671621
-0.8949714171291534
-0.8501511246204945
-0.8037208813959975
-0.7539934005120171
-0.700209685854049
-0.6435053369920355
-0.5858539679171847
-0.526207390715699
-0.45516487593112287
-0.353961879874106
-0.21143101153515464
-0.08514796270946243
-0.2517813913354734
-1.0260949997553568
-1.0840295514326974
-1.146641789331098
-1.1524585018919455
-1.1330778769990615
-1.1222825919407726
-1.1315761875497754
-1.1542318757798882
-1.1769427784192497
-1.189283414535368
-1.1879278307612529
-1.1761629551976496
-1.1606995780544243
-1.147922121341657
-1.1411487363622796
-1.1396454247549923
-1.1393565662071543
-1.134759893667877
-1.1210038186845779
-1.0955342065107805
-1.0587003650756224
-1.0132403806195889
-0.962959450936087
-0.9112092917915857
-0.8598531958615914
-0.8092055982355821
-0.7589783628480382
-0.7096464911682332
-0.6630694392879931
-0.6210055170508862
-0.5808207752707062
-0.5298763475608257
-0.44462762960501284
-0.308446526835887
-0.1748803092971284
-0.32203896328608866
-1.0268584106167298
-1.0877715936446821
-1.1579476280987198
-1.1640289658907021
-1.1364917286656886
-1.1126437341969466
-1.1085377788229065
-1.1211401755859782
-1.1392544136088523
-1.152959396401041
-1.1581758707574088
-1.1566673508396677
-1.1533272963481582
-1.1528080907093265
-1.1570275087689548
-1.1642964435911882
-1.1700539184032068
-1.1686538456960538
-1.1554014812388884
-1.1280828972091685
-1.0875039810112697
-1.0369525478139625
-0.9808955101105694
-0.9235024366180398
-0.8676505043310802
-0.8148616427391541
-0.7661641253864748
-0.7232583181126417
-0.6888079858041198
-0.6645117376385182
-0.6463212125450505
-0.6184220441000152
-0.5522313873556496
-0.42475615068866146
-0.2834978903031049
-0.404238058929692
-1.0397186863881238
-1.0982140473809672
-1.1734696016142516
-1.178530118406616
-1.1419794492860609
-1.1043692342180438
-1.0862296840692465
-1.0882036877490124
-1.1011748868380322
-1.115667177537695
-1.1267732709561549
-1.1346686144833362
-1.142399614231933
-1.152908588332345
-1.166791636158432
-1.18153267164467
-1.1922250151048432
-1.1932647794323175
-1.1802583756223974
-1.1514283955209623
-1.1080656504588657
-1.0539582480697351
-0.9941106260361857
-0.9333282391550857
-0.8752924854413595
-0.8225354942083855
-0.7772613897339009
-0.7423522667885769
-0.7213540241293355
-0.716099134443792
-0.7213803034541157
-0.7184019937255299
-0.67345955809483
-0.5564953362110954
-0.4071592065395391
-0.49531514840863744
-1.0630832846694398
-1.1132590401633213
-1.191451230674605
-1.1950319342234734
-1.1496461771281496
-1.0986041762873622
-1.0666998001401937
-1.0581472559189904
-1.0658366589969581
-1.0806718277638396
-1.096867447634203
-1.112994021761588
-1.1302845268657198
-1.150064668774703
-1.1717599314022156
-1.1922217851739332
-1.206411822965274
-1.2089714899433661
-1.1959687484327957
-1.1661518673723643
-1.1212941662670497
-1.0655819184066138
-1.0043620982632193
-0.9428111458715316
-0.8851179544746364
-0.8345461436194419
-0.7942704776598288
-0.7682750949807529
-0.7610701417815577
-0.7748707250521485
-0.8036803386853548
-0.8260939615095593
-0.8034402278130202
-0.6981873491211488
-0.5406484116838355
-0.5914986537474298
-1.0937442514116267
-1.1293437314448802
-1.2089135542574496
-1.2116643563563243
-1.158940858558132
-1.0960960876121462
-1.0518156572180053
-1.0336835412942103
-1.0364786112119373
-1.051418603091956
-1.0718233914697148
-1.09470009340933
-1.1195766993081704
-1.1463382786973018
-1.173472669158821
-1.19746702786057
-1.2134236915535408
-1.2164704188132616
-1.2033103313076403
-1.1732929728986257
-1.1286314045012356
-1.073743084641802
-1.0140378877581275
-0.9547010266507949
-0.9000316229407799
-0.8536537729883185
-0.8194366654485444
-0.8023511189677
-0.8079674460972686
-0.8392086607433564
-0.8898089102031816
-0.9363562419429159
-0.935680560281483
-0.8427546809098481
-0.6775162884611448
-0.6886547295016974
-1.1270729586052415
-1.1415773478370692
-1.2217418914376328
-1.2256586245235592
-1.168655384994267
-1.0971543178299137
-1.0431862718119862
-1.017399812523467
-1.0163007506694268
-1.0313592096992035
-1.0550258245368807
-1.0828556017925153
-1.1128667473139777
-1.1437734875097154
-1.1734504302815263
-1.1983690326445253
-1.2141069210241349
-1.2165568591490512
-1.2032399498607596
-1.1741613272447757
-1.1318796478445385
-1.0807980989449435
-1.0260099572471657
-0.9722341802095333
-0.9233681043078921
-0.882921954412859
-0.8551064204884151
-0.8457300087738584
-0.8615453978279495
-0.9066110986464975
-0.975104209550669
-1.042501355027479
-1.0619999984761912
-0.9815569317247399
-0.8102853972894608
-0.782743442539898
-1.1575399040376375
-1.1441480799415906
-1.2249906044354963
-1.2335581084375749
-1.1770481197264537
-1.1016920810088342
-1.04212831442121
-1.0116540571808388
-1.0082965563067923
-1.023727274558631
-1.0496052965666711
-1.0802263131350045
-1.1123929940546768
-1.1440237418945027
-1.1728051764232605
-1.1956285793461374
-1.2089463058241992
-1.2097313464610875
-1.1965095381478965
-1.1699654484354738
-1.1328452106825075
-1.0891986251150387
-1.043306371045436
-0.998816656289756
-0.9585833749175643
-0.9254141262864493
-0.9034266017077832
-0.8990883709672504
-0.9204987698810421
-0.9734125460221394
-1.0534037835627112
-1.1360976012928778
-1.1724210859373991
-1.1044225593975725
-0.9306931484386876
-0.8703662886925922
-1.1796617827300224
-1.1310856004059957
-1.2134760834752747
-1.2316542247728748
-1.1821336329184824
-1.1093800816740718
-1.0496934614614108
-1.0184860573063421
-1.0150581837206039
-1.0312486014577957
-1.058064919351605
-1.08883002347171
-1.1195368374079133
-1.147799551911477
-1.1716519118186903
-1.1889332513590074
-1.1974368632070955
-1.1955653126021921
-1.1830331128139648
-1.1611868197531447
-1.1327236530967868
-1.100890397959056
-1.068524495100771
-1.037451623958341
-1.0086953848397484
-0.9836465900098568
-0.9658100092897657
-0.9621102547749256
-0.9822192448407554
-1.0343182198447751
-1.1166310011612697
-1.206637155554954
-1.2549617700472075
-1.1996243410927865
-1.0299294835437105
-0.9493694853725851
-1.1894926407974253
-1.097476823634203
-1.1827374144581206
-1.2167097540937775
-1.1821848129979315
-1.1199427220139082
-1.0667737136539621
-1.0395469303804372
-1.038545661225461
-1.0557658630777205
-1.0817767734401422
-1.1093211472891187
-1.1341120298696885
-1.154078749636855
-1.1682556863033562
-1.176056112319358
-1.1771479689921431
-1.171743044058073
-1.1609172689694214
-1.1466078381400355
-1.1311322427743997
-1.1163554733699579
-1.1028867366631006
-1.0898111118917457
-1.0753736966847987
-1.0586981289083455
-1.0420682906149739
-1.0326491896649608
-1.0419965756519747
-1.0816604013613387
-1.1541310344920004
-1.2409871292789822
-1.295251087190349
-1.2537268076649997
-1.098804729514868
-1.0194469083912812
-1.186791001524206
-1.0412445892017033
-1.1304533627730464
-1.187038282821618
-1.17649729148072
-1.1336291377060572
-1.0943003141317877
-1.0760472062671003
-1.0798056117075578
-1.0977497296652192
-1.1203074301386398
-1.1401526959034474
-1.1533850290749186
-1.1590067021958106
-1.1578324252238854
-1.151576850329819
-1.1423831479000377
-1.1326768109621623
-1.1250464860064948
-1.1218801472773174
-1.1246721509219304
-1.1331772108687295
-1.1448155836231413
-1.1548271593372945
-1.1575522315105484
-1.1488501361060433
-1.1290866735484881
-1.1054476006893053
-1.0917973405725334
-1.1042578350166528
-1.1516412847040787
-1.2225133100913652
-1.2758636544763213
-1.251207776092956
-1.1277574885189523
-1.0826613722746412
-1.1780102562871804
-0.9656110432992335
-1.0584132249002636
-1.1440143740032838
-1.1664690892989142
-1.1518915029599057
-1.1335494424847905
-1.1287185290811799
-1.138617652474542
-1.1556587733450012
-1.170520211337779
-1.1764496214326368
-1.170747791724816
-1.1543962670262333
-1.1309027827387457
-1.1051149653518748
-1.0823164220519974
-1.0675683275096164
-1.0650895726026741
-1.0774937494102659
-1.104875724753681
-1.1439791537172344
-1.1878757987736464
-1.2266477878045077
-1.2494089521285856
-1.2476003721827498
-1.2188838177991599
-1.1702579552778989
-1.1184676206205477
-1.0857274097108398
-1.0897493642741765
-1.1297345631395412
-1.1752368649645248
-1.1737248753960259
-1.1065815973619486
-1.1437726247867523
-1.1802751629706592
-0.8823794223401933
-0.9751475545243267
-1.0940941939610411
-1.15705032497047
-1.1783019250415592
-1.1865638243199506
-1.197777254170763
-1.2130371566277454
-1.2250984988165747
-1.2253874302047976
-1.2085108582718878
-1.1739456003354576
-1.1257164778351099
-1.0710755215848478
-1.018940108429776
-0.9784599999245609
-0.9577620467298402
-0.9627645027751139
-0.9959769085987933
-1.0553626083757202
-1.133556325330984
-1.2178980151161252
-1.2917687437763483
-1.3375211151579176
-1.3408576461313757
-1.2958637297487385
-1.2091732417176946
-1.1011688757086517
-1.0020601190131604
-0.941654426236278
-0.9343285862519792
-0.9659975283443352
-0.9988610532392883
-1.023714637386842
-1.2102243395371666
