Predicted value
-1.3178754556865826
-0.9952710191201319
-0.8081922045951089
-0.5080367301596098
-0.16042780228092823
0.059383385067484085
0.0674182444859639
-0.08640120686697372
-0.2793552113335984
-0.39617957366132117
-0.37742217811657497
-0.2250094780172489
0.020824867858344476
0.3119040189461231
0.6135155845536389
0.9105834400620196
1.2012696189522316
1.4854557368733126
1.7556979251949159
1.9951198112752806
2.1824536240659924
2.301033494824445
2.3471398943519333
2.3337902837808144
2.2880988264076905
2.2425505788582143
2.2221009786789807
2.229914664326202
2.235817377988873
2.1746445242016748
1.9669510001893968
1.578006820668982
1.1192965694455452
0.9398282530555733
1.4956709110565143
2.4286918295628723
-1.1196153075382913
-0.8172067193112103
-0.7928779023583648
-0.695635799823842
-0.4877248507497516
-0.29262404345143445
-0.19568874194259855
-0.18159544289954788
-0.17290046860356512
-0.09428383849564526
0.08640658521780686
0.3530211957198457
0.660994121456417
0.9638807478203386
1.232112712795816
1.4581709255422535
1.6502989989536498
1.8211861342724855
1.9782787519845524
2.1197525600086404
2.236602049061018
2.3184988000632227
2.359973413536556
2.3640685444545877
2.3421211178996213
2.309742384403128
2.2797407265850165
2.252942072023684
2.2088936853734946
2.101978166189932
1.8748919280843293
1.5066253113852053
1.1023179954635918
0.9770623190455563
1.5274640133348552
2.3263746513928734
-1.042365129668756
-0.7199706608152248
-0.73633106944364
-0.7162555334981029
-0.5620919848407517
-0.3612914688655273
-0.1980368624108877
-0.07933825251087434
0.04259331789013032
0.21814441168228882
0.4645685536678634
0.7606236491115634
1.063349526510759
1.331150796783021
1.5403083374608748
1.6895112851775806
1.794015486032091
1.8749163882378177
1.9493338662206803
2.0251309691457813
2.1008224924646264
2.1690551834798946
2.2212083149992203
2.251147416370433
2.2572000661656766
2.242109983603509
2.210635363564645
2.164108726936945
2.0921951099033933
1.9661249040984963
1.7452373377338048
1.4154590681550303
1.0702984849579487
0.9909453035973392
1.5241190262798305
2.1967928567570674
-1.0514276575555241
-0.717114562444908
-0.719068150534997
-0.711018627557908
-0.5661496702386328
-0.34721953989189824
-0.13549668001131376
0.04822605067465613
0.2326921399229489
0.45310521908089285
0.7193457319784802
1.0100591545155337
1.2865526815659214
1.5128262089016369
1.67021086593983
1.7615382875149566
1.80597158819526
1.8291304991007502
1.8535224699238215
1.892519577503184
1.9486961260979827
2.01553488414518
2.080898972880644
2.131038152103291
2.154500672956236
2.1453687465629985
2.104491357000719
2.0366017776979968
1.942116520665171
1.8070006559925185
1.6027470995881439
1.3167841623531986
1.0270768637375953
0.9817173155523067
1.4863948982444386
2.041876901745309
-1.0889649036747246
-0.7700012920242929
-0.7416318526622407
-0.7196649178660866
-0.5685380034066898
-0.33384882321912057
-0.09243511286930994
0.12725757453629827
0.34218478213836034
0.5786423017186748
0.8435321232805859
1.1178154416095705
1.367841184197761
1.5627260744700364
1.6874412115921484
1.7468216939792929
1.761206438418013
1.757573502248786
1.7604739698327418
1.78565216355948
1.8372925976490646
1.9084345274858099
1.9836685193486088
2.0434866266944174
2.0698654847123774
2.0521452226859904
1.9909717342734123
1.8969538150165506
1.7816719782138901
1.6438475436716806
1.4632036903498737
1.2241596396545753
0.986221822733079
0.9657114500880692
1.4353611389536494
1.88624391897967
-1.1049242699937074
-0.8291186455231574
-0.7735088759299749
-0.733730547045139
-0.5778830169016742
-0.3389085429554597
-0.08771373426075746
0.14410908233712272
0.3667313528009921
0.6015426199376059
0.8549045022090329
1.111034522787731
1.3411176394013111
1.5184122842983894
1.6300514222977394
1.6810270774027338
1.6906987055185696
1.6850121093630794
1.6880990824335567
1.7158245824469138
1.7723191056934007
1.8494865862670111
1.929202228027393
1.9880564682563926
2.0043515848656486
1.9660495622059995
1.8766174195945138
1.7543664804705252
1.622015459838051
1.4889834572510319
1.3396483121118488
1.1516164197740424
0.9638235259439072
0.9625482744293046
1.3949013528364511
1.7559642416448562
-1.0699919102709634
-0.8555713887919216
-0.7815849226415414
-0.7297815175397089
-0.5783936742780602
-0.34999823319129764
-0.108092574031601
0.1159336679391556
0.32892589569536845
0.5498843341572694
0.7858782492701408
1.0245160962400275
1.2411959655312508
1.4122766441620338
1.5258046201102702
1.585547943846266
1.6083703176084079
1.6175400999235645
1.6350848630853614
1.6754683851406185
1.7417008674355685
1.8242474605619527
1.902944354681349
1.9521586986872377
1.9489571597136521
1.882615257772212
1.7616756335204533
1.613264664628173
1.4707176419022945
1.351951559226876
1.2426960328060037
1.110558632778484
0.9725089662713051
0.9868733804049592
1.381825989968541
1.6676998759944093
-0.9771637788038737
-0.8290994311278473
-0.7439245691359381
-0.6876513992679775
-0.5509671049973565
-0.34691796102225314
-0.13024868360037256
0.07030887812576048
0.26063298030792936
0.45887139286611867
0.6733417544036874
0.8947868165533458
1.1021016359202283
1.2738636914932064
1.3981453593504902
1.4766208360280468
1.52275387355143
1.5561520521696801
1.5957083756426504
1.6535472712796917
1.7309381156408268
1.816849252063541
1.8897527501874016
1.9232042826228786
1.8949633275637114
1.7976232869743565
1.6463030269878431
1.4773777303882114
1.3338226059217486
1.2397413379379931
1.1791920291955127
1.10719546289077
1.01804340645071
1.0445551928276338
1.4020983734848294
1.6253579905186193
-0.8370613940941717
-0.7478008891667975
-0.6538426627055294
-0.5982036903765653
-0.4836752729632223
-0.31380671267421323
-0.13352484701787115
0.03280110860572738
0.19162154672399034
0.3611044586233201
0.550941279873278
0.7545964802074305
0.9538170454718488
1.1287685736011657
1.2670462101428313
1.3678375127314926
1.4408348846862404
1.5015526380655486
1.565244918292961
1.6412103727671221
1.7286809518390602
1.8152159111286332
1.8785287936750539
1.8924795250085538
1.8369493616110262
1.7092150600147917
1.5317963330076827
1.350166493708628
1.2156033215101631
1.1560517756507178
1.151200705981104
1.1415040268968193
1.098532571783612
1.1323944981722383
1.4513012589736638
1.6215164845924823
-0.6707181153930215
-0.6235200052318668
-0.5182467870793872
-0.4644244054354651
-0.3750954857264432
-0.24406548350578489
-0.10578406191947182
0.0207826716017106
0.14355600406426322
0.28112884294183355
0.4444456951151659
0.6292442474154447
0.819612901159172
0.9969342666895524
1.148167956435624
1.2700212504451556
1.3684716525201046
1.4549384392947875
1.5409352866014892
1.632785337433831
1.7276145678342203
1.8117393137056579
1.8626193906954076
1.8552470376940873
1.7726032340610782
1.6174585573654523
1.4199919833043149
1.2341615155216747
1.1179658692361865
1.1009051094271947
1.1559828527587273
1.2077273289154433
1.2055944043543174
1.240108204920699
1.5175411576927977
1.6413054115133086
-0.5023208452983251
-0.47571674606154735
-0.35322923147498764
-0.29882847074223506
-0.23333422621190647
-0.14066073811304336
-0.04461282444001238
0.04168845901153781
0.12801737265984722
0.23345321972683059
0.36992122341942024
0.5349985107650882
0.7147432398000159
0.8916055979150675
1.0520240077466883
1.1905338540875137
1.3097699836556678
1.417368707574707
1.521292476014258
1.6249786002011868
1.723532466890091
1.8022285366734476
1.838669209004726
1.8095500700807297
1.7015464688683326
1.5232774664470479
1.3123940124511537
1.1303900823329898
1.0402767878407746
1.0709722647068878
1.1869091221101733
1.2959539378989267
1.3266667755387314
1.3534044111883465
1.5852976936679786
1.6669885986675472
-0.35336314114466805
-0.32564160195678116
-0.17896840437924652
-0.11935315976431467
-0.0729190795672758
-0.013886567280193954
0.044227585342277595
0.09405870936012022
0.1471969481807103
0.22301182612719997
0.33403811228447344
0.47928625449042395
0.6465256350397228
0.8192876850260788
0.9837932000066225
1.132916504553269
1.2665308472741321
1.3890095644897062
1.5051472317914554
1.6157444612829117
1.7140691729032325
1.7845631827934416
1.8052660533310232
1.7549322539133887
1.6242170780687568
1.4275877735202858
1.2096514517714783
1.0382735422465248
0.9797474024074505
1.0604958950964944
1.2349558374209733
1.3942013194181486
1.4476722313871817
1.4571988917840435
1.639132791898015
1.6820651996121836
-0.23886625338477785
-0.1918316448913302
-0.015218266475802267
0.05481404599483852
0.0889120909100467
0.12188149547698178
0.14963229223895125
0.1700173591874219
0.19607445782114252
0.2470760636912097
0.33572893544525784
0.46209438684810067
0.6154709166311083
0.7805852427527991
0.943852319455771
1.0971072242524516
1.238156937981847
1.3687490642018918
1.4910075016050635
1.6034410208605452
1.6977192526236484
1.7576536960302127
1.7619283698265369
1.6915412496584465
1.5411763150631002
1.3308874932454784
1.1114990066954977
0.9559708733514911
0.9322130660023391
1.0625170134010375
1.2903690425912266
1.490486090806884
1.555442879883481
1.5383228054374065
1.666586541299644
1.6742278592850326
-0.16574822982483267
-0.0873308378450916
0.12195628449069945
0.2066285231593153
0.23555864403230992
0.25141344509859037
0.25823039330176006
0.2581861948527531
0.26515345466161694
0.29778822105537556
0.3684900974305542
0.4780042431813965
0.6170165878359242
0.7716067131104127
0.9288332288714045
1.0801472954284685
1.2220208996071986
1.3542567467330697
1.4768552617364672
1.5864247675442005
1.6733017022394714
1.720855202284027
1.708551200680903
1.619687445427045
1.4528535784141918
1.2332491595680235
1.0170421204584423
0.8809815358783277
0.893057129978307
1.0701008828867287
1.3441514691458893
1.5745117410312992
1.6395318904213863
1.5873666366641102
1.6599476561490887
1.6369334875319579
-0.13304588365556724
-0.01860869201568762
0.22199825294997155
0.32342356817998774
0.35352984503987783
0.3612326455895605
0.357060604454543
0.3463729608278152
0.3431075318428038
0.36470915248043934
0.4227733411160727
0.5183718982615081
0.6434479071076324
0.7855892177418046
0.9329292398482557
1.0771631988051888
1.2141344301682797
1.3423685250306625
1.4602911688739226
1.5630116216011831
1.6398030315707068
1.6737629932487683
1.6452243647649683
1.539750108266548
1.3595959293574946
1.1345538039863123
0.9251985589020716
0.810797325741796
0.8580541197781543
1.0773314461577548
1.3891491539018856
1.6387729062067586
1.693249717965185
1.599555327801346
1.6168685901674655
1.5696496402019184
-0.13348891135277174
0.014115429974018505
0.2803400139622392
0.3979402922019278
0.4338707864064318
0.44133839735989283
0.43551340599242755
0.4236621966065739
0.4189485888196667
0.4369916561812304
0.4880934109965127
0.5733047101996533
0.6856874344414664
0.8144582733798245
0.949197721001498
1.0824017096444156
1.2099224126232675
1.3296222561301416
1.438867691321507
1.531654419965887
1.5964528179155746
1.6162425223626633
1.5722713795269057
1.4522732461567982
1.2618581062590195
1.0347977563144475
0.8351271551000365
0.7434390441082546
0.8239809092916129
1.079945617113082
1.420642601810746
1.6790268238606387
1.713934232837758
1.574735294011158
1.5399899484775252
1.4770363027635218
-0.15585440788177074
0.01556828701911963
0.29783550528144787
0.428316944580824
0.47260051972128087
0.48601588848958027
0.4864451816702708
0.48176502472922605
0.4835399866311199
0.504982454544981
0.5546456668559658
0.6332269917316375
0.7347507793404333
0.8501283772910998
0.9706750673796316
1.0901444400917106
1.2049375652925793
1.3127870361264549
1.410459336356999
1.4911891245524298
1.542886151338728
1.5485496262072622
1.4903661948273508
1.358110773205284
1.1603975394650412
0.934345360786019
0.7465303647592221
0.6777843863604296
0.7889293377416169
1.0755761025478452
1.4364551896169773
1.6941977824500776
1.702582661261026
1.516671679347576
1.435850220918324
1.367422209672716
-0.18755770452419845
-0.006404562431245837
0.27950797688046386
0.4173140455288543
0.4703579831603867
0.4938585104288402
0.5065299709063004
0.5156453714849625
0.5304344056694383
0.5612041781564656
0.614364437816003
0.6899512544928311
0.7827754391396146
0.8854452461275357
0.9912010319202881
1.09539648562552
1.195408747471358
1.2892783007055408
1.3735613740645372
1.4410409839818152
1.4792848874646984
1.471434945458411
1.4006257900877683
1.2585258610821077
1.0563896131299289
0.8340575217708651
0.6597802366822887
0.6136619813915147
0.7523266232441503
1.0636468819213865
1.4366670624349314
1.6858529812453964
1.66303928563559
1.4319096300482819
1.3133971978499344
1.2509553632113009
-0.21702836283795846
-0.042774936724062074
0.23297846192566796
0.37108606985969217
0.4315119424375079
0.4672073502587169
0.49600720466443865
0.5235403545927613
0.5561194464759227
0.6007713174949743
0.661452023207527
0.7372651705569027
0.8236166642720415
0.9147503123817442
1.0059220011017307
1.0943096268879042
1.1785758729444133
1.2574057201115487
1.3274596714730824
1.3813306642339667
1.4064371996369927
1.3861739679517668
1.304624872392035
1.1551988606651036
0.9514294644780039
0.7352784115074849
0.5758705937707546
0.5517394207407478
0.7147210353262067
1.0450128087644925
1.4230639321081844
1.6574203956210782
1.6009529193894232
1.328457908948049
1.182402877635894
1.137770111696731
-0.23554885761491592
-0.08504959994165548
0.16688920080170502
0.2977898135362029
0.36299532182826055
0.41123638573944865
0.45802231359738566
0.5065416870405504
0.5598101108805538
0.6213541800917791
0.6924698963282545
0.7711057952823326
0.8530641432814362
0.9341055763659755
1.011497517181946
1.0843524084094947
1.1528135847911538
1.2164477668943914
1.272259286919295
1.3128640278765908
1.3256976479812805
1.2945062234254379
1.204320549003768
1.050139267452383
0.8474268157437639
0.6397013594230797
0.49623444271293654
0.4932656060744519
0.6774174564777502
1.0214547544628556
1.3984607714421977
1.6133180653630272
1.5227026682854665
1.2145206825001649
1.052031513648174
1.0364387224045044
-0.23837362323928918
-0.12655024248396746
0.08955625513724069
0.2062645561940069
0.2730906373795497
0.33289603943853724
0.39775565612634695
0.4679148567420098
0.5429458344093362
0.6228297027091358
0.7061128061235856
0.7894244962444323
0.8687667589761006
0.9412510496075714
1.0060685685339072
1.0642733464482281
1.117579290892234
1.166579716068492
1.2087917705132418
1.2370209363339846
1.23886101439408
1.1984973729058597
1.101903955610436
0.9455247532956711
0.7464256798619082
0.5491572333585344
0.42248379930384505
0.4397405109545646
0.6420533494612348
0.9951390646795933
1.3660274115379591
1.5581390032775655
1.4344510980140046
1.0974478369051766
0.9297370870593311
0.9528825329620587
-0.22507891721389525
-0.16314809070322708
0.007994836348482689
0.10494725947982901
0.17033823408932616
0.2398874720734283
0.3215075268750193
0.4123156829597298
0.5085412065466501
0.6067563557783104
0.7027903050878432
0.7918540677344335
0.8699638834392687
0.935380608755381
0.9890614823607717
1.0339200670468958
1.0732385576568213
1.1086997653717772
1.1384392840544715
1.155576557450319
1.1479808586209121
1.1003548251056556
0.9996113808987251
0.8435038852960001
0.6503916571945194
0.4653758804577509
0.3561317248676456
0.3925822590868849
0.610195393110607
0.968131449089034
1.328714627603343
1.495996354471569
1.3414319013995326
0.9830085015084511
0.8205861651900548
0.8898220737530991
-0.19920610718002174
-0.19344539804035343
-0.07262646577753905
0.0011112704560718506
0.06267621059435358
0.13978819980184573
0.23586512803327422
0.34503071429832727
0.4605139519140973
0.5757912778350764
0.6841265819755196
0.7792804080422433
0.8571163386765699
0.9168198236393521
0.9609015047856335
0.9939794302848621
1.020824671168438
1.04420291477465
1.0629193338476985
1.0704946408942586
1.0551695645119268
1.002232637669396
0.8995312742361553
0.746001051641691
0.5610087443440617
0.38976687906991925
0.29834763980823825
0.35284733371511473
0.5830166289067572
0.942027696383401
1.2888433220986044
1.4300883520813767
1.2475242357078586
0.8750271546945922
0.7270261346416154
0.8467589564108555
-0.16734443800090426
-0.21847579426808517
-0.14912049883921907
-0.09955047483484981
-0.04313943862144553
0.03939642601958351
0.14703109978334084
0.27132811830828907
0.4030798621356911
0.5331392400496414
0.6524656948684713
0.7534015374643978
0.8315141970089105
0.8866765175967981
0.9227000301532949
0.9456958178132318
0.9617831177090951
0.9747475888646314
0.9840702257997707
0.9837290586885818
0.9624135138954892
0.9060578379518053
0.8034388395502524
0.6545557569906143
0.47951889288085675
0.3232541606579499
0.2497815791535555
0.32103992568503353
0.561089077096892
0.917733032594952
1.247882627078451
1.3624992242484821
1.15511569237654
0.7753646782933773
0.6490552910471182
0.8204129710543017
-0.1378506008419872
-0.2410500278391129
-0.22007840267489442
-0.19303035422425918
-0.14183680628216178
-0.05568588285908766
0.060349773409019106
0.19596636356082314
0.3402690753702405
0.4820916564889366
0.6104415988997495
0.7163324453117055
0.7949174187607635
0.8465164406487299
0.8759635380638164
0.8906109964925818
0.8977397624006175
0.9020494387680273
0.9036678456347894
0.8970610316010644
0.8714283419451794
0.8134013440141674
0.7126802071660772
0.5702174770056927
0.40662480887010477
0.2661840326748583
0.2104752607258848
0.2970254248903053
0.5443021946784172
0.8953934914382445
1.206410284267389
1.2942157431570003
1.0652156148224863
0.6841831639944073
0.5847051530532842
0.8054902831597478
-0.11942186094775753
-0.26490184401907063
-0.2854350696016556
-0.2768680756392414
-0.22969190425172192
-0.141248193889396
-0.019968492593629518
0.12287403276027048
0.2755863472121561
0.42568450911251676
0.5606454954994626
0.6702898466060266
0.7492632892628195
0.7980966323294825
0.8223545421360153
0.8303530473641539
0.8303171617113511
0.8277237180334366
0.8232923184309324
0.8119880753779875
0.7835681506792361
0.7254055314808668
0.628116608012725
0.49350489052101126
0.34246295350262235
0.2183111189500145
0.179861063396704
0.2800443233550112
0.5318967372724722
0.8744597908634445
1.16422388124273
1.2253127599597953
0.9777531190801891
0.6004057038953645
0.5307186793740355
0.7956342396374252
-0.11973045416968126
-0.2937923531808632
-0.345922319018036
-0.3498574141381716
-0.3044165338625035
-0.2144865698024002
-0.09095018978140508
0.05498837192959499
0.21181279373509146
0.36647991418235687
0.5054002053541259
0.6173695999007006
0.6964548669907498
0.7431708878808895
0.7635182246229023
0.7664866469337996
0.7610095217202102
0.7531847955089446
0.7442511467801474
0.7296693834494548
0.6997916235352225
0.64276968235537
0.5501280350590939
0.42442700215511553
0.28664182988242504
0.17885413484700194
0.1568366024008416
0.2688085765538759
0.5225886628842619
0.8538488242253701
1.1205560714459455
1.1552461328505104
0.8919805376373934
0.5222710907739259
0.4833003822142945
0.7844078212304301
-0.14429491145810558
-0.33071417895623484
-0.40252302341899665
-0.4116876111940823
-0.36494058596288675
-0.27389274074733727
-0.15082893954274754
-0.005776276061970783
0.15092938531560535
0.30645872182237766
0.44663424793699025
0.5594131506771319
0.6382291101351447
0.6833671622829837
0.7009748678222326
0.7004244316892013
0.6911152069928512
0.6796006126198719
0.6675553949802984
0.6509229066076497
0.6206789458484141
0.5657857757774952
0.4786672211048788
0.362555019516591
0.23833192948138704
0.146604629708914
0.13989379722343784
0.261653832766038
0.514749508401714
0.8321605048948562
1.0743409342046872
1.0831876150213209
0.8069022230194485
0.44788676539443123
0.43882331043978545
0.7661729550500722
-0.19571567965716952
-0.37730425173972826
-0.4560192191530912
-0.46259848521444225
-0.4111552671767014
-0.31907229797976583
-0.19892834734966475
-0.058466562064552884
0.09413323163919125
0.24700131328366445
0.38583762513738296
0.4979486201183481
0.5760928352705015
0.6201266645817848
0.6360686689638232
0.6333902749249174
0.6217174402855038
0.6078922408668204
0.5939383958585984
0.5762627908565396
0.5464872537134914
0.4944112479060968
0.4133492317778167
0.30712860871316344
0.1963887974645249
0.12006734129590148
0.1272774461271734
0.2567179400598424
0.5066079360253581
0.8079077468028761
1.0244811028083047
1.0083419742728341
0.7216585582762106
0.3756986169170311
0.3943998477413828
0.7367621253537776
-0.273345151667173
-0.43353232420767807
-0.5066975878585622
-0.5031081217712646
-0.4436708868186155
-0.35053995448226394
-0.23549954908023643
-0.10297120704261184
0.04191541925154242
0.18892995587603986
0.324076527752988
0.43418683476501163
0.5113091186352913
0.5546888745708303
0.5699581983569345
0.5664202838974906
0.5536991834680126
0.5387644462435502
0.5239026130526007
0.5059623874036286
0.47722927262911236
0.4283626735601502
0.3535597085716685
0.2571783592280195
0.1594894658562425
0.09761035369723997
0.1171488763730992
0.2521180440042681
0.4964408399516655
0.7797233987912323
0.9700743399268885
0.9301994858981808
0.6358126486340874
0.3048197067882805
0.3482537980183045
0.6938766845516318
-0.3734031066996665
-0.4976871659236516
-0.5542416986761419
-0.5338468227534542
-0.4636245840257517
-0.3695269831397978
-0.2615469280372495
-0.13987609060908485
-0.0058278026853567965
0.13258735617606868
0.26204423027102974
0.36905181850149393
0.4449154798319333
0.48810519560534055
0.5036321809772983
0.5003858188072648
0.4877768495639072
0.4727520545802112
0.4577794477020581
0.44012750477247553
0.41275959549871677
0.3672144876413146
0.29856540895135164
0.21164745414257666
0.12626437500446464
0.07760604113041983
0.10773423177522636
0.24610414423579094
0.4827299683585494
0.7465180650467619
0.910571540948109
0.8486941656170792
0.5495091549632615
0.2351876705421435
0.29986564435181434
0.6371885346100639
-0.4894939687935343
-0.5666394804776488
-0.5978068505166513
-0.5555049349876411
-0.4725532936046875
-0.37782060965378006
-0.2786638933791216
-0.17031571694915512
-0.04967228869556081
0.0779307470594112
0.20012887172973642
0.30322779963486624
0.37775710749404595
0.42126549373236044
0.4379356112465923
0.43602409143395215
0.4245387782134183
0.4102682941546049
0.3957883182941949
0.37876632100038543
0.35285505962726615
0.3104892036885347
0.2476134498074893
0.1694988449863479
0.09541091814807973
0.05854872390153283
0.09744310992892555
0.2371746776158127
0.46426967514550327
0.7075748448309673
0.8458532406151755
0.764256818365684
0.46349773631317637
0.16754859515412815
0.24989673307875776
0.5681623565161699
-0.6134374335624291
-0.6363245020841142
-0.6362443360780972
-0.5688788629199057
-0.47232853075545
-0.3776401193567576
-0.28888855859603785
-0.1958337323592812
-0.09054568505147595
0.024627229373209374
0.13848410426917515
0.23720925141044263
0.3105222648020659
0.35492525019988386
0.3735944331326506
0.37396498343978446
0.36447743697237167
0.3516443387068231
0.3380844626894694
0.3218456203862966
0.29727911195669754
0.25772926907423094
0.20000968557279838
0.1297987174395548
0.06577984761457407
0.03914087992781996
0.08495023482882084
0.22414801700319195
0.440221426026562
0.6625791119943424
0.7762262938352623
0.6777695491044591
0.3790346063431274
0.10329017996331194
0.19992762168803574
0.48965001538898434
-0.736292646923392
-0.7023613814337547
-0.6684205584941246
-0.5749817979800886
-0.46513475413172556
-0.37154202796723135
-0.29457871815203346
-0.2182563279076519
-0.1296159577907748
-0.027857385357211262
0.07709431401598416
0.17134559332613078
0.24377166504886372
0.2897253791668635
0.31123111882484805
0.31474668389745575
0.3080081929235486
0.29715312938028204
0.2847887829247513
0.26932694786447325
0.2458240826299293
0.20854488542236765
0.15517107263027577
0.09177178140637168
0.03643097858077523
0.018345556645906567
0.06923944231653874
0.20619137489531172
0.4101195395703827
0.6115918373616096
0.7023545968396966
0.5904426800697501
0.297692390060253
0.0441663079403333
0.15206799357757808
0.4053339206970747
-0.8494403873629572
-0.7607128990816174
-0.6935645932365484
-0.5751752831756987
-0.45346384668603285
-0.3623384611411991
-0.2982981826407473
-0.23957576265297456
-0.16818920559819836
-0.0801785309106266
0.015831150116790826
0.10587687653241203
0.1779580453016923
0.2262010080713433
0.2513675867799909
0.2588167577702689
0.25547144854345294
0.24701446580549705
0.23599694771879975
0.22118017084170796
0.19832920970964682
0.16263610327290845
0.11265095390368411
0.05482816304386247
0.00665911049249719
-0.004592550108000765
0.04961453090748583
0.1828144604207242
0.3738392271854481
0.5549824054724278
0.6251461584494602
0.5036445628385855
0.22111917463345954
-0.008032974060229847
0.10850849617455083
0.3191099655619496
-0.9455881034263349
-0.8082883630141988
-0.7115761999176105
-0.5712754300757427
-0.4400954249738717
-0.35300969568260443
-0.3027031122337539
-0.26183769658102385
-0.20761360311922894
-0.1330403347976522
-0.04549831529239168
0.04096033395490814
0.1134356926939638
0.1647790170218161
0.19441537528414105
0.20651871109947534
0.20711836770988531
0.20138176267210828
0.19176834233232565
0.17737527613452492
0.15467555569639482
0.11979075980550945
0.0721394284604413
0.01856489633182988
-0.024005677731027963
-0.03015159682329949
0.025684907544611186
0.15383874372086315
0.33154165945391745
0.49334070769316324
0.5456228042988015
0.41871881417508416
0.15079161115955664
-0.05180841855399798
0.0710878412607876
0.2345024919133465
-1.0195781358499083
-0.8434040131219165
-0.7232344646597735
-0.565593138076826
-0.4280361384846826
-0.3465936575894572
-0.3104176098237345
-0.287025732671678
-0.2491853592654678
-0.1871278022291054
-0.1071096672716887
-0.023310260136259787
0.0504619293685919
0.10576652040209973
0.14065546941518872
0.15806666132845676
0.16308299023918396
0.1603134401430029
0.15209799656091333
0.13785570952088827
0.11476134541940684
0.07986209816380732
0.03344309517020823
-0.017253034175368578
-0.05581744310969962
-0.05855538161472933
-0.002664761627338634
0.11935415474690618
0.2836113759177452
0.4273883864952912
0.46479822576386676
0.33682203119985066
0.08780421798986549
-0.08622222113005229
0.040941859228006194
0.15419406974069005
-1.068907595897949
-0.8660369337157245
-0.7302636590741938
-0.5608798325319779
-0.42039992857428754
-0.3460413551200563
-0.3238919928645923
-0.316939180122348
-0.2940540202597526
-0.24304154783871268
-0.16920325386526297
-0.0868899022663359
-0.010806500012787794
0.049333680858323924
0.09021158113071119
0.11351225659619325
0.12334514830410917
0.12373356033945224
0.11687624460069025
0.1024981169639996
0.07846268294390901
0.04273115722957059
-0.0035505254796478016
-0.052726430350977585
-0.08884723940740429
-0.089807231644645
-0.035312337234356964
0.07967371194492143
0.23059917731177534
0.35790586202895613
0.38358548873325116
0.25880871744209544
0.03272850260446969
-0.11107043737663247
0.018286254578399053
0.0797334018219118
-1.0939056859636516
-0.8778374805965284
-0.7352351648088208
-0.5601671001126011
-0.42022380623373173
-0.3540364768240302
-0.34524383667246633
-0.35306475402241244
-0.343127657346505
-0.3012349734865987
-0.23192934608880525
-0.1497704367764577
-0.07031933421887264
-0.004505542471349248
0.04302115192651418
0.07270863938218368
0.0876893653655103
0.09138714372635774
0.08584168582546421
0.07106409298783901
0.04558521609780936
0.0082594237742485
-0.03891847242054492
-0.08786499243722809
-0.12302390697295124
-0.12372915711925574
-0.07193699271108997
0.03529350292328303
0.17317937664244692
0.28568602074181987
0.3027474992367301
0.18518019186007678
-0.01443737298282652
-0.12693181910796988
0.002363707623949465
0.011457946350695549
-1.0975565076463287
-0.8818980296838287
-0.7413094921534029
-0.5665077156450575
-0.43022805951858967
-0.3727880388238671
-0.3760897010251723
-0.3964485952498016
-0.3969825315098723
-0.36195663705304437
-0.2953573312407957
-0.21197077618685875
-0.1281389816565291
-0.05591153263499702
-0.0011918039237160884
0.035276293560484534
0.05566509179511982
0.06279584214686351
0.05853326723476921
0.04314973793156647
0.015812387164636274
-0.023762897403509453
-0.07275274332785225
-0.122635240773561
-0.15817864700627182
-0.16000249656704976
-0.11205549006244542
-0.013138585419343415
0.11212488030629872
0.21151831006259614
0.2228946237656067
0.11610225744921258
-0.05422300079984384
-0.13508719258096688
-0.008438584832093107
-0.05136289015062553
-1.0849980268172108
-0.8823086133348333
-0.7518473114727043
-0.5826442521379985
-0.4525436919226991
-0.40381517668807715
-0.4173828856724771
-0.44758035971926813
-0.4557856709643608
-0.4252032915558059
-0.35945184979532413
-0.2735299931479077
-0.18444590068254343
-0.10523347858383189
-0.04293828561685064
0.0005753934232453637
0.02655352780081741
0.03721961158632977
0.03424729581198094
0.01813877992217658
-0.011344234499769141
-0.053667954903874396
-0.1052112056398192
-0.1570096319538798
-0.19409068939480714
-0.19820839689256206
-0.15505541615196147
-0.06484607592050423
0.0482980808526884
0.1361997232592422
0.1445241830940043
0.05148416246862301
-0.08755449232839271
-0.13732337216120402
-0.01631983677357115
-0.11018934014158663
-1.0627663232127569
-0.883558944254065
-0.7699398653407936
-0.610647125340942
-0.48844114977759
-0.44775114613452377
-0.4692781211280969
-0.5063049586471142
-0.5192414148737023
-0.4906908543330287
-0.4240599987371594
-0.33450484291840876
-0.2395426601566868
-0.15301799497116772
-0.08297685446990404
-0.03231089101917843
-0.0006538043520396366
0.013629993211803538
0.01200518307444265
-0.004834993492553743
-0.036587102749762394
-0.08195579234006727
-0.13656496603502621
-0.1910138878472723
-0.2305323981951456
-0.2378680583242189
-0.20022717563064307
-0.11894303331645403
-0.017349007459955372
0.06056300390547932
0.06808835501551398
-0.008899336248121649
-0.1155617569791912
-0.1356533438571493
-0.023686417231121172
-0.1667310894687198
-1.0378844522327997
-0.88986805320034
-0.7979243505097298
-0.6515742569252738
-0.5381011450125098
-0.5041977918633085
-0.5310465404007669
-0.5717788154964212
-0.5865735434423189
-0.5578507222829143
-0.4889136738516386
-0.39497314376467196
-0.2938560216562985
-0.2000095994890312
-0.12231356641882273
-0.06457757397024716
-0.027259464121990557
-0.009299253446484529
-0.009462110512705109
-0.02691005644050475
-0.06086168851596013
-0.10932930435124272
-0.1672380294057122
-0.22476957836490813
-0.2673124129111894
-0.27848328183017607
-0.24679765286000538
-0.17445492399277282
-0.08377470664276554
-0.014491613129865962
-0.00592859757093229
-0.06526865639424173
-0.1393586569057144
-0.13199780120521612
-0.03272092409664841
-0.22240049748742854
-1.0169138961778117
-0.904534624018151
-0.8369567133573735
-0.7052078377284791
-0.6004692632734726
-0.5716610961123342
-0.6010627588342768
-0.6424855919492888
-0.6565526318684526
-0.6258570030607411
-0.553649527590888
-0.45504314203069157
-0.3479353759110175
-0.24713999673939424
-0.1621851598345442
-0.09767855098850721
-0.054841866436668746
-0.0331781114174025
-0.03170662794110968
-0.04949788462482939
-0.08536620027792534
-0.1367129873075396
-0.1978344405436402
-0.2585283185265504
-0.30431475363035965
-0.3195772738182548
-0.29396806491371186
-0.2303469475852012
-0.14985750753637272
-0.08797597380987836
-0.0769450085788911
-0.11771211822738659
-0.1598355132869323
-0.12788030145170295
-0.04496781198013269
-0.2777871202412463
-1.005091491305263
-0.929401423561419
-0.8867115323815307
-0.7699190100489559
-0.6732304065526318
-0.6475924758603769
-0.6768801222675955
-0.7163210582035439
-0.7275736619434173
-0.693686383543485
-0.6178459312327165
-0.5148666125750271
-0.40244411677140157
-0.2955018887408478
-0.20402054532774572
-0.13328130738861907
-0.08520845645825946
-0.05985651753772581
-0.056526354709621765
-0.07425538066760828
-0.11153536114653714
-0.1652491125025069
-0.22914711932121
-0.2926927135003957
-0.34153034907881125
-0.36073397231451526
-0.3409566559266207
-0.28556359403019954
-0.21442353466613853
-0.15881779515648467
-0.14424790664154216
-0.16609866184539504
-0.17750263800828206
-0.12418824794530069
-0.06100465429984835
-0.33224335468865335
-1.0056650266831941
-0.9645155027854121
-0.9452660557633062
-0.8426986656057266
-0.7529271077806525
-0.7285495220212788
-0.7554005032672038
-0.7907485229308429
-0.7977821069550912
-0.760206923987566
-0.6810721704068705
-0.5746504104107815
-0.45813845650752166
-0.34630172980183743
-0.24937494129972454
-0.17318985792228675
-0.12031431218838265
-0.09134460070327073
-0.08589204943607782
-0.10302224626644636
-0.1409913463304124
-0.19626441523878735
-0.26214168271001576
-0.3278178212622249
-0.3790755831232747
-0.4016317529522744
-0.3870439016954455
-0.33907959863601284
-0.27629520398698043
-0.22589675413703406
-0.20700457269303654
-0.21005238025160913
-0.19241675494998953
-0.12104432975714212
-0.08025964456538597
-0.3836614144469188
-1.0195170261696456
-1.0080428856299326
-1.0092039402367625
-0.9193729601005214
-0.8352283839997038
-0.8104748706973831
-0.8331324073856862
-0.8630159274439806
-0.8652385521906995
-0.8242858716035993
-0.7429406376067986
-0.6346582082794565
-0.5158264410719073
-0.40078509133561874
-0.2998310086671058
-0.21923069377021936
-0.16214110624201397
-0.12969179695886762
-0.12183255002580384
-0.13771750018415221
-0.1754556467496559
-0.23120065588822272
-0.29790829468245583
-0.3645860250570887
-0.41719084543504537
-0.44206492429001176
-0.43161449675435004
-0.3899580087135659
-0.33435898801076175
-0.2881139810614636
-0.2643251297437214
-0.24900051940921253
-0.20421002889127576
-0.11781858071850149
-0.10101867821706988
-0.4285011501643856
-1.0451306409927625
-1.05646435573735
-1.0739458372436526
-0.9949975237608688
-0.9153348964761516
-0.889074565775859
-0.9065171570044441
-0.9304147668282913
-0.9281037073217593
-0.8849007837977808
-0.8031490482479038
-0.6951921557979627
-0.5762993497690838
-0.46012886033944095
-0.35686275943853296
-0.2730985521588323
-0.2125337937456655
-0.17682232287085925
-0.16627578496471393
-0.18019183336181963
-0.21661780706649264
-0.271504132012991
-0.3375757014417447
-0.40374856909714957
-0.4562115240218919
-0.481944800635451
-0.47418752243309215
-0.43740674905723764
-0.38764419478161316
-0.3444881045206088
-0.3153715044738012
-0.2822936923236497
-0.2122253471575163
-0.113291345834991
-0.12064086743346102
-0.4620980711812904
-1.0789075889250443
-1.1050409788264033
-1.1342817363166202
-1.0643974874096984
-0.9884842863246545
-0.9602598794917426
-0.9722895626632864
-0.9905512021239642
-0.9848189601869823
-0.9412341885404765
-0.8614978669036142
-0.7565441895774626
-0.6402291368236475
-0.525297128711756
-0.4216615232307829
-0.3361629567258432
-0.27299692512631607
-0.23432921860866687
-0.220847465055639
-0.23203708453766667
-0.26596126283656407
-0.3184730213195577
-0.3821847707309386
-0.44602936024674544
-0.49650522746748116
-0.5212722836132939
-0.5144248947298213
-0.4808220590230402
-0.43539961800206245
-0.3942635290913168
-0.3594977541256047
-0.30938325667547717
-0.21574353820684866
-0.10595442193194604
-0.13597212250328228
-0.47924405928418906
-1.115800348429307
-1.1484984135542489
-1.185047733314483
-1.1227947568246825
-1.0505006593256299
-1.0206017242266285
-1.0278290313281462
-1.0415929999360212
-1.0342540396784814
-0.99273104276489
-0.9178693055109749
-0.8189096232381542
-0.7080298324524099
-0.5968629370292083
-0.49492933862572014
-0.4092431041149484
-0.344459454015422
-0.30323631155408565
-0.2866365791251711
-0.2943611275666358
-0.3245532226542587
-0.37306771977226943
-0.43252454172381954
-0.4919915525286054
-0.5383729648580688
-0.560076618791035
-0.5521094501148834
-0.519806636231004
-0.47715219521910635
-0.4370112555687555
-0.3963981545002554
-0.3300282683419831
-0.21427084241432162
-0.09441431513858012
-0.14391573246782507
-0.4749933852908638
-1.1501748648822556
-1.181842760869576
-1.2218619398467736
-1.1664431818582643
-1.0983174949236734
-1.0677372080495324
-1.0714517342005787
-1.0824541015164093
-1.0757943506761676
-1.0391015046748604
-0.9721592868193666
-0.8822620500482673
-0.7796882635946518
-0.6748062456064573
-0.5766538919559817
-0.4923677964458606
-0.42702625756962914
-0.3837468986384921
-0.36394625621401444
-0.36754578891387596
-0.392814650870295
-0.43569811549014426
-0.48894210203971916
-0.5418751182468934
-0.581918887181971
-0.5983208307920796
-0.5870885489542723
-0.5541531893161176
-0.5127326075709899
-0.4727007632974523
-0.42623442449214044
-0.34449536506403794
-0.20784083542179974
-0.07784109481298301
-0.1420904265315624
-0.44560811536789774
-1.1767817508516196
-1.2011927863586735
-1.2418149454985605
-1.1931800372410835
-1.130396762896238
-1.1006659802603012
-1.1025961533286783
-1.1128830971098131
-1.1093471114694013
-1.0802596419048052
-1.0241629694861196
-0.946198548694322
-0.8545799090127804
-0.7583092693720671
-0.6658900677038709
-0.5845481506294025
-0.5197456500531721
-0.4750090030131799
-0.45205957836160354
-0.45101636922108496
-0.47029725628834734
-0.5060124272964447
-0.5511480556385544
-0.5954237060784922
-0.6269027930041201
-0.6357832495083091
-0.6191870477327006
-0.58379081929094
-0.5422578142653023
-0.5017243631830955
-0.4497135262943985
-0.3537113355646017
-0.1972766693764036
-0.05639187455157185
-0.1294840666090908
-0.3895245147804362
-1.1916890975684924
-1.2044986197456213
-1.2440035175343793
-1.2028016961396988
-1.1469711628831187
-1.119881549522129
-1.121864238054944
-1.1334333474381435
-1.135257806631386
-1.1162015180303373
-1.0734273479594723
-1.0097769684612408
-0.9312982251140128
-0.8455825119679049
-0.7605850487044209
-0.6836024026208554
-0.6204335340856141
-0.574938276302459
-0.5490610725728645
-0.5430624844606388
-0.5555055828709842
-0.5827235051284911
-0.6180506911033736
-0.6517304748334057
-0.6726009569766345
-0.6719357405388348
-0.6481043570262579
-0.6087019308085888
-0.5660698755189963
-0.5248634195843978
-0.4680935029979494
-0.3593313978468652
-0.1843589750262544
-0.03153227676261836
-0.10699851521126855
-0.3082002012573269
-1.1930234996243425
-1.1920194024389201
-1.2298050511600898
-1.197184671230092
-1.1500525418436287
-1.1273004579045551
-1.1308986715928808
-1.1453105942914432
-1.1541458801947555
-1.1468424894296334
-1.1190996266058169
-1.0713809965989747
-1.0075384862493932
-0.9337664365498781
-0.8574945661137574
-0.7860820433824827
-0.7256042225044369
-0.6801486910667927
-0.6517635745670411
-0.6407589847322374
-0.6458115829316398
-0.6635181498793455
-0.6876620971138216
-0.7091432707463619
-0.7177120862369266
-0.705851048071053
-0.6733225756371813
-0.6288299933995878
-0.5846431688708856
-0.5431984053408057
-0.4831067395387339
-0.3636968499594786
-0.17185323139519526
-0.006184305376935815
-0.07778124457374523
-0.20669456609981351
-1.1813812017251162
-1.1664542380243037
-1.2028161496722576
-1.1801009766878585
-1.1431776263741429
-1.1259793709737265
-1.1321021568384377
-1.1501169738368056
-1.1666890053727415
-1.171851174749544
-1.1598149577857304
-1.1286610276688256
-1.080087186856842
-1.0189617250939365
-0.9522442876743847
-0.8873536680473623
-0.8305622477306948
-0.7860449619718611
-0.755793809063868
-0.7400395384284041
-0.7375133466414481
-0.7451000187457749
-0.757125412354208
-0.7652765714617584
-0.7603535295789137
-0.7361813584238626
-0.6940638494588476
-0.6440111213075091
-0.5984862147854767
-0.5579802165776794
-0.4968066185909811
-0.369673072686693
-0.16336783483951334
0.015354349585140077
-0.047253669927729246
-0.09384530244984066
-1.1598097363224706
-1.1326625408843256
-1.1684210969838578
-1.1567177721089736
-1.1309003561030262
-1.1196444109184553
-1.1282343785700077
-1.1495352616989025
-1.173405299120959
-1.1905328660688355
-1.193678033737752
-1.178605783800038
-1.1449715259088626
-1.096441656861205
-1.0395885988613989
-0.9818874521587325
-0.9297048341505149
-0.8871253476852451
-0.8558845897080228
-0.8359703204992149
-0.8260852113777777
-0.8234132980090775
-0.82291041334726
-0.8171773440304906
-0.7981945835816685
-0.7612541788824239
-0.7093416158404711
-0.6539717210301643
-0.6080765926373436
-0.5704955948760948
-0.5113622142368371
-0.38038075684934874
-0.16303899893157853
0.027747135060251414
-0.022775248657774784
0.01806682243618598
-1.1333206023200875
-1.096969213558535
-1.133011940535586
-1.1328219926077612
-1.1180844014058158
-1.1120941802731141
-1.1219519300131822
-1.1450193446276247
-1.1744978418276404
-1.201823463006649
-1.2183952943765703
-1.21779660363243
-1.1978159503638657
-1.161088890137671
-1.113904882681884
-1.0637868873024898
-1.0170670180932826
-0.977525053378646
-0.9464029779984714
-0.9232531011346877
-0.90664925588973
-0.8940784926608659
-0.8812106317538189
-0.8616801939709896
-0.8287646334297739
-0.7793256199748481
-0.7181479476938541
-0.6584360574424327
-0.6138735918956763
-0.5819707558449115
-0.5288425169641955
-0.39885613264733505
-0.17506791091726914
0.02520333103126095
-0.012924531596034223
0.11422499455166425
-1.1079707368666172
-1.0661217698767815
-1.102945797120914
-1.1138652642364881
-1.1090938813674815
-1.1065718638596767
-1.115380038268157
-1.1375705024413219
-1.16983018340234
-1.2044509343623488
-1.2316030255560986
-1.242878467771145
-1.2344295865460566
-1.2080715295995166
-1.1699307430902253
-1.1275614148602635
-1.087106919410463
-1.051795247232724
-1.0221084873259771
-0.9969523373562403
-0.9746645977245479
-0.95303971159858
-0.9285453294715073
-0.8959599258491708
-0.8499497476551102
-0.7890107763074031
-0.7198032074979459
-0.6573767284094316
-0.6164483767899944
-0.5935593949220497
-0.5510417114683784
-0.4276950179630217
-0.20316465691276453
0.0022622997072812897
-0.026430112374950687
0.17875141959281765
-1.0896364704426604
-1.0460421618397016
-1.0833884742281024
-1.1039746754657633
-1.1070169849831277
-1.1052250632834708
-1.1098153553411856
-1.1276775831940355
-1.1590892064583085
-1.197299454245028
-1.2314065497198081
-1.251244883356648
-1.2516058755862585
-1.2337265121112728
-1.2037015610409716
-1.169091348074533
-1.135675118375291
-1.1058586228991008
-1.079081467048061
-1.053387620029369
-1.0267788692403617
-0.9973724619332643
-0.9625214438689487
-0.9182440777690526
-0.8606490302800909
-0.7898725246091145
-0.7144606272869476
-0.6514132430178405
-0.6167506568695054
-0.6064488737998024
-0.5793946811573636
-0.4687449412288439
-0.2499765344262414
-0.045309725525233206
-0.07084054839759463
0.19667147774049593
-1.0826864305329167
-1.0405842500001867
-1.0772457858704225
-1.1051109030415311
-1.113076977191886
-1.1087763814616922
-1.1056491523869552
-1.1154763270612564
-1.142157552149171
-1.1799674945219847
-1.2170937850096184
-1.2418753430148781
-1.2480523113079793
-1.2365512435134762
-1.2135761518365544
-1.18666331879772
-1.1610402165870992
-1.1380104935426723
-1.1156902935541109
-1.091062159555314
-1.061716746862835
-1.026132938469285
-0.9826443906980034
-0.9285839778408465
-0.861500770654613
-0.7830922727904144
-0.7037050881685403
-0.6423162431092837
-0.6164904479997044
-0.6220871290829764
-0.6150120402302515
-0.5229036829535705
-0.31658928502245587
-0.11962815237121018
-0.1510762768570899
0.1562077565286497
-1.0888243084772058
-1.050554692274679
-1.0844125549176042
-1.1165658051873373
-1.126378556834656
-1.1165054783790933
-1.1025638533939497
-1.1011344632117335
-1.119658913810175
-1.1534439360742252
-1.1899127714826143
-1.2161856468727106
-1.225286513677263
-1.2181207960060958
-1.2011537472345242
-1.181869805931682
-1.164758399423113
-1.149750901232407
-1.1333834183888147
-1.1114163783062707
-1.0809997180308348
-1.0410499821726342
-0.9909876896448105
-0.9295049811032395
-0.8555119243380752
-0.7720716995244546
-0.6911138722343407
-0.6335077969373322
-0.6185526533761465
-0.6424806230333664
-0.6588233183654435
-0.5900569008910372
-0.4021830629679297
-0.21993835461234276
-0.26805140120551285
0.051166689373380245
-1.1064009558342642
-1.0732652243132856
-1.10156133002495
-1.1349664506222477
-1.1440967734780918
-1.1265889073948119
-1.0999899812412421
-1.0853941844260089
-1.0935575973738945
-1.120739611953015
-1.153713307300026
-1.178660783036779
-1.1882444985181426
-1.1836588475483742
-1.1717983230604934
-1.1600813738946965
-1.1520922040301003
-1.1461527003503582
-1.137013445672548
-1.1191178569295286
-1.089213842548882
-1.0467831946976227
-0.9924528825986471
-0.9262768927886466
-0.8483435968364915
-0.7627327989081024
-0.682565408901678
-0.6303678353102783
-0.6272853056171871
-0.6704430393060464
-0.7117561499009532
-0.6691409410863768
-0.5038977604275322
-0.34213640404635837
-0.41758317234196407
-0.11688843247467176
-1.1304694389355057
-1.102842904387628
-1.12263693937929
-1.1548839051716968
-1.1621365692725913
-1.136756934765484
-1.0977181510030711
-1.070108425117169
-1.0675982471951861
-1.0872180204655677
-1.1151627812573228
-1.136955006556288
-1.1452678858002787
-1.1419178374002523
-1.1344200142082175
-1.1301399835933685
-1.1316286378400247
-1.1354195834642387
-1.1343520938725733
-1.121551672201038
-1.0934945287836275
-1.0504208395855434
-0.9942978045696333
-0.9264874705662403
-0.8479416476580435
-0.7632143502155866
-0.6860076671448556
-0.6400784991946653
-0.6484222125008869
-0.709595645960438
-0.7748060266387589
-0.7582544069040174
-0.6169169422405016
-0.47867410937914573
-0.5898195337694931
-0.3370396089590983
-1.1537593134832287
-1.1314198079716187
-1.1401121291206389
-1.170030951331431
-1.1761764434912623
-1.1451145248092542
-1.0964541783222979
-1.058508936369512
-1.047283667810396
-1.0602933151991198
-1.083184335009403
-1.1010962396168877
-1.1071038556595
-1.1040049996266448
-1.1001576130191917
-1.1029274556070376
-1.113761883549674
-1.1273099891762457
-1.1344809497514428
-1.1272023106309668
-1.1019225370337304
-1.0599114300635017
-1.004623876619669
-0.9386044982287148
-0.8631923210154965
-0.7826408190916296
-0.7103626057476446
-0.6706906001257786
-0.6883428121748041
-0.7638551894087751
-0.8487836343539547
-0.854678155359731
-0.7347270189513846
-0.6189280971628592
-0.7694140845506217
-0.5883952287401051
-1.1685649187108174
-1.151149185806833
-1.1468948087343909
-1.174881091448295
-1.182874107148425
-1.1508574417175887
-1.098011458558961
-1.0548750330479733
-1.0390462443690147
-1.0481491621952594
-1.0672793556773708
-1.0814738522451357
-1.0846205511425668
-1.0808848767804369
-1.0797224884528873
-1.0885985760156833
-1.107856380436
-1.1302641175287054
-1.1449101737143976
-1.1427865833406665
-1.1206896325164868
-1.08127819169174
-1.0296548836385782
-0.9693361612564785
-0.9013861433469915
-0.8287196905502378
-0.7632984235846852
-0.7291270394973751
-0.7523794665612787
-0.8361324969812464
-0.9334989053133079
-0.9546271198435291
-0.849472451498137
-0.750088132258865
-0.9366774836153587
-0.8408926854837125
-1.1692732930629353
-1.1567566249304297
-1.138573106040993
-1.166374613534507
-1.180886650252659
-1.1545334267518976
-1.1048007045918862
-1.0632865981980308
-1.0483329592100055
-1.0572463994338246
-1.074559559292555
-1.0854990936176332
-1.0851948006832597
-1.079583076053293
-1.0794935070281841
-1.0926269259299453
-1.1182875568311923
-1.1474686306337487
-1.1676830974942796
-1.1694035155278124
-1.1502919367281068
-1.1148507985205791
-1.0700034224872406
-1.0199352790228007
-0.9645757486683868
-0.9041878982275025
-0.8478253021856288
-0.8180199463034317
-0.8420228365754179
-0.9260664919950363
-1.0262084274245433
-1.0525981420460768
-0.952351683753375
-0.8586393785640167
-1.0699645816020782
-1.0580239260820736
-1.1549113542177643
-1.1480547808148365
-1.1154743084832766
-1.1452409351285318
-1.1712980297222209
-1.1575181544232023
-1.118378064907831
-1.0853277380977002
-1.076588202852132
-1.0887312941419274
-1.1057344147288122
-1.113320224244395
-1.108288485412292
-1.0987353139446205
-1.0971236830720428
-1.1115255511198892
-1.1403045861256724
-1.1728632764900726
-1.1955059104269767
-1.198748825305168
-1.1817798506098334
-1.1514978563873668
-1.116838146455558
-1.0822682061118196
-1.045538451690248
-1.0026960887907417
-0.9581760643637103
-0.9317184409442087
-0.9512496041905378
-1.0269270372597812
-1.119401071555179
-1.1403731569638018
-1.034151221479465
-0.9326375300391176
-1.1496696575651995
-1.2021080881439121
-1.1307020935805272
-1.131576046786893
-1.0838591624551444
-1.1164348240549944
-1.1571406350606384
-1.16059669765921
-1.137160989218588
-1.1170819596355455
-1.1177164600578333
-1.1345731388861373
-1.1511296848702437
-1.1539098992174588
-1.141761665326253
-1.1252432049579375
-1.1186102892675236
-1.1303559619198853
-1.157957055251488
-1.1894223253834908
-1.2102858796252458
-1.211785663110326
-1.1954215419152407
-1.171140406741555
-1.15011572717254
-1.1366603622673455
-1.1251736392309595
-1.1057563188066442
-1.076379252145537
-1.0526533061195997
-1.0629463457710666
-1.122469722043792
-1.198549972349166
-1.2062010295747885
-1.0864009427624715
-0.9652982652482769
-1.1644809140369499
-1.2429941381822451
-1.1072494267287594
-1.1202905852742218
-1.0555726543101995
-1.0883727997335582
-1.1420766326243692
-1.162110074633211
-1.1541778837837322
-1.1467003058606862
-1.1557254856274524
-1.1755484837103767
-1.1892614599091784
-1.18443901984437
-1.162201433477592
-1.135647630185324
-1.120730785830717
-1.1261721386724846
-1.148423317399323
-1.1741815315401416
-1.1886199629302885
-1.1844206757966154
-1.166271846519538
-1.1479180055031355
-1.1430689894221873
-1.1554752471054934
-1.1750101171636738
-1.1841089485383458
-1.1725348716018678
-1.1507106088897272
-1.1477259564492206
-1.1857027110660736
-1.241492114318258
-1.2355767406907487
-1.104402338853819
-0.9610802551860429
-1.1211134845845683
-1.171581357090985
-1.0957267153228862
-1.1304047347490531
-1.045774443792272
-1.0712332611881301
-1.1291561507931505
-1.1572487895885892
-1.1571055187222168
-1.1554695951663714
-1.1671438180858829
-1.1853172906126055
-1.192837554814055
-1.178400623549134
-1.1452767393878283
-1.1087216623094065
-1.0857739827361605
-1.084683588370826
-1.1002990303224607
-1.1177574431076316
-1.1220785276289966
-1.1080351568397724
-1.0844082328001754
-1.069589697487956
-1.0802673434926078
-1.1193968581534754
-1.1713765421824682
-1.2095865000715875
-1.2143511916110938
-1.1906262584564757
-1.1695944539668126
-1.183482866988708
-1.2228486394151545
-1.2165877045989504
-1.0947418527452513
-0.946627006078888
-1.0597743492877143
-1.0204567644527458
-1.0974859419826348
-1.17466390677985
-1.0691885065768876
-1.075785574885872
-1.1221519285096608
-1.1420315988056213
-1.135168246042257
-1.127978818240253
-1.1348121931036115
-1.1481577675037702
-1.1506733406863905
-1.1318314067625774
-1.0962546720697706
-1.060121408164738
-1.0400110600106327
-1.0420813163980736
-1.0581730351287764
-1.070946441406571
-1.0650036930442202
-1.037592179766401
-1.0024252647219587
-0.9835037244338363
-1.001203273083684
-1.0578754320788608
-1.1320991308793307
-1.1876560905559312
-1.1953729336576604
-1.1560330554857021
-1.1062774545267278
-1.093931295420676
-1.1296888198024053
-1.1553054660149744
-1.0921371178305765
-0.9909113474042659
-1.079357237008951
-0.8954904903615617
-1.0870656703517554
-1.2526780005292082
-1.1369351362633253
-1.116360682661103
-1.134631994642902
-1.1286717803646695
-1.1011231604120013
-1.0810981141024953
-1.0842076648466659
-1.102901703407678
-1.1193693545552534
-1.1226899646341693
-1.1168392299186252
-1.1162326505165936
-1.1338819396082442
-1.1706879629471132
-1.2126750312600976
-1.2379402010159026
-1.229534435918346
-1.1870275949602487
-1.129711727496435
-1.0883006000906974
-1.0880413931073534
-1.1316872636351007
-1.192848759401386
-1.2268096315053398
-1.1970152462088564
-1.1041440566002336
-0.9970134100348318
-0.9482853344922972
-0.9988869875356272
-1.1105646860342944
-1.193950702393991
-1.242050631683398
-1.379150535590199
-1.0247082524991598
