Predicted value
-0.9646494816548637
-0.6902079108757287
-0.5506332891288982
-0.48675485880709557
-0.4507284943573523
-0.4097578618945328
-0.34566547982871443
-0.2521584896945397
-0.13113547109821266
0.011036524947482751
0.16668774788772966
0.32914093818787304
0.4940338858940404
0.6597227420277716
0.8269253567569425
0.997826614803584
1.174893596319028
1.3596437643178967
1.5515806215545926
1.7474647442889846
1.941030141561642
2.1231928602231394
2.2827370118763506
2.407409291935125
2.48531294701708
2.506472378712221
2.464446503242557
2.357908971490595
2.192192746166335
1.9809216863430477
1.748029058061341
1.530698627018782
1.3840645493682748
1.388878013182507
1.6637978500435289
2.384495487326164
-1.1634380961771593
-0.8647656174940437
-0.6876903705724121
-0.5793875867272097
-0.49610842192070953
-0.4075986569626763
-0.29721998116108284
-0.1596351757429949
0.0025804109731188407
0.18245635097321755
0.37167156293443615
0.5627978057708178
0.7506263027333253
0.9326176320083944
1.1086215834697422
1.2800770899499778
1.4489289489514343
1.6164942109495004
1.7824831771962892
1.9443342770475143
2.0969650361508663
2.2329792561896395
2.3433097581108093
2.4182229477218344
2.448572399055128
2.4271699708130607
2.3501510283594103
2.2182514919551237
2.037995025086941
1.822915068646548
1.5951149712254535
1.3877065167363012
1.2489690617948574
1.2494446206380163
1.4936349286519088
2.138501130680143
-1.2700159310712715
-0.9661240404790381
-0.7707706394176602
-0.6371895852944647
-0.5254831545210148
-0.40772061672077325
-0.2685973613870207
-0.10353172816133349
0.08442265937685839
0.28788936735106097
0.49808996782410797
0.70703142425114
0.908830785297343
1.100204613607258
1.280257792302256
1.4497704507635132
1.610209086469358
1.7626848851379506
1.9070551110187064
2.0413186067185065
2.1614002612813374
2.261358130202325
2.3339870754890844
2.371740691624548
2.367855248175894
2.3175417656735844
2.219121502092683
2.0750224166453126
1.8926359494782294
1.6851610641026327
1.472742297804606
1.2844469077333922
1.1619294406813092
1.1660065465928366
1.3878169534114337
1.9667775778305996
-1.2992639478536145
-1.003891849175705
-0.8044057492412182
-0.6598346860981039
-0.5339133057896064
-0.4008420370668778
-0.246471056668823
-0.06680036785112903
0.13481144125012268
0.35075574607341303
0.5719694317785373
0.7900623369999237
0.9986345628240424
1.1937988948122142
1.374031432434723
1.5395382870073528
1.691354249967137
1.8303870019299155
1.9565940832782345
2.068435832873754
2.1626921767136804
2.2346708667954323
2.2787758859576863
2.2893536008689095
2.261697216476201
2.1930735149476703
2.0836461042803154
1.9372128101423502
1.761757773013931
1.5699476151229823
1.3798820718832432
1.2166490943694324
1.1155389766494155
1.1281478983752662
1.3330547527539067
1.853292606713374
-1.2663274896558074
-0.9888940048470383
-0.7952404569829241
-0.6499489946339854
-0.5201908914676274
-0.38212947676508624
-0.22261534339980626
-0.03808067307404572
0.1679606201785574
0.38781920073728726
0.6122995109901779
0.832763998888943
1.0424381133243668
1.2369596580279523
1.4142845494805836
1.5741264368541206
1.7171363661671364
1.8440270604411249
1.954820796538316
2.0483566413865
2.1221383192897902
2.172544571826848
2.1953658962895517
2.186581361555211
2.143253155553993
2.064400969930077
1.9517296289399448
1.810127874923941
1.647940285667691
1.4771442734777673
1.3137463556711506
1.1789527452601645
1.1019751427436149
1.1257097689304827
1.316982518464671
1.7835919880276587
-1.1859076432410505
-0.9323444934017451
-0.7510953886102234
-0.6120724352331856
-0.4857084632648982
-0.34998333267166337
-0.1926162296353975
-0.010344664152929922
0.1932896189093913
0.4106469748843449
0.6325321979133595
0.8501927983543347
1.0566072659254986
1.2470557648836802
1.4190747484161408
1.5719630156657758
1.7060361202499261
1.821825127612913
1.919390863911696
1.9978823552123584
2.055414476412412
2.0892812683398887
2.0964642927546695
2.0743461323303016
2.0215040599654674
1.9384443528030886
1.8281500649615656
1.6963606530466997
1.5515870238541594
1.4049966981308204
1.270487211678638
1.1655079592967406
1.1134977819060223
1.149184056525316
1.3284452264091877
1.7449789584542539
-1.071741412140769
-0.8452176654473942
-0.6802373755475526
-0.5518360038524462
-0.4335512682179362
-0.3050529459825071
-0.15481757875771407
0.02021797442556965
0.2165910268122382
0.42682223536773384
0.641831104342713
0.8528661003799708
1.0527722590683601
1.2365780886007631
1.4014931810552986
1.546474579630609
1.6715499747671059
1.7770855673162853
1.8631622966193802
1.9291824393645727
1.9737756952484853
1.9950161416125431
1.9909052151978366
1.9600275188030918
1.9022521077791128
1.8193383397893823
1.7153187249501451
1.5965778461741524
1.471632685120003
1.350751941433553
1.2457365257989508
1.170426694534305
1.142809628910538
1.1899809998815638
1.3576715523291871
1.726591346086928
-0.9362412219378007
-0.7377882482193378
-0.5908270160156948
-0.475324018125433
-0.3677814034488196
-0.2494499347439678
-0.1094709303826995
0.05510625571496573
0.24098581590816842
0.44094083398475514
0.6461024981533917
0.8478203445387482
1.0389057610001373
1.2142304111135473
1.3707613848759659
1.5071820999490446
1.6232786188963801
1.7192714677246697
1.7952495929536514
1.8508221322527596
1.8850515512337012
1.8966747701174167
1.8845635225409776
1.8483277085746523
1.7889322789214948
1.7091855711110902
1.6139713651154357
1.5101445890480445
1.4060979392970767
1.311140037429458
1.235011482325258
1.1881096240999396
1.1833024402862375
1.2405928883171329
1.3963538954165622
1.7193970814047779
-0.7902672745942175
-0.6193130947399863
-0.4905161200171877
-0.3885936613064507
-0.29288594495521136
-0.18613145694821104
-0.05806049180304084
0.09423455068394015
0.2676950260298401
0.45542140158811323
0.6488372199283938
0.8394782451031044
1.0202088795436295
1.1858278514910818
1.3331358393180264
1.4606054736776823
1.5678253949660161
1.654891095939415
1.7218925013362605
1.7686079818443445
1.7944631225775969
1.7987564202147739
1.7810995219493915
1.7419729972440938
1.6832663039136009
1.6086589271181986
1.523714987274212
1.4356122845188317
1.3525151270438438
1.282734732176055
1.2340078463713042
1.2134698571436708
1.2292094202117114
1.2946738526489712
1.4376546014165288
1.7161263401706397
-0.6430090771097003
-0.49783054925043313
-0.38617051454538887
-0.2973269375883976
-0.2133638517750785
-0.11842793196508067
-0.0027775962630420467
0.13650544069723414
0.2966539609647083
0.4711549240420483
0.6517896958615836
0.8303513365546971
0.9998313917446158
1.1550290042730307
1.2926463273301627
1.4110025297355906
1.509530493453188
1.5882219661576458
1.6471648016421205
1.68627635190632
1.7052864207316072
1.7039678032743206
1.6825586735302018
1.6422752952814441
1.5857820761731978
1.517475212718215
1.4434524401364421
1.3710910588406255
1.3082458129191443
1.2622136989831387
1.2388007400763608
1.2420725228328278
1.2756822205491263
1.3470532641548545
1.4761551310560703
1.7111562523324328
-0.5019550963005804
-0.3800559401273887
-0.28369632228697017
-0.20659279634464753
-0.1334290891678847
-0.04969239144551612
0.053878432316024245
0.18025201342110134
0.32699229766884497
0.4880173131223168
0.655517631700382
0.8216014819866608
0.9794498050955311
1.1239253555093536
1.25169158834367
1.3609658973478247
1.4510641279471983
1.5218955406196697
1.5735458957129893
1.6060474252911192
1.6193845045861706
1.6137291889680792
1.5898477958664665
1.5495747386279357
1.4962192147073068
1.434760467712612
1.3717045354910131
1.3145260184958676
1.2707088079537916
1.2465362556945656
1.2459703007558331
1.270206945868652
1.3188085535087697
1.3936980602018927
1.5077627430389289
1.7003619677290778
-0.3729319417111905
-0.2713541677537201
-0.1879502882313739
-0.12069964773120147
-0.056809881938046536
0.016948900232534765
0.10939359929920123
0.22357038506871063
0.3574010442201535
0.5052660221702868
0.6598035134788621
0.8134825082996482
0.959724415008036
1.0935091049795567
1.2115133183950864
1.3118986837477802
1.3938994922636665
1.4573631855621278
1.5023756144140212
1.5290648622437215
1.5376281529067053
1.5285724320962706
1.5031069793313379
1.4635822266918683
1.413839185139011
1.3593248632235024
1.3068471600878202
1.2638942787450216
1.2375350905097888
1.2330544410048305
1.2526674762081977
1.294906037384082
1.3555843802910976
1.4316372706276408
1.5295872480935484
1.6809458895606728
-0.2601967582082878
-0.17577264075104532
-0.10271701979644492
-0.0431207873911731
0.013373692703277122
0.07876261581540041
0.1614450343659771
0.2645609316098743
0.3864049835061384
0.5218394604006613
0.6639767487896479
0.8056808451443619
0.9406542424579082
1.0640382496630005
1.1725673082054993
1.2643876526818203
1.3386840573988887
1.3952617718329763
1.4342104290882407
1.455739066427004
1.4602227796014045
1.4484482968999903
1.421994258372763
1.3836385744540152
1.3376562700037786
1.289863048475637
1.2472787903308564
1.217337683796032
1.2066640284435506
1.2195713067009224
1.2566332391062576
1.3139255797625942
1.383852722843319
1.4588601330042572
1.5397985360050228
1.6512550645726625
-0.16656862426676383
-0.09611993520848224
-0.03073813292769677
0.02352262067089374
0.07466942868483933
0.13350724831852215
0.2080354140953827
0.3014945737901681
0.4125571031123542
0.5365758256290448
0.6671531517509109
0.7975719186579205
0.92184661565251
1.0353156704362798
1.1348084050520473
1.2184904995559447
1.285525680724051
1.3356952360945242
1.3690971942392376
1.386009964188234
1.3869572442357654
1.3729584467780342
1.345898095209816
1.3089049850797199
1.266603718511719
1.2250938721835827
1.1915318987507244
1.173244243356588
1.1763934346177993
1.2043584370537057
1.2561826831854535
1.3256942922991353
1.4022193829906746
1.474197451926699
1.5374738756055677
1.6105950491257035
-0.09358670693126286
-0.03407751365327233
0.0262197352698032
0.07743438103155104
0.12530371033256313
0.17947865126320536
0.24757018399434694
0.33291847993630097
0.4345695318925416
0.548365997229069
0.6684065000423685
0.7884070805785558
0.9027161945733181
1.006897005586454
1.097904033635972
1.1739518773346385
1.2342080681363505
1.2784464980505903
1.3067786401202197
1.3195433079208843
1.3173883301690354
1.301525603059901
1.2740908800364033
1.2384977201548653
1.1996475959031305
1.1638516130812748
1.138339973014193
1.1302895647688025
1.1453942660362215
1.186143009750842
1.2501637931935343
1.3292439211050961
1.4099542380582588
1.4771942718419473
1.5224424327397839
1.5590470471759026
-0.041684725534117784
0.009666350892718237
0.06726927185276718
0.11758348142783456
0.16415508240688137
0.21551435265050123
0.27888992292744097
0.3577137209669143
0.45139367465976676
0.5562533037485399
0.6668850678108685
0.7774440327022739
0.8826264217230434
0.9782402854493583
1.061389209260905
1.1303610339457097
1.1843483462076414
1.2231323562827712
1.2468430730273146
1.2558727666120457
1.250972929185644
1.2335136583922177
1.205834951286046
1.1715781608191749
1.1358591875247304
1.1051392091204062
1.0866702443524343
1.0874479583301506
1.1126991987049177
1.1640731591643858
1.2378991526837217
1.3241270956392641
1.4068853090868878
1.4679804890770145
1.495133037660418
1.4972937340735908
-0.010372929065941354
0.0352696397411019
0.09228874839048015
0.14362156980531582
0.19070084856834302
0.240967078608493
0.3012685100550526
0.37511572818024475
0.4622605527389536
0.5594912972094687
0.6618843582813462
0.7640320302655916
0.8609847107581279
0.948808636709757
1.0247743178843387
1.0872622713614766
1.1355078601004518
1.1693123544682587
1.188829121886163
1.1944984602060447
1.187158378929696
1.1683079527709892
1.140451078172274
1.1074079090622209
1.0744552872224884
1.0481524689547665
1.035730737147818
1.043981430175831
1.0776728701545601
1.1376689867801486
1.2191174631169726
1.3103293301251782
1.3932914612655207
1.4471447210285446
1.456429955546785
1.4264579334023617
0.0015796977682146478
0.043584317846922904
0.10179822795675421
0.15578604725638093
0.20494533970913426
0.2556563827839551
0.31438621201244255
0.38470686065169224
0.4666908141644924
0.5575691230873125
0.6528857189520669
0.7476616100997331
0.8373011513123062
0.9181358370341033
0.9876154163938757
1.0442279231153553
1.087265808555539
1.116561115377018
1.1322948865827658
1.1349511236588297
1.1254399422220962
1.1053644776965714
1.0773579209821482
1.0453771686745228
1.0148143079834868
0.9922828769190986
0.9849588994110402
0.9994134466355377
1.039970273786432
1.1067652796820728
1.193880488787515
1.2881803152917817
1.3697983906525661
1.4156155733454199
1.4075402662710892
1.3479571972229054
-0.0040310882835467516
0.036005021535991964
0.09683236125474853
0.154795734837335
0.20733709298782127
0.2598058729270907
0.31828540056344207
0.38638897984469656
0.4644824674915157
0.5502126657096846
0.639569114703516
0.7279871847031258
0.8112191076148771
0.8858631051466163
0.9495554171872248
1.0009021651732621
1.0392639539939121
1.0645122765088324
1.0768594908216684
1.0768297459047125
1.0653930898472719
1.0442354607415536
1.0160896868650802
0.9850133642076034
0.9564748893630212
0.9371053582026525
0.9339978494052867
0.9534931506813793
0.999488608233529
1.071450840482645
1.1625099091988582
1.2582685387480277
1.337281471038415
1.3745533937676069
1.3498754365667789
1.2633763474577775
-0.025010958298950413
0.01432374803455019
0.07881515599015813
0.14174480719677562
0.19868091181389289
0.25397225113827093
0.3133153327391858
0.3803426487168794
0.4556831119153867
0.5373683677336374
0.6218070544075115
0.7048295661201138
0.7825248148777388
0.8517542426046318
0.910343258200504
0.957022719210617
0.9912293981189422
1.0128809229302005
1.0222238144962885
1.019819312806541
1.0066870450391958
0.9845775934031938
0.9562980245247935
0.925975798192244
0.8991225355037453
0.8823562487088892
0.882665171131568
0.906154629352727
0.9563168251541173
1.032008295419214
1.12551754809444
1.2213622852726451
1.2967780743111672
1.3252546684785935
1.2849487637773351
1.1743591621530725
-0.0589192722794563
-0.019405534854021193
0.049440970375453475
0.1179995456676168
0.18004963084696063
0.23897123330776626
0.3000712709236367
0.3669784155895355
0.4405522780603232
0.5191754638527495
0.5996455090864845
0.6781643280938823
0.7511419252675401
0.815695095779164
0.8698370173325627
0.9124263718475727
0.9429812857501627
0.9614702942066788
0.9681760720269659
0.9636941859117393
0.9490849630738827
0.9261480938611024
0.8977431446883988
0.8680411061928813
0.8425687938904002
0.8279057085830495
0.8309182051786493
0.8574748652776116
0.9106861746989457
0.9888573258953638
1.0835415507873052
1.1783391957669904
1.2494111313261833
1.2690703977849134
1.2142895797828914
1.0825196293803956
-0.10320487286450003
-0.06298944571103299
0.01056496795770383
0.0851014423707149
0.15269938270218023
0.21580438078282746
0.27933218387316755
0.34688460374169805
0.41951845280434796
0.4959313273501093
0.5732766187418105
0.6481008757801175
0.7171159189928851
0.7776822743007596
0.8279959031532121
0.8670432126667869
0.8944262863690647
0.9101675376974799
0.914586908261472
0.9083116648893157
0.8924351474871405
0.868792837576939
0.8402782088925494
0.8110833404374959
0.7867265727859792
0.7737279239780227
0.7788189059615909
0.8076331500082191
0.8629242137141192
0.942503456935645
1.0372902931362242
1.1301257999811922
1.1963249624471772
1.2073390770536034
1.1393744209153016
0.9893725379969068
-0.1553237332080828
-0.11420289070951539
-0.03589462878548981
0.04467927934856675
0.11799124888802415
0.18558995764055772
0.2520003456565315
0.32077510048955915
0.39313443225327643
0.4680536979502723
0.543007055044019
0.6148561637642933
0.6805923700208139
0.7378051398884157
0.784865136259849
0.8208835822790277
0.8455467984080425
0.8589323842853277
0.8613977967397911
0.8535994052763115
0.8366568398815547
0.8124299369553742
0.7838301913919321
0.7550516901559043
0.7315843889625201
0.7198716527155211
0.7265005660242353
0.7568739862495876
0.813414011958893
0.8934938282404121
0.9874951208807612
1.0776477777811169
1.138633772021551
1.1413343005165766
1.0615747890788938
0.8962826227621076
-0.2128375522365324
-0.1708806687854823
-0.08804094004388514
-0.0016279928075169938
0.07732137094434571
0.14950011452917927
0.21904533237359816
0.2894398188174057
0.3620338238606658
0.43604273503180513
0.5092250825560375
0.5787261796190986
0.6417922345911943
0.6962242614400082
0.7405569220593726
0.7740209137115689
0.7963850200660254
0.8077818292551746
0.8086057407992517
0.7995395890156433
0.7817233574648398
0.7570314009338873
0.7283796822593014
0.699948124784466
0.6771816312714181
0.6664329804833916
0.6741380372623886
0.7054748545851134
0.7625596606307141
0.8423807641746487
0.9348724314744902
1.0217911410753726
1.0773826634748582
1.0722264941890949
0.9821206452940064
0.8044310258167284
-0.27349305870379303
-0.230992419496718
-0.14406862809376797
-0.05223644955461774
0.0320608931971504
0.10870598926402676
0.18145420065565374
0.25369978483686495
0.32689079611297545
0.4004451160415174
0.47236863644278826
0.5400575861688333
0.600986608421593
0.6531488129257397
0.6952300004999763
0.7265729403720967
0.747025326787688
0.7567732049098098
0.7562465905370994
0.7461520676203237
0.7276446857722438
0.702604850782547
0.6739414584083624
0.6458066192512868
0.6235863141937189
0.6135315594904233
0.6219225020354259
0.6537196623893743
0.7107586496981826
0.7896934424999082
0.8800951164432038
0.9633740579671091
1.0135205858582303
1.0010578641472925
0.9020783838724036
0.714797471660985
-0.33528235578355614
-0.29270093378919093
-0.202319628690986
-0.10566993334567204
-0.01649349959892275
0.06433169962724743
0.14018901176629392
0.2143681798665347
0.2883845465590082
0.3618217703013507
0.43289610410583024
0.49922128539397836
0.5584727696880869
0.6088147643909784
0.6490696357597209
0.6786831261861389
0.6975767838968585
0.7059874270180362
0.7043786924546448
0.6934781110510126
0.6744510578680647
0.6491767039731603
0.6205470977303896
0.5926750830424531
0.5708762731696281
0.5612910954766045
0.5700413585739562
0.6018782226675012
0.6583812303455923
0.735917532361268
0.8237729750429862
0.9031286566341431
0.9478842629575678
0.9287293121664647
0.8223417278176489
0.6281562729261745
-0.39648511598630876
-0.35440433748096745
-0.2613246485757851
-0.1606003232884684
-0.06715820379935693
0.01741767952119638
0.09615233500937208
0.17221813114343024
0.24716942065946707
0.32072029771853594
0.39126095626977175
0.45658912491104564
0.5145527839287001
0.5634651776409363
0.6022693735151979
0.6305036426182361
0.6481570976282554
0.655513678731403
0.6530680780797107
0.6415658939441838
0.6221785600948982
0.596777758119479
0.568230444192011
0.5406006610660637
0.5191243146279031
0.5098244260489031
0.5186633792594735
0.5501917229702621
0.6057565106297993
0.6814823243708992
0.7664413840008368
0.8416918432723657
0.8811918768738422
0.8559978166368566
0.7436337582186763
0.5450840838141964
-0.4556938275647948
-0.41476306055708423
-0.3198310772735849
-0.21587573954078257
-0.11889066379371653
-0.03110662983570859
0.05016091850853486
0.12795759450051697
0.20385115936556278
0.2776526645984853
0.3478909141372595
0.4125145085996106
0.4695154883451848
0.5173334613463513
0.5550154395634911
0.5821807675656421
0.598878863354401
0.6054363575778314
0.6023759674015818
0.5904584290762951
0.5708573925434601
0.5454317060959607
0.5170163429944589
0.4896186988762719
0.4683874726192989
0.45922318787967775
0.4679289716479688
0.49886383370458737
0.5531647406407221
0.6267546039859133
0.7085572577875745
0.7796039405608683
0.814045073709266
0.7834825971466253
0.6665181367705447
0.4659771914838208
-0.5118236038737998
-0.4727128279465024
-0.3768182950833157
-0.270537432158132
-0.17080722304946674
-0.08044108220593994
0.002927348650979059
0.08221130017033691
0.15896937690445392
0.23307838921734084
0.3031719577208995
0.36731729061956586
0.4236222909750477
0.47063005977607597
0.507474275653425
0.533843206957655
0.5498386005558943
0.5558247479443071
0.5523490069544859
0.5401843102946529
0.5205030742500784
0.4951467859112836
0.4669127491432343
0.43974536199361225
0.4187002352031974
0.40955179676618825
0.41794511493273984
0.44805686548989887
0.500835022440272
0.5720383181599654
0.6505011535983866
0.7173137949221998
0.7469377240438765
0.7116782705516642
0.5914174955122531
0.3910760772896739
-0.5641083019803571
-0.5274651549249306
-0.43150161811455723
-0.32382637343161186
-0.22219167653727995
-0.12992475724534788
-0.044950774014380995
0.03550943360277884
0.11298606635333533
0.18739312243658598
0.25743717075290645
0.3212730211665059
0.3770969092685239
0.4235327395286965
0.45978340079720076
0.4855935357031691
0.5011087644325788
0.5067255874955343
0.503012375251196
0.490751347987549
0.47111061309266045
0.4459105091438341
0.4179060644209407
0.3909736632599811
0.37007138164241715
0.3608452573047952
0.3687843532914752
0.3978922111006693
0.4489475242302884
0.5175789488550854
0.5925842594000787
0.6551889067570237
0.6802697996605874
0.6409731591386661
0.5186369458167535
0.32049498402923415
-0.6120848617788794
-0.5784970082552466
-0.4833263110667277
-0.37518077330397837
-0.2724955519232626
-0.17903837370533351
-0.09299484046771964
-0.01171750878518385
0.06627969362258397
0.1409222878350557
0.21096017406600284
0.27460636725117693
0.3301189271340091
0.37618039390036895
0.4120455434803462
0.43750271480310987
0.4527326883999533
0.4581584656404556
0.4543656643970654
0.442142963904161
0.4226514528485377
0.39768721413913627
0.3699593711944436
0.3432724777961736
0.32248391042736296
0.3131101723817043
0.32048709663857466
0.34845419338460726
0.39763918196759496
0.4635714298318051
0.5350589464452198
0.5935291022286073
0.6143647148734592
0.5716709220305006
0.44839069400252185
0.25425428662440064
-0.655567877553028
-0.6255314082413145
-0.5319532247388861
-0.4242258748331318
-0.32133129423477824
-0.2274001947148786
-0.14084328230676307
-0.05913841927905963
0.019144264840974375
0.09391926599345028
0.16395271643153617
0.22748834695952128
0.2828208639096924
0.3286700992894254
0.36432580646588064
0.38960746038248756
0.40472223445881933
0.41011381985328366
0.4063812805060952
0.39431705316804594
0.37507285929844747
0.3504180491230871
0.3230131011199176
0.29658800658628004
0.2758974325765462
0.2663282312229614
0.2730664031049564
0.29979638075310133
0.3470118294029632
0.4101704195912296
0.4781315639513526
0.5325822824584636
0.5494885202331888
0.504013743681083
0.380829838058491
0.19231357635646198
-0.6946164559428959
-0.6685108026315618
-0.5772376836176488
-0.4707574664840113
-0.36845961882581374
-0.2747565342137818
-0.18824463333919605
-0.10651667847551977
-0.028207367758015377
0.04656748309250872
0.11656586393234578
0.18003688545242197
0.23528831737820236
0.2810570266993565
0.3166514956971179
0.3419101124982845
0.3570578039660926
0.36255317577953644
0.3590049913939132
0.3472069140562376
0.32829930800949847
0.30402290029930945
0.2769875970351532
0.25084708139591044
0.2302523489455223
0.22046141277923764
0.22651439049375854
0.25194942080550714
0.2971417036699983
0.3575017678217137
0.4219761975977318
0.4725608505694734
0.4858694227250767
0.43820542255990663
0.316069553284356
0.1346035272861585
-0.7294954032228389
-0.7075650463664991
-0.6192032649140502
-0.5147205758732635
-0.41377233598570984
-0.3209680216553827
-0.23504662921579708
-0.15370156301858848
-0.07563676611096255
-0.0010143107222883785
0.06889415043801338
0.13232011979821834
0.18756266026440274
0.2333567283599366
0.2690141625420249
0.29438057124369876
0.30969028407031224
0.31541120400997297
0.31215818233721193
0.3007237849383899
0.2822353829056411
0.2584037352733577
0.23178699154714222
0.20596168003956983
0.18547511881983392
0.17545814314517708
0.18080944041074293
0.2049294747709193
0.24808932248917714
0.30567407960464404
0.3667481995019853
0.413657523276389
0.42371623423738425
0.3744328533336297
0.2542140485455437
0.08105481222340934
-0.7606327262727326
-0.7429757771199226
-0.6580120797083836
-0.5561847910664219
-0.457271943052143
-0.3659927845103149
-0.2811823818050632
-0.2006168884209277
-0.1230705626514132
-0.048764318299797466
0.020982017038180836
0.08436184199584283
0.13964573004346345
0.18554927914094882
0.22137336868992158
0.24695982929581017
0.26254446940608356
0.2685991345856715
0.26574135386467673
0.2547605070865119
0.23676968133637255
0.21344882718030794
0.18730383043384174
0.16183403634595628
0.14148395426906038
0.1312596859281242
0.1359234131422813
0.15874640512966373
0.19990881518085393
0.25478938535790124
0.31259641980416847
0.3560593760751293
0.36323451346144936
0.3128845814130247
0.19537788372596498
0.03162256896350937
-0.7885753312340555
-0.7751388910374317
-0.6939330950157889
-0.5953175962353664
-0.4990492320061136
-0.4098676704830347
-0.3266546365081319
-0.2472477933982238
-0.17048932887732643
-0.09666826483506542
-0.027168128224961986
0.03614846964142657
0.09150594973639559
0.13758474918358826
0.17366167980797723
0.19956462804193167
0.21552349896690326
0.2220090741052085
0.21963840398014228
0.20919584627502502
0.19177924248256145
0.16903735408487292
0.14342390738155641
0.11836177792791995
0.09819433499794435
0.08780611738632725
0.0918281780509699
0.11341097041127678
0.15265590739844465
0.2049520594413239
0.25967322330524245
0.2999591439211758
0.3046393598886536
0.25376532404757046
0.13970247723147058
-0.013694820122380292
-0.813944667182604
-0.8045267016287807
-0.7273099282051101
-0.6323570140250787
-0.5392600778438938
-0.45268855930056445
-0.37151905814550357
-0.2936265179168788
-0.21791542531365693
-0.1447489556977104
-0.07558686290172704
-0.012363033984148375
0.04308534708280332
0.08938951242059345
0.12579042198983031
0.1520927931691678
0.16851387879495072
0.17551880413939597
0.17372127531405854
0.1638990495925527
0.1471340659917712
0.12504392597398353
0.10003084317298389
0.07544260144570657
0.05552382614622724
0.04504133815162332
0.04850087767857286
0.0689404091556278
0.10639390319860659
0.15627529091530312
0.20814155318051716
0.24556299701305564
0.24816403659265404
0.19730559161649894
0.08736689445202825
-0.05484358626531608
-0.8373938948224822
-0.8316512130229352
-0.7585294078900787
-0.6675847229537936
-0.5781024611390891
-0.49459071304869123
-0.41586740001500705
-0.3398179448298024
-0.26540052726042973
-0.19305545047201125
-0.12432828445584042
-0.06123680967558965
-0.0056930045449353804
0.04087294979689288
0.07765578848115043
0.10442885951144222
0.12139071663890075
0.1289966979197184
0.12785460985374508
0.11873428108043739
0.10270136111373311
0.08134267237021833
0.05701003162505448
0.03297809385733863
0.013395791060679167
0.0029166948355827905
0.0059274782875631295
0.025361943768495567
0.06119717215846
0.10888459053092413
0.15817850201543315
0.1930942283087768
0.1940638354277081
0.14376580078348203
0.038592288330579025
-0.09170971776126852
-0.8595679678117717
-0.8570297623472315
-0.7879920337655363
-0.7013006701800789
-0.6157946427276686
-0.5357299899153538
-0.4598112968242146
-0.38590557015265686
-0.3130134238225279
-0.24165239083256884
-0.173460611385554
-0.11054976119812909
-0.05491752348606089
-0.008065819562535378
0.029144957546491004
0.05644966841788428
0.07402286943602891
0.08230646935291219
0.08190013451576733
0.07356466509789218
0.0583492577090636
0.03781062165992945
0.01425168074967902
-0.0091235764220359
-0.028258283109729002
-0.038607077809476635
-0.03589569036457269
-0.017286101098247957
0.017151828130171652
0.06291801303727258
0.10997506269065938
0.1427925201005634
0.14261484853477735
0.09343454215189999
-0.006360343989415825
-0.12412172041048573
-0.8810678024696554
-0.8811540904452095
-0.8160852874830217
-0.7338000336148599
-0.6525552549706722
-0.5762656044546985
-0.5034672910406912
-0.43197844531401824
-0.36082857429397097
-0.2906099136059233
-0.22305723590029206
-0.16038356719373392
-0.10468094369788421
-0.05753145686239212
-0.01985802995224528
0.008029708335401247
0.026277792772267796
0.03531155872544165
0.03572059429450856
0.028255764089337304
0.013949813730360612
-0.0056697869481648865
-0.028347204826194496
-0.0509462480798514
-0.06949799266207486
-0.0795597358428777
-0.07696254324047133
-0.058955697559260986
-0.025646525710055844
0.018522977718016028
0.06373195237524956
0.09490869575577049
0.09410756802586376
0.04662094337810284
-0.04719912465798703
-0.15186100418522325
-0.9024194858882074
-0.9044636911021837
-0.8431605531500332
-0.765353208236411
-0.6885859081738674
-0.6163449637088977
-0.5469435593806362
-0.4781195016981755
-0.4089157816173128
-0.33999446353346235
-0.27318850244473325
-0.210817284737975
-0.1550736323711267
-0.10762635122766805
-0.06946678826357039
-0.04095393491408457
-0.021974022237175244
-0.012120942602622059
-0.010816849550961728
-0.017321577904735333
-0.03061873647614102
-0.04920910194036674
-0.07088193079280183
-0.09256565294118947
-0.11037476156079651
-0.11996321552203656
-0.11725996914589104
-0.09959298541313091
-0.06709791920895204
-0.024150222885398257
0.01965162646994062
0.049695103998795884
0.04883549581307382
0.003641348770728579
-0.08361671378383961
-0.17467958192127253
-0.9240492384803486
-0.9273240720039961
-0.8695142049962806
-0.796189305182513
-0.7240567380714789
-0.6560909483188884
-0.5903286572712481
-0.5243955290892677
-0.45733121295849644
-0.38986069845491694
-0.3239143713049509
-0.2619206737229266
-0.20617750338475344
-0.15844507406451344
-0.11978755518113683
-0.09061705313547054
-0.0708550405240768
-0.06011682625521835
-0.05783773642489184
-0.06328898869667104
-0.07547043802871126
-0.09291009506474818
-0.11344021651350455
-0.13405048554278814
-0.15093398577093606
-0.15983497100932617
-0.15677249065564322
-0.13914439371865187
-0.10710574903159797
-0.06495793144322524
-0.02207317982297063
0.007392021259623958
0.007079202161663439
-0.035199187375700686
-0.1153116213271185
-0.19232444695717302
-0.946264610338933
-0.9500103414131733
-0.8953732167788778
-0.8264834643469263
-0.7590951464128881
-0.6955918467202686
-0.6336824497750668
-0.5708489408207645
-0.5061098680296885
-0.4402445584753059
-0.37527801248069975
-0.31374826315135296
-0.25806052545571534
-0.21006931827498787
-0.17091456956436116
-0.14106415531178554
-0.12047702350742345
-0.10879166100745295
-0.10545782015004117
-0.10975877941930598
-0.12071061451512084
-0.13686764903289655
-0.1561030837482025
-0.17546441639645854
-0.1912183059981465
-0.19919265336525727
-0.19548850859520167
-0.17756462327438066
-0.1455866859352224
-0.10377516019796706
-0.06127383214199622
-0.031789312951285884
-0.030913480924788485
-0.06962982969544626
-0.14201456312127475
-0.2045676879587735
-0.9692421570614257
-0.9726963186086295
-0.9208854481972232
-0.8563480973975599
-0.7937778172273974
-0.7348939942572978
-0.6770292532562593
-0.6174913251354911
-0.5552594722578242
-0.49115745576194
-0.42730026756473216
-0.36633407931178535
-0.310771727905435
-0.2625632085123196
-0.22292572729798146
-0.19238452371509698
-0.17093755214452924
-0.1582478612148047
-0.1537807723659997
-0.15683238333861782
-0.16643515341700574
-0.18116901160043133
-0.1989462125733114
-0.21686869455943397
-0.23127161403358132
-0.23805969098791238
-0.23340764117001822
-0.21482594458491985
-0.18248214874463298
-0.1405094768164825
-0.09782235112531348
-0.0676861975653111
-0.06495021253451609
-0.09944029717950335
-0.16351874018927587
-0.21124110626643347
-0.9930216155105416
-0.9954491591005223
-0.946114573557895
-0.8858280039619215
-0.8281259318834615
-0.77399702315685
-0.7203530785998404
-0.6642986600690903
-0.6047556598354515
-0.5425814385426183
-0.47997482213473464
-0.41968686726350873
-0.3643365239734976
-0.31596879007565154
-0.2758783097141746
-0.24464826537046952
-0.2223164940905734
-0.20857167122927747
-0.20289579463524474
-0.2045987151171043
-0.21272974139091014
-0.2258940456746973
-0.24204135582637198
-0.2583248875770038
-0.2711432921529845
-0.27647121656764934
-0.2705485422560447
-0.2509281286857618
-0.21777058826234277
-0.17511590341990818
-0.13164921240654764
-0.10020548309986525
-0.0949187103810758
-0.12450935831641853
-0.17971266980255515
-0.21227382958833563
-1.0175063889342242
-1.018229293101588
-0.9710394427708549
-0.9148991447921051
-0.8621033622057199
-0.812851499385877
-0.7635947496658141
-0.7112079636845855
-0.6545382167035287
-0.5944650972420382
-0.5332638537366942
-0.4737855666955265
-0.4187521071604141
-0.37030144436552925
-0.3298045224485177
-0.29790208409398866
-0.2746721242260498
-0.2598297554782786
-0.25287480531586315
-0.2531320885258852
-0.25966865448804244
-0.2711150423497328
-0.28545733511653903
-0.29989723189196565
-0.31089210221899133
-0.31447969385080776
-0.3069564814692257
-0.28590821503683705
-0.2514796987733324
-0.20761185134758958
-0.16276131093546234
-0.12934490146882563
-0.12081181485456138
-0.14483403433300432
-0.19061397263411334
-0.20773117133649746
-1.0424699595590405
-1.0408953033108672
-0.9955575100711236
-0.9434707176273464
-0.8956174982663233
-0.8513586140710053
-0.8066505754716952
-0.7581150683081203
-0.7045080812037016
-0.6467199181012643
-0.587093866520796
-0.528574756634862
-0.47398263577611177
-0.42554494365418194
-0.3847065515263973
-0.35216446999821394
-0.3280365811855251
-0.31206505781196603
-0.3037688406004107
-0.30248930220915404
-0.307312677120013
-0.3168956284679652
-0.32926010097017805
-0.34165402002655104
-0.35058908688442847
-0.35215953464710087
-0.3427098960193466
-0.3198492371837316
-0.2836975792489122
-0.2380910054659675
-0.19125888503101493
-0.15521337894225357
-0.1427515762173259
-0.16055788596269102
-0.19640232848074723
-0.19785277296300405
-1.0675676807999661
-1.0632132213455694
-1.0194918372455544
-0.9713900698176483
-0.9285222716270534
-0.8893715159879362
-0.8493721869494917
-0.8048731521466421
-0.754524756100847
-0.6992167556754723
-0.6413513985829442
-0.5839597662676586
-0.5299539103095493
-0.4816458528685446
-0.440550842780034
-0.407420005876175
-0.38241034710753696
-0.3652915992344567
-0.35560331440774157
-0.35270550702420345
-0.3557057249841614
-0.3632882980556812
-0.37351133262416564
-0.38366743783613205
-0.39031882519284855
-0.3896099681731284
-0.37792508662520635
-0.352886978625453
-0.3145818064169147
-0.2667349990734961
-0.21735010884624928
-0.17804889689686765
-0.16101077347034382
-0.171996623664004
-0.19744965897399097
-0.18308789290297733
-1.092353266197332
-1.0848696067428143
-1.042601081202855
-0.9984499021576758
-0.9606228713761183
-0.9266978232318978
-0.8915671146175066
-0.8512916399078021
-0.8044037755159176
-0.75178209589866
-0.6958782976672252
-0.6398011669020495
-0.586547273018148
-0.5385070167395569
-0.497261346078686
-0.46361252883873844
-0.4377554792250202
-0.419487925824184
-0.4083718246494039
-0.40378851031437857
-0.4048697868501047
-0.4103301333757413
-0.4182650849388265
-0.4260112915107777
-0.430178404521238
-0.42695543659960566
-0.4127582325242035
-0.3852138239192287
-0.344365363147045
-0.29382168927876484
-0.24136201714960323
-0.19823240547738055
-0.17603019800299297
-0.17965918876088685
-0.1943454850657285
-0.16412557576879544
-1.1162991936988649
-1.1054876939454001
-1.0645918160573031
-1.0243971764067141
-0.9916816248789155
-0.963102842159141
-0.9329996877438984
-0.8971351013912645
-0.853913899624916
-0.8041938215412172
-0.7504663106977341
-0.6959084184452722
-0.6435925248641534
-0.595979942639141
-0.5547115429164127
-0.5206369665904532
-0.4939874057289029
-0.4745890041194412
-0.462028279374946
-0.4557112578215837
-0.4547978836794327
-0.45803636198685094
-0.463562066478332
-0.4687561353611956
-0.47027353580938475
-0.4643428481630445
-0.4474039494506786
-0.4170788090966884
-0.373358393701218
-0.31972885874165174
-0.26374642910603024
-0.21629628368828807
-0.18843000801374887
-0.18426240918096634
-0.18791534546294608
-0.14191735486726254
-1.1388201875519932
-1.1246458566854032
-1.0851325231031461
-1.0489431402384835
-1.021424533346008
-0.9983130556439015
-0.9733918841583744
-0.9421218390795798
-0.9027737843727943
-0.8561762774677195
-0.8048508282326957
-0.7520325482895763
-0.7008597671991936
-0.6538560083069834
-0.6127152002435955
-0.5783297963864138
-0.5509652301650603
-0.5304764950973264
-0.5164772510318042
-0.5084023684099525
-0.5054448766036364
-0.5063915266945387
-0.5094212595994312
-0.5119614333703446
-0.5107113549713655
-0.5019351280143356
-0.4820897149843138
-0.4487830665625136
-0.401944837919718
-0.34493223846713206
-0.2850795936744311
-0.23292588135662928
-0.19901348645251052
-0.186737343927941
-0.17923015519761493
-0.1176901155288948
-1.1592989314593287
-1.1418976512867667
-1.1038686137381208
-1.0717739334746377
-1.0495480197147193
-1.0320195262260259
-1.012423858391284
-0.985921968126293
-0.9506479985217569
-0.9073945697286832
-0.8587037719703756
-0.807857896802722
-0.758050240018745
-0.7118565950634246
-0.6710159706508303
-0.6364582566178298
-0.6084806740672422
-0.5869675257085066
-0.5715626561559333
-0.5617347859535756
-0.5567161434219549
-0.5553382312254261
-0.5558287760001549
-0.55566456562163
-0.5515896258876102
-0.5399006727075549
-0.517065643483164
-0.48067000839680946
-0.43057313495561134
-0.36999687352888466
-0.3060543939258571
-0.24895277944914684
-0.20876162148767177
-0.18822550074067163
-0.16960443675252304
-0.09294678174624388
-1.1771132113793037
-1.1567927662237445
-1.1204379361514472
-1.092561344008435
-1.0757255685436418
-1.0638809984321027
-1.0497340298863078
-1.0281549604196836
-0.9971424417024647
-0.9574482257918415
-0.9116258174854115
-0.8629931772998554
-0.8147864507755728
-0.7696224766129707
-0.7292761947173914
-0.6947086817274926
-0.6662460321864707
-0.6438023243470181
-0.6270551068395681
-0.6155128622393686
-0.6084543921014683
-0.6047636714539798
-0.6027240852092168
-0.5998667306296805
-0.5929822950315896
-0.5783985424829322
-0.5525893135160382
-0.5131098039866502
-0.45974038933259925
-0.39556104477568366
-0.32746412663038005
-0.26533857099281893
-0.2188170798432093
-0.19006324716480696
-0.16058147522280178
-0.06945258981731686
-1.191663790024604
-1.168898330396641
-1.1344863620246164
-1.1109734464208998
-1.0996141202325787
-1.093526684038091
-1.0849188282444924
-1.0683868541930184
-1.0417994603645746
-1.0058645987363883
-0.9631384110365678
-0.9169623750348919
-0.870602173256036
-0.8267030867657834
-0.7870655611218283
-0.752674636358697
-0.7238818241513493
-0.700631399234322
-0.6826385949030893
-0.669458500151809
-0.6604251948670142
-0.6544844756603027
-0.6499840645448456
-0.6445161019008366
-0.6349216501939642
-0.6175595218688763
-0.5889056398965917
-0.5464779887710794
-0.48996966348602683
-0.4223122203382988
-0.3501771224599861
-0.2831482009364414
-0.23045636538351438
-0.1937529420935108
-0.15390363947642674
-0.04920488568095276
-1.202402483324244
-1.177820222620432
-1.1456832602029103
-1.126685086531438
-1.1208603305046225
-1.1205589799046372
-1.1175324744141526
-1.1061276275570346
-1.0840932692304523
-1.052092721598158
-1.012676374163032
-0.9691963549917747
-0.9249332504860375
-0.8825466519425346
-0.8438506495799607
-0.8098458998930786
-0.7809052062842884
-0.7570033220806076
-0.7378975554294406
-0.7231973733399979
-0.7123022134589708
-0.7042307631992432
-0.6974057027392464
-0.68948897733825
-0.6773777115295885
-0.6574635492198108
-0.6262221456971584
-0.5811283961978571
-0.521780407153634
-0.4509548467088604
-0.37510179671096106
-0.303512215303422
-0.24504925364709274
-0.2009195983226888
-0.15146637878566246
-0.03438463301418093
-1.2088601474710887
-1.1832242853660058
-1.1537369458824185
-1.1393884766088624
-1.1391071263227395
-1.1445567058581432
-1.1470875310437254
-1.140829603948152
-1.1234266696434267
-1.0954987148654525
-1.0595822984768828
-1.0190264676797673
-0.9771105646449585
-0.9364926117818675
-0.8989868264261832
-0.8655998034347838
-0.8367206632064614
-0.8123546391544794
-0.7923058188025593
-0.7762467026198767
-0.7636535506132085
-0.7536307947157496
-0.744688751312474
-0.7345701189814758
-0.7202359378696911
-0.6981144652199537
-0.6646804325847095
-0.6173610403600662
-0.5556524606124283
-0.4821702059089424
-0.4031421261625466
-0.32757766352281104
-0.26400497324513916
-0.21325225241351645
-0.15525475453598556
-0.02728815253766627
-1.2106745992763275
-1.1848576824486778
-1.1584105519219987
-1.1488045442977555
-1.1540013868610042
-1.1650798655117567
-1.1730573874636119
-1.1718882054172264
-1.1591305186701157
-1.135364325984798
-1.103104421164812
-1.065681941342785
-1.0263570461266862
-0.9877682691399211
-0.9517144882881647
-0.9191969534510177
-0.8906150363898996
-0.8660039736452559
-0.8452195052263717
-0.8280066161360257
-0.8139312103801373
-0.8021981342495753
-0.7914201634877143
-0.7794340236332421
-0.7632748705134209
-0.7394135647186403
-0.7043251760748824
-0.6553860978068758
-0.5919845814113889
-0.5165690683975889
-0.4351440401597736
-0.3564478784873647
-0.28870507274796786
-0.23242967176177445
-0.16726180497983859
-0.030238034944969634
-1.2076188879959904
-1.1825710587246867
-1.1595392090326508
-1.1546961390895887
-1.1652040584111014
-1.18167743152139
-1.194882360558973
-1.1986469015290693
-1.1904679495657993
-1.1708907402438622
-1.1424002448331847
-1.1082934335813346
-1.071791188797481
-1.0354922148585657
-1.0011622614233064
-0.9697839952829141
-0.9417595715591444
-0.9171530125407441
-0.8958765484886736
-0.8777577553989164
-0.8624662861493936
-0.8493238798347218
-0.8370627955694536
-0.823629497777254
-0.8061459661403649
-0.7811340611209254
-0.7450725914434165
-0.6952857493059116
-0.631049048527131
-0.5546384664967199
-0.4718337988378867
-0.3911119322747845
-0.32042347248194847
-0.26003057583996486
-0.1893885731904872
-0.045472686035034696
-1.1996308191831078
-1.1763426655344345
-1.1570499494188655
-1.1568847489886709
-1.1724045807784584
-1.1939002441532307
-1.2119816977389213
-1.2204088230030998
-1.2166459808430865
-1.2012104531557202
-1.1765488290676447
-1.1459057909574413
-1.112440224761437
-1.0786877684837501
-1.0463604684883083
-1.0164067811963862
-0.989222384407865
-0.964897793768108
-0.9434062620752787
-0.9246685183253234
-0.908473225783845
-0.8942772501159848
-0.8809515758573344
-0.8665706384310766
-0.8483585956691652
-0.8228992935386197
-0.7866810316681381
-0.7369763514753876
-0.67294459937178
-0.5966846058293956
-0.5137501141942787
-0.43236523718170555
-0.36023486015249206
-0.29742919470510765
-0.2233262599865487
-0.07501457858577004
-1.1868452060527632
-1.1663062142215723
-1.1509863695480926
-1.1552730224903374
-1.1753421654099414
-1.2013217938015617
-1.2237744678991802
-1.236458225700882
-1.2368378832978353
-1.2254107410751651
-1.2045754410323168
-1.177503837308628
-1.1472668951563252
-1.116310469238245
-1.0862689764014497
-1.0580381171507744
-1.0319955600783908
-1.0082545306569244
-0.986853186234689
-0.9678161589424451
-0.9510673536919041
-0.9362186456772335
-0.9223011769422307
-0.9075381508078529
-0.8892740124276125
-0.8641683296121628
-0.8287271964994192
-0.780174219802988
-0.7175507594097029
-0.6427747281768958
-0.5611725560618822
-0.48072353736017476
-0.40891335299539877
-0.3456777386529676
-0.270421700241411
-0.12051800686019208
-1.1696309969268528
-1.1527849171605007
-1.141540807706284
-1.1498761327034692
-1.1738372277971374
-1.2035704398396625
-1.2297131263156467
-1.2460958077576136
-1.2502205075430126
-1.2425731148344492
-1.2254931142048036
-1.2020558858371297
-1.1752146392662262
-1.1472945475946914
-1.1198244441313423
-1.093625175624282
-1.069042021854837
-1.046205136482285
-1.0252203848429098
-1.0062268970707022
-0.9893007655811451
-0.974230240804175
-0.960230164227839
-0.9456958694805223
-0.9281130264971255
-0.9042335469434456
-0.8705923571734179
-0.8243692242260509
-0.7644875368930051
-0.6926816438640397
-0.6140496805461982
-0.5363334215137796
-0.4668242228400991
-0.40537821394896795
-0.3315282082638554
-0.18309797198619004
-1.1486362041514688
-1.1363349769418372
-1.1290976164599917
-1.1408658670119558
-1.167837144216288
-1.2003775055126764
-1.2293344453959634
-1.2486928061623632
-1.2560317144815074
-1.2518340962932555
-1.238366633532198
-1.2185806521656812
-1.19527701815314
-1.170624312355793
-1.1460130033064881
-1.1221626842499464
-1.099368334143949
-1.0777686475324604
-1.0575384015223734
-1.0389412356767782
-1.0222227586395642
-1.0073702098889454
-0.9938076423414123
-0.9801283977528137
-0.96398316814994
-0.9422358190344113
-0.9114640399909423
-0.8688114317644823
-0.8130854820054185
-0.7458356708792501
-0.6719313287570623
-0.598883487405954
-0.533812469644506
-0.4765469964776349
-0.4068448014379143
-0.26314277539695036
-1.1248444460528408
-1.1178026952967155
-1.1142920446893816
-1.128632282680785
-1.1574814811986642
-1.191646687090218
-1.222333520755807
-1.2437698345166455
-1.2536541033134219
-1.2524737254564584
-1.2424055475008506
-1.2262443410619837
-1.2065982966783113
-1.1854375068293301
-1.163975533087633
-1.1427991372848552
-1.1221307496625677
-1.1021058944207647
-1.0829672410289395
-1.0651118442878178
-1.0489721235840428
-1.0347578582254944
-1.022129587341817
-1.009906945743253
-0.9959322875112286
-0.977204093106596
-0.9503597695860733
-0.9125171832745834
-0.8623722561109565
-0.8012898570271125
-0.7339106742965233
-0.6675214099567264
-0.6090931393330533
-0.5584766735268367
-0.4957478966412606
-0.3601139686620715
-1.0996479146185447
-1.0984003995866547
-1.0980902940822883
-1.1138688418724785
-1.1431929408740615
-1.1775513307887338
-1.2086676967766405
-1.2311075766433728
-1.2427324017226817
-1.2440393918239157
-1.2370940084391893
-1.224495894030936
-1.2086133348058974
-1.191168926087001
-1.1731539393801653
-1.154984534659051
-1.136783076417334
-1.118666043825449
-1.1009400200371016
-1.0841426494803836
-1.068909910999293
-1.0556982151439784
-1.0444333419023826
-1.0341917368822866
-1.0230368255513054
-1.008127432783311
-0.986180754803325
-0.9543022688292374
-0.9110831284380901
-0.8577056260972028
-0.7985828545563848
-0.7407834120570611
-0.6911495187375021
-0.6496008893607659
-0.596620786723538
-0.47233850698009583
-1.0749427032596475
-1.0798075318472475
-1.0818974864877773
-1.0976881342494003
-1.1258014820958222
-1.158667368649793
-1.1886985132428793
-1.210897726778836
-1.2233331764224413
-1.2265138934996982
-1.2223665674191118
-1.2132497240574702
-1.2012362910574423
-1.1877439510184842
-1.1734882227873067
-1.1586695371296398
-1.1432763321514403
-1.1273850320952767
-1.1113583367265156
-1.0958791836044084
-1.0818026982653646
-1.0698560638898542
-1.0602601685406787
-1.052380770708993
-1.0445344088456614
-1.034069013949475
-1.0178048122906687
-0.9928512741282137
-0.9577042199927959
-0.9133673849143324
-0.864028409033623
-0.8165440165124045
-0.7776467097049108
-0.7473692883372786
-0.706687550118846
-0.5967992859419878
-1.0532536768271679
-1.0643045190511151
-1.06770157691904
-1.0817766172973968
-1.1067104216388226
-1.1361510702211848
-1.163381160449187
-1.183943971859866
-1.1961569448593783
-1.2005380669044536
-1.1988405049879132
-1.1931267330539823
-1.1851091235159468
-1.1758331495361993
-1.1656756253171157
-1.154567441500677
-1.1423216780455387
-1.1289474438025004
-1.1148509466032994
-1.1008617861735035
-1.0880679307382226
-1.0774909329696254
-1.069677308087965
-1.0643162826332961
-1.0600119728333892
-1.054333112764803
-1.044229370798837
-1.026833714302325
-1.0005588533852063
-0.966236160812673
-0.9278312731896626
-0.8919954743397571
-0.8653695915993356
-0.8481411456913426
-0.8218595310914246
-0.7289317125127617
-1.0378974456234356
-1.0549484490495422
-1.0582626778705353
-1.0685982593170542
-1.088114797362984
-1.1119722661334897
-1.1345124499137362
-1.1519243505171475
-1.1628143261841264
-1.1676999043045393
-1.1681168692499997
-1.1657660126254543
-1.1619224924637996
-1.1571807264525358
-1.1515047883580392
-1.144492032560956
-1.1357297851958705
-1.1251250579598358
-1.113109008377869
-1.1006549343492429
-1.0890945973066153
-1.079766263460865
-1.0735726825381837
-1.0705619343027406
-1.0696623111581791
-1.0686978163946952
-1.064777088355491
-1.055079257097392
-1.0379490481753784
-1.0140540141500696
-0.9871427444609018
-0.963667924586123
-0.9501958320839561
-0.9471079163376044
-0.936604156770279
-0.8624355771155199
-1.0331935220660982
-1.055801120163107
-1.0573588295736678
-1.0616585632910742
-1.0732838916543888
-1.089215338096314
-1.105049967131135
-1.11772800240449
-1.126179567189344
-1.1309037913957902
-1.1331641241262944
-1.1342213752130113
-1.134823429179962
-1.1350213768404716
-1.1342796394293775
-1.1317861639405182
-1.1268415923529278
-1.119207097844312
-1.1093129840679088
-1.0982678052689616
-1.0876543315999638
-1.0791478016197507
-1.0740372187906253
-1.0727656069802474
-1.0746237876911091
-1.0777280251403634
-1.0793784505566901
-1.0768261703090136
-1.068366029894423
-1.0545127935497987
-1.0388046534735786
-1.0275031495110856
-1.027116405828981
-1.0382567217420031
-1.043847635618353
-0.9891132598390715
-1.0447353985301446
-1.0722217192203738
-1.0701009634594187
-1.0658421871504864
-1.0669215742948812
-1.0724620530561144
-1.0795168772500796
-1.0858811460332893
-1.0908366223989066
-1.0948353584588402
-1.098800188549949
-1.1034587561134492
-1.108926043219225
-1.114602018701079
-1.1193496582952769
-1.1218578640931114
-1.1210673671890319
-1.116539182789161
-1.1086682474010885
-1.0986831492148263
-1.0884200115669673
-1.0799082516155727
-1.0748517582023558
-1.0741246605015338
-1.0774199386114636
-1.0831853048960594
-1.0889477067882631
-1.0920591140876152
-1.090785602678573
-1.0855027782257027
-1.079546943926574
-1.078996751983206
-1.0903180352485222
-1.1143887396756098
-1.1349250159049205
-1.0987472257280313
-1.079735093312301
-1.1112382185907157
-1.1033316680260876
-1.0878392629292042
-1.0756200347694715
-1.0682722528622466
-1.0645088097661324
-1.0630790989419174
-1.0636349624619852
-1.0665394517374385
-1.072290677510184
-1.0809725728988118
-1.091943601250654
-1.1038269550979791
-1.1147652598042206
-1.122842861676489
-1.1265530915737156
-1.1251900975157536
-1.1190685796578115
-1.1095136843969946
-1.0986110674835463
-1.0887573649789797
-1.0820976618967273
-1.0799726675385004
-1.0825178400614166
-1.0885532968372984
-1.0958706478566433
-1.1019545429456972
-1.1050663760661779
-1.1054588876135627
-1.106276994581719
-1.11342570487935
-1.1333440821270806
-1.1672085670938408
-1.1995931777069297
-1.1790318474527433
-1.1474566742326355
-1.1820135730231716
-1.1661243831258887
-1.1366775595163818
-1.108424540499637
-1.0857805003799073
-1.069321359879955
-1.0588432864121124
-1.0543744370649142
-1.0561309022817262
-1.0640833438325608
-1.0775413329768666
-1.0949625298440755
-1.1140472491799824
-1.1320792768811199
-1.1464146823260335
-1.1549954595723573
-1.1567677721816119
-1.1519090179203284
-1.1418075170262256
-1.1287870072823099
-1.1156189469698288
-1.1049125290334312
-1.098508942648621
-1.0970264279931612
-1.0996997025503068
-1.1046250388731913
-1.1094542905762652
-1.1124711415518287
-1.1138244391973784
-1.1164803119431315
-1.1261805107487461
-1.1493526996541494
-1.1875028980818214
-1.2261245935568472
-1.2155768439970336
-1.2597563917113477
-1.2964249474886596
-1.270401825986442
-1.2243798367898384
-1.177529085190335
-1.1374290341688642
-1.1067190176864696
-1.086324479649042
-1.076640833322401
-1.0776601031455884
-1.0887010709841138
-1.108145148041117
-1.1333812780632275
-1.1610174932995156
-1.1873179380565335
-1.2087658918002173
-1.2226292107466379
-1.2274083099183128
-1.2230719728814279
-1.2110265499818267
-1.1938131340244342
-1.174578731151913
-1.156414920334138
-1.14169466354062
-1.1315584364935891
-1.1256983430501983
-1.122557000898513
-1.119990388533679
-1.1163341695682925
-1.1116549064845698
-1.1087546881156927
-1.1132236696099578
-1.1314935065441316
-1.1654293023720834
-1.201502126681399
-1.1920020469445034
